/*--------------------------------*- C++ -*----------------------------------*\
| =========                 |                                                 |
| \\      /  F ield         | OpenFOAM: The Open Source CFD Toolbox           |
|  \\    /   O peration     | Version:  v2006                                 |
|   \\  /    A nd           | Website:  www.openfoam.com                      |
|    \\/     M anipulation  |                                                 |
\*---------------------------------------------------------------------------*/
FoamFile
{
    version     2.0;
    format      ascii;
    class       volScalarField;
    location    "0";
    object      f;
}
// * * * * * * * * * * * * * * * * * * * * * * * * * * * * * * * * * * * * * //

dimensions      [0 0 0 0 0 0 0];


internalField   nonuniform List<scalar> 
2500
(
2.55591e-16
1.94423e-15
-3.04695e-15
-8.6058e-16
-7.4872e-15
-2.17778e-14
1.58651e-14
1.40615e-13
8.99251e-14
-9.39754e-13
-8.18505e-13
4.30166e-13
2.33997e-12
1.57005e-12
3.21755e-13
-1.73554e-12
-1.27602e-12
-5.15345e-13
-1.29967e-13
1.41355e-13
1.69783e-13
5.89022e-14
6.00365e-15
-7.53911e-15
-2.47247e-15
-4.65438e-16
-6.91484e-17
3.19003e-17
5.07946e-17
4.34838e-17
3.03005e-17
1.86156e-17
1.031e-17
5.15663e-18
2.3074e-18
9.01908e-19
2.89321e-19
5.98668e-20
-8.15961e-21
-1.88345e-20
-1.41949e-20
-8.22943e-21
-4.16416e-21
-1.92487e-21
-8.31139e-22
-3.39581e-22
-1.32378e-22
-4.95201e-23
-1.78511e-23
-7.78939e-24
2.92228e-15
1.2949e-14
-4.42273e-14
-8.41875e-14
-1.47667e-14
-2.33748e-14
-5.59385e-14
2.03984e-13
1.73345e-13
-1.73582e-12
1.14175e-13
1.51858e-11
1.21591e-11
2.07746e-12
-1.69872e-11
-1.13438e-11
-3.56937e-12
-8.78739e-13
2.67653e-12
2.23843e-12
7.06067e-13
7.32721e-14
-1.30517e-13
-4.20575e-14
-3.33941e-15
1.86866e-16
1.5395e-16
1.19716e-16
8.67795e-17
5.76454e-17
3.52848e-17
1.99583e-17
1.03188e-17
4.76356e-18
1.88775e-18
5.8526e-19
9.04911e-20
-4.96619e-20
-6.25197e-20
-4.35465e-20
-2.45992e-20
-1.23167e-20
-5.66924e-21
-2.44542e-21
-1.0001e-21
-3.90803e-22
-1.46719e-22
-5.31364e-23
-1.8622e-23
-7.88564e-24
7.28419e-14
3.13007e-14
-1.68339e-13
-3.82696e-13
2.07037e-13
3.37843e-12
-1.68807e-12
-6.3991e-12
6.09361e-12
2.16055e-11
8.90788e-11
7.34578e-11
2.83534e-11
-1.24591e-10
-8.9122e-11
-2.27295e-11
5.78564e-12
3.86217e-11
2.63171e-11
8.77128e-12
1.0089e-12
-1.86528e-12
-6.93679e-13
-7.05938e-14
3.56065e-15
1.40172e-15
4.99223e-16
2.68424e-16
1.67228e-16
1.02445e-16
5.9624e-17
3.26218e-17
1.63149e-17
7.1158e-18
2.49879e-18
5.40568e-19
-1.02235e-19
-2.12742e-19
-1.64113e-19
-9.76752e-20
-5.06244e-20
-2.39142e-20
-1.05354e-20
-4.38777e-21
-1.743e-21
-6.64513e-22
-2.44252e-22
-8.68542e-23
-2.99582e-23
-1.24766e-23
3.04405e-13
-3.92695e-13
-6.09374e-13
-7.01052e-13
1.56806e-12
2.07156e-11
-5.1281e-12
-6.39171e-11
9.94463e-11
5.41928e-10
4.68847e-10
1.67141e-10
-6.03272e-10
-6.61826e-10
-1.89949e-10
2.87869e-10
5.06236e-10
2.70751e-10
8.96278e-11
1.43311e-11
-2.37605e-11
-9.93647e-12
-1.17771e-12
4.62934e-14
1.94054e-14
3.31653e-15
7.47687e-16
4.34769e-16
2.78053e-16
1.65396e-16
9.3333e-17
5.02256e-17
2.455e-17
9.97696e-18
2.82368e-18
5.24443e-20
-6.34879e-19
-5.76487e-19
-3.67236e-19
-1.97986e-19
-9.60481e-20
-4.31649e-20
-1.82706e-20
-7.36086e-21
-2.843e-21
-1.05814e-21
-3.80976e-22
-1.33081e-22
-4.52048e-23
-1.85325e-23
5.35017e-13
-1.69343e-12
-1.5576e-12
1.12985e-11
7.4341e-12
4.95377e-11
-8.64394e-12
-1.80635e-10
2.96765e-10
2.19212e-09
1.45274e-09
-3.08968e-09
-5.15838e-09
-1.55369e-09
1.8773e-09
4.01693e-09
2.27111e-09
7.3399e-10
1.49859e-10
-2.93765e-10
-1.30595e-10
-1.79255e-11
4.89179e-13
2.54272e-13
5.21988e-14
3.04602e-15
4.98291e-16
5.87715e-16
4.30278e-16
2.46751e-16
1.34897e-16
7.3067e-17
3.56047e-17
1.31136e-17
2.19023e-18
-1.46954e-18
-1.86025e-18
-1.30907e-18
-7.40194e-19
-3.68866e-19
-1.68602e-19
-7.22237e-20
-2.93775e-20
-1.1445e-20
-4.29624e-21
-1.56069e-21
-5.50434e-22
-1.88942e-22
-6.32422e-23
-2.55529e-23
-3.8243e-11
3.69666e-12
8.80136e-11
6.92178e-11
1.68922e-11
6.14711e-11
-3.3589e-11
-3.90164e-10
3.06427e-10
4.36368e-09
2.55114e-09
-1.89536e-08
-1.53655e-08
2.9988e-09
2.63214e-08
1.53821e-08
3.99604e-09
8.03633e-10
-3.75527e-09
-1.74008e-09
-2.53087e-10
3.59541e-12
2.46985e-12
7.02844e-13
6.23001e-14
-2.57279e-15
-1.29137e-17
9.9749e-16
7.15821e-16
3.42219e-16
1.75746e-16
1.01162e-16
5.15994e-17
1.63655e-17
-8.20289e-19
-5.22123e-18
-4.41446e-18
-2.6692e-18
-1.36792e-18
-6.32223e-19
-2.7179e-19
-1.10629e-19
-4.31111e-20
-1.62014e-20
-5.90093e-21
-2.09037e-21
-7.22072e-22
-2.43682e-22
-8.04581e-23
-3.21042e-23
-3.78297e-10
3.42046e-10
1.14714e-09
9.15147e-11
-4.3407e-09
-9.6406e-09
-1.69024e-09
-1.83097e-08
-2.79371e-08
-1.80595e-08
-1.15234e-07
-4.58753e-08
-1.00047e-08
1.72281e-07
1.16965e-07
2.81235e-08
-3.50487e-08
-5.55799e-08
-2.42297e-08
-3.89833e-09
1.45452e-11
2.07348e-11
7.73465e-12
8.26392e-13
-3.25112e-14
-8.73806e-15
3.79189e-15
4.3708e-15
1.4166e-15
3.92226e-16
1.84761e-16
1.35729e-16
8.11297e-17
2.05155e-17
-9.41283e-18
-1.36971e-17
-9.40141e-18
-4.99579e-18
-2.31371e-18
-9.82685e-19
-3.93275e-19
-1.50699e-19
-5.58413e-20
-2.01341e-20
-7.09156e-21
-2.44609e-21
-8.27626e-22
-2.74977e-22
-8.97771e-23
-3.55237e-23
-1.15222e-09
1.34775e-09
4.96101e-09
-1.03211e-08
-4.97775e-08
-5.90803e-08
-3.90307e-08
-2.12331e-07
-5.03309e-07
-8.16862e-07
-7.09977e-07
7.67102e-08
1.05828e-06
8.54573e-07
2.49009e-07
-6.87601e-07
-6.62791e-07
-3.01456e-07
-6.11252e-08
-1.76022e-09
1.51827e-10
6.30497e-11
9.00338e-12
-1.32278e-13
-5.85977e-14
3.49068e-14
5.98414e-14
2.17573e-14
2.21779e-15
7.09209e-17
7.82635e-17
1.86877e-16
1.56547e-16
2.98112e-17
-3.20871e-17
-3.24152e-17
-1.86012e-17
-8.55605e-18
-3.49538e-18
-1.32877e-18
-4.82538e-19
-1.70158e-19
-5.88709e-20
-2.01051e-20
-6.79767e-21
-2.27756e-21
-7.56056e-22
-2.48489e-22
-8.07872e-23
-3.2041e-23
-2.03224e-09
2.96448e-09
9.75546e-09
-4.65798e-08
-1.66531e-07
-1.5262e-07
-1.75639e-07
-7.01908e-07
-1.87376e-06
-3.40083e-06
-2.32606e-06
2.68598e-06
4.99327e-06
1.87182e-06
-4.03064e-06
-5.05065e-06
-2.57435e-06
-7.41229e-07
-6.79839e-08
8.24299e-10
3.14487e-10
8.34452e-11
5.13721e-12
1.35382e-12
1.75592e-13
3.09655e-13
2.28746e-13
4.75065e-14
-1.14078e-15
-1.3205e-15
-2.8664e-16
3.0248e-16
4.04058e-16
5.87774e-17
-9.61323e-17
-7.4342e-17
-3.42481e-17
-1.2913e-17
-4.36718e-18
-1.37962e-18
-4.18017e-19
-1.2427e-19
-3.70232e-20
-1.12503e-20
-3.52242e-21
-1.13706e-21
-3.75818e-22
-1.2591e-22
-4.23544e-23
-1.77194e-23
-2.27186e-09
4.91438e-09
4.64978e-09
-1.23053e-07
-3.35964e-07
-2.61359e-07
-4.40633e-07
-1.40131e-06
-4.04831e-06
-8.18584e-06
-3.88905e-06
9.45138e-06
1.03959e-05
-4.91954e-06
-2.49576e-05
-1.50497e-05
-5.05575e-06
-1.00834e-06
-1.12686e-08
6.35148e-10
-1.19707e-10
1.79319e-10
2.00623e-09
4.60542e-10
4.88646e-12
1.17918e-12
4.05368e-13
2.41866e-14
-1.40736e-14
-5.91388e-15
-8.63946e-16
1.61186e-15
1.58877e-15
1.43596e-16
-3.11879e-16
-1.70676e-16
-5.58413e-17
-1.48974e-17
-3.25316e-18
-4.86193e-19
1.69717e-20
5.27665e-20
2.83319e-20
1.14197e-20
4.01392e-21
1.29515e-21
3.9299e-22
1.13499e-22
3.13273e-23
9.65641e-24
2.02754e-09
1.53194e-08
-1.25611e-07
-2.51104e-07
-4.29133e-07
-2.97515e-07
-6.71987e-07
-1.85953e-06
-5.42429e-06
-1.18186e-05
1.97373e-05
1.67694e-05
-6.46327e-06
-0.000145737
-7.07701e-05
-2.21732e-05
-5.35426e-06
-5.10296e-07
1.65334e-09
3.2079e-10
-9.6518e-10
4.74734e-09
6.85269e-08
1.59584e-08
1.61317e-10
4.73797e-12
2.21753e-13
-9.39133e-14
-5.52778e-14
-1.1713e-14
1.65039e-14
2.30679e-14
7.61403e-15
-1.40771e-16
-1.43081e-15
-3.8233e-16
-6.258e-17
-3.33433e-18
3.61903e-18
2.40551e-18
1.0777e-18
4.13378e-19
1.45158e-19
4.81023e-20
1.5323e-20
4.75603e-21
1.45343e-21
4.40493e-22
1.32883e-22
4.85993e-23
2.04907e-07
2.43238e-07
-1.15373e-06
-2.5377e-07
6.91893e-06
8.99643e-06
3.01192e-06
6.44013e-06
5.89945e-05
0.000221182
0.000315619
3.84058e-06
-0.00064921
-0.000688764
-1.10089e-06
0.00167134
0.00362948
0.00464397
0.0044026
0.00329227
0.00193229
0.000852686
0.000241831
1.80223e-05
2.14628e-09
5.71796e-11
-1.48131e-13
-2.25593e-13
-9.46249e-14
2.27013e-13
2.99685e-13
1.17631e-13
1.66431e-14
-2.45637e-14
-7.74426e-15
-5.41408e-16
6.02252e-17
4.99346e-17
2.18339e-17
8.07959e-18
2.75643e-18
8.93493e-19
2.79656e-19
8.55848e-20
2.59277e-20
7.87073e-21
2.41788e-21
7.55188e-22
2.39354e-22
9.44689e-23
2.86862e-06
1.18673e-06
-5.40906e-06
3.00992e-05
0.0001266
0.000205741
0.000326937
0.000787931
0.0016889
0.00225537
0.0014612
-0.000873362
-0.00281948
-0.00165533
0.00503931
0.0171627
0.0298143
0.0363724
0.0351133
0.0278454
0.017934
0.00907151
0.00327161
0.000572363
5.20086e-08
3.54868e-10
-1.75934e-13
-2.2365e-13
2.76662e-12
3.08692e-12
1.32665e-12
2.37759e-13
-3.58814e-13
-1.47458e-13
-1.55437e-14
1.66266e-15
6.37216e-16
1.74813e-16
4.98614e-17
1.43221e-17
4.06741e-18
1.14128e-18
3.18891e-19
9.01593e-20
2.63848e-20
8.16406e-21
2.68888e-21
9.29892e-22
3.29202e-22
1.46811e-22
1.01574e-05
2.52657e-06
-1.03093e-05
0.000147422
0.000479802
0.000811315
0.00158557
0.00376517
0.00679209
0.00751794
0.00377571
-0.00330102
-0.00756952
-0.00146337
0.0211959
0.0574155
0.0939657
0.113182
0.109933
0.0887256
0.05866
0.0307671
0.0117606
0.00241441
2.41385e-05
1.11948e-09
6.7229e-11
3.56399e-11
2.63272e-11
1.21856e-11
2.56721e-12
-4.52855e-12
-2.17804e-12
-2.87729e-13
2.28392e-14
1.04064e-14
1.6172e-15
2.4109e-16
5.22547e-17
1.14866e-17
2.38671e-18
4.58845e-19
8.3717e-20
1.8121e-20
6.83899e-21
3.70731e-21
2.00209e-21
9.77883e-22
4.32516e-22
2.26645e-22
2.19602e-05
2.89553e-06
1.38141e-05
0.000397988
0.00114463
0.00197927
0.00418379
0.00978782
0.0165101
0.0169339
0.00716163
-0.00837722
-0.0148032
0.00257488
0.0533512
0.130333
0.207165
0.248357
0.242333
0.197655
0.132576
0.0708578
0.0278591
0.00611861
0.000113604
1.75148e-09
3.691e-10
1.88532e-10
9.38007e-11
2.34205e-11
-5.53541e-11
-2.92368e-11
-4.87763e-12
2.24499e-13
1.55858e-13
3.24073e-14
1.3979e-15
-6.66855e-17
-3.18016e-17
-1.33306e-17
-4.96326e-18
-1.66773e-18
-5.06315e-19
-1.35159e-19
-2.88245e-20
-2.90332e-21
1.51875e-21
1.34645e-21
7.07744e-22
3.99484e-22
3.63073e-05
1.15165e-05
6.02842e-05
0.000778537
0.00210781
0.00370376
0.00813334
0.0188025
0.030522
0.0299537
0.0107843
-0.0161706
-0.0232708
0.0115475
0.101882
0.234414
0.366262
0.438688
0.429971
0.353697
0.239791
0.129857
0.0520122
0.0119071
0.000298741
2.35998e-09
9.28112e-10
5.74727e-10
1.8726e-10
-5.9747e-10
-3.70509e-10
-7.40678e-11
2.88684e-14
1.83551e-12
5.39242e-13
4.14376e-14
-2.18683e-15
-6.90462e-16
-1.82127e-16
-5.23033e-17
-1.51544e-17
-4.25173e-18
-1.11581e-18
-2.58174e-19
-4.42833e-20
-6.63917e-23
4.87362e-21
3.15276e-21
1.49174e-21
7.85922e-22
5.34784e-05
1.84054e-05
0.000120223
0.00122105
0.00319933
0.00566247
0.0126599
0.0290649
0.0460473
0.0436771
0.0132251
-0.0255601
-0.0314338
0.0244837
0.159209
0.352729
0.54571
0.654857
0.644892
0.534609
0.365668
0.200059
0.0812301
0.0191406
0.000576995
1.34382e-08
1.42578e-09
1.11653e-09
-6.63587e-09
-4.74277e-09
-1.03469e-09
-4.6574e-11
1.96124e-11
7.14698e-12
6.99135e-13
-2.73989e-14
-9.07464e-15
-1.18307e-15
-2.29146e-16
-6.25356e-17
-1.69237e-17
-4.22665e-18
-8.8822e-19
-1.07999e-19
2.98069e-20
3.20114e-20
1.76888e-20
7.98033e-21
3.22563e-21
1.53085e-21
6.68081e-05
2.50693e-05
0.000172114
0.00159009
0.0040971
0.0072358
0.0162503
0.0371942
0.0580771
0.0535492
0.0135176
-0.0342555
-0.0376392
0.0374286
0.209517
0.45412
0.700116
0.844118
0.835553
0.69775
0.480857
0.265191
0.10875
0.0261342
0.000884474
3.49152e-08
-2.73525e-08
-9.8988e-08
-6.55702e-08
-1.56264e-08
-9.8515e-10
1.88848e-10
8.21772e-11
1.00361e-11
-2.31955e-13
-1.04745e-13
-1.62292e-14
-3.27984e-16
-4.52302e-17
-1.06783e-17
-5.11619e-19
1.22404e-18
9.71391e-19
5.35623e-19
2.53539e-19
1.09478e-19
4.42308e-20
1.69344e-20
6.18914e-21
2.71464e-21
7.23457e-05
2.62155e-05
0.000186401
0.00173827
0.00446541
0.00778385
0.0173188
0.0396706
0.0615885
0.0555831
0.0110013
-0.0396811
-0.0407428
0.0442528
0.234483
0.505051
0.780944
0.948746
0.944364
0.794228
0.550766
0.305498
0.126051
0.0306167
0.00109711
-1.08709e-06
-1.28082e-06
-7.79481e-07
-2.35483e-07
-2.00793e-08
1.50729e-09
8.10901e-10
1.63211e-10
1.11937e-12
-6.99573e-13
-2.56791e-13
-1.92595e-14
5.68712e-16
2.4637e-16
8.7738e-17
3.12492e-17
1.14359e-17
4.2789e-18
1.61577e-18
6.08083e-19
2.259e-19
8.22886e-20
2.92635e-20
1.01321e-20
4.23706e-21
6.70486e-05
1.90293e-05
0.000139981
0.00156042
0.00408564
0.00685706
0.0146682
0.0338466
0.0529766
0.0469743
0.00632546
-0.0401393
-0.040614
0.0407086
0.224223
0.490304
0.767627
0.942597
0.942902
0.796841
0.554461
0.308261
0.127361
0.0309466
0.00110585
-7.41009e-06
-5.92808e-06
-2.50073e-06
-4.44562e-07
7.54401e-09
5.99935e-09
2.01577e-09
1.91811e-10
-5.20037e-12
-2.84803e-12
-4.79123e-13
4.63995e-15
2.25296e-15
6.23442e-16
1.85393e-16
6.11742e-17
2.11214e-17
7.47251e-18
2.67568e-18
9.59973e-19
3.42238e-19
1.20442e-19
4.1634e-20
1.40859e-20
5.76123e-21
4.7952e-05
5.65636e-06
3.42438e-05
0.000993424
0.00278954
0.00428688
0.00814476
0.019302
0.0318153
0.0285786
0.00101068
-0.0335316
-0.0366917
0.0214183
0.164835
0.385338
0.625514
0.786039
0.793566
0.675036
0.470648
0.261173
0.107166
0.02552
0.000794097
-2.43579e-05
-1.64009e-05
-5.11878e-06
-4.39634e-07
3.09991e-08
1.71816e-08
3.48471e-09
1.54608e-11
-2.5909e-11
-7.42444e-12
-3.81713e-13
2.113e-14
6.28464e-15
8.35838e-16
1.97555e-16
6.49307e-17
2.29827e-17
8.35793e-18
3.06022e-18
1.11497e-18
4.01268e-19
1.41943e-19
4.91811e-20
1.66505e-20
6.80769e-21
2.26373e-05
-4.39496e-06
-7.20423e-05
0.000287087
0.00112008
0.00124615
0.000856025
0.00287863
0.00776824
0.00849731
-0.00194266
-0.0205999
-0.0300925
-0.00525538
0.0800494
0.230035
0.404621
0.527305
0.537866
0.45799
0.317264
0.173594
0.0693696
0.0154314
0.000259558
-6.14749e-05
-3.1595e-05
-6.55778e-06
5.83637e-08
1.11589e-07
3.3545e-08
2.23501e-09
-2.46951e-10
-8.6731e-11
-9.02464e-12
2.96512e-13
1.04697e-13
9.62063e-15
3.78286e-17
4.21434e-17
2.60506e-17
1.27849e-17
5.68497e-18
2.37871e-18
9.49648e-19
3.64314e-19
1.34861e-19
4.82905e-20
1.67516e-20
6.99862e-21
5.26331e-07
-5.30131e-06
-0.000118455
-0.000256063
-0.000254966
-0.000938267
-0.00389082
-0.00821187
-0.00923498
-0.00521127
-0.00113821
-0.00639995
-0.0211562
-0.0264019
0.00399537
0.0816085
0.18281
0.257336
0.266112
0.224435
0.151205
0.0788029
0.0287792
0.004876
-0.000252534
-0.000125953
-3.60694e-05
-2.64369e-06
7.28184e-07
2.80293e-07
3.57585e-08
-2.43294e-09
-9.17063e-10
-1.07581e-10
3.25392e-12
1.19669e-12
1.8033e-13
-2.05345e-15
-6.94803e-16
-1.60022e-16
-3.29828e-17
-4.53418e-18
6.35553e-19
9.16099e-19
5.30009e-19
2.45646e-19
1.01966e-19
3.94025e-20
1.44259e-20
6.31724e-21
-1.17148e-05
2.27928e-06
-8.69922e-05
-0.000455313
-0.000876542
-0.00162325
-0.00465026
-0.0105816
-0.0142253
-0.00935367
0.00147578
0.00383226
-0.0107059
-0.0327136
-0.0379844
-0.0161372
0.0223178
0.0522216
0.0562785
0.0434617
0.0233059
0.00690007
-0.00111944
-0.00222755
-0.000773056
-0.000137663
-7.77161e-06
5.2345e-06
2.16001e-06
3.03187e-07
-1.81725e-08
-7.28995e-09
-1.17379e-09
2.68625e-11
1.15617e-11
2.30438e-12
9.67477e-14
-7.52886e-15
-1.89606e-15
-3.16683e-16
-7.20054e-17
-1.67547e-17
-3.35439e-18
-3.84319e-19
1.13044e-19
1.14925e-19
6.20334e-20
2.75467e-20
1.10124e-20
5.18459e-21
-1.34548e-05
1.09363e-05
-8.51949e-06
-0.000333837
-0.000800439
-0.00109593
-0.00237009
-0.00611841
-0.0092844
-0.00625548
0.0030142
0.00794564
-0.00109109
-0.0224718
-0.0424652
-0.0517931
-0.0540124
-0.0545811
-0.054657
-0.0510129
-0.0413153
-0.0274398
-0.0139724
-0.00483452
-0.000920734
1.65725e-06
2.37093e-05
1.13714e-05
2.22164e-06
-4.8092e-08
-3.2855e-08
-8.83432e-09
-5.01471e-10
6.2656e-11
2.51962e-11
2.93335e-12
-1.17521e-13
-3.25123e-14
-2.44573e-15
-1.3549e-16
-4.34771e-17
-1.22232e-17
-2.98412e-18
-5.56207e-19
-1.8159e-20
5.45529e-20
3.88619e-20
1.95329e-20
8.43914e-21
4.24671e-21
-8.1497e-06
1.06523e-05
5.38222e-05
-5.5318e-05
-0.000317809
-0.000166392
0.000437706
0.000234855
-0.00103619
-0.000943341
0.00264377
0.00662245
0.00519671
-0.00478966
-0.0221673
-0.0431113
-0.0624825
-0.0755438
-0.0769125
-0.0676035
-0.0495331
-0.0293011
-0.0131921
-0.00395992
-0.000393231
5.36571e-05
3.20145e-05
8.78596e-06
3.80937e-07
-8.29122e-08
-3.9068e-08
-7.24248e-09
3.25318e-10
1.53973e-10
2.53971e-11
-1.24645e-12
-3.60272e-13
-2.82861e-14
5.40329e-16
1.47431e-16
3.46543e-17
7.88305e-18
1.89018e-18
5.55703e-19
2.14301e-19
9.63139e-20
4.40511e-20
1.92941e-20
7.96837e-21
3.97438e-21
-1.68612e-06
-5.39811e-07
6.12726e-05
0.000137824
8.74918e-05
0.00028469
0.00152207
0.00328588
0.00347029
0.00168985
0.000364511
0.00240181
0.0066819
0.00737809
-0.000168056
-0.0163287
-0.0347471
-0.04647
-0.0467364
-0.0387748
-0.0259441
-0.0135988
-0.00523905
-0.00108381
9.75371e-05
4.82554e-05
1.26733e-05
4.84226e-07
-4.58902e-07
-1.77341e-07
-2.63135e-08
3.95221e-09
1.27695e-09
1.22059e-10
-9.88361e-12
-2.92178e-12
-2.41984e-13
7.07218e-15
1.95726e-15
3.97585e-16
9.9498e-17
2.63413e-17
7.07797e-18
1.96878e-18
5.86543e-19
1.91294e-19
6.75932e-20
2.49909e-20
9.32643e-21
4.35438e-21
1.07811e-06
-1.29517e-05
2.2597e-05
0.000165784
0.000172865
0.00011783
0.000765382
0.00233033
0.00295375
0.00112085
-0.00143107
-0.000791996
0.00411883
0.00880712
0.00839132
0.00310239
-0.00267865
-0.00455619
-0.00289726
0.000233511
0.00246614
0.00281158
0.00200115
0.000957008
0.000201028
-3.3744e-06
-9.82577e-06
-4.33779e-06
-8.92259e-07
-4.4466e-08
2.36359e-08
8.95305e-09
9.56678e-10
-6.25952e-11
-2.07003e-11
-1.92886e-12
6.14598e-14
2.11222e-14
3.27245e-15
4.35284e-16
1.08601e-16
2.99884e-17
8.48017e-18
2.48222e-18
7.64227e-19
2.49584e-19
8.58668e-20
3.05137e-20
1.09484e-20
4.91527e-21
3.5937e-07
-1.77269e-05
-1.36137e-05
7.11103e-05
4.86479e-05
-0.000284123
-0.000543194
-0.000280169
-6.85354e-05
-0.000766566
-0.00170923
-0.00140912
0.000468399
0.00264859
0.00466748
0.00804218
0.0140328
0.0207501
0.0238644
0.0222272
0.0166592
0.00993556
0.00443124
0.00123618
8.12702e-05
-3.47455e-05
-2.06613e-05
-6.01626e-06
-4.34205e-07
9.10849e-08
4.12417e-08
5.98936e-09
-3.46171e-10
-1.43238e-10
-2.23062e-11
4.48892e-13
2.17891e-13
4.89786e-14
3.87653e-15
4.08589e-17
2.36047e-17
1.00995e-17
3.8582e-18
1.44958e-18
5.4906e-19
2.09698e-19
8.00475e-20
3.02128e-20
1.11724e-20
5.07839e-21
-1.8494e-06
-1.28046e-05
-2.0079e-05
-1.02143e-05
-9.93925e-05
-0.000447446
-0.00101991
-0.00156678
-0.00183904
-0.00156326
-0.000711831
-0.000268028
-0.00136221
-0.00323185
-0.00244081
0.00391979
0.0143859
0.0235801
0.0261604
0.0227905
0.0156813
0.00817446
0.00294903
0.000516529
-8.19817e-05
-5.43854e-05
-2.00836e-05
-3.12889e-06
2.96816e-07
1.42364e-07
3.06753e-08
-3.43974e-10
-5.73609e-10
-1.819e-10
-1.13598e-11
1.66714e-12
5.70062e-13
5.81131e-14
-1.73608e-15
-4.26274e-16
-9.1976e-17
-2.01461e-17
-3.9343e-18
-5.21168e-19
5.87744e-20
8.95628e-20
5.0967e-20
2.32072e-20
9.47049e-21
4.57323e-21
-2.60183e-06
-4.48877e-06
-3.96512e-06
-2.7103e-05
-0.000124573
-0.00030632
-0.000600106
-0.00107543
-0.00146571
-0.00103176
0.000250155
0.000803757
-0.000965559
-0.00412367
-0.00493418
-0.00119345
0.00593766
0.0118431
0.0129117
0.0104045
0.00615228
0.0024428
0.000391947
-0.00023539
-0.000118489
-3.54932e-05
-5.68636e-06
1.07496e-06
3.90513e-07
7.19552e-08
-2.21901e-10
-2.86323e-09
-1.22268e-09
-1.53862e-10
1.58059e-11
5.27491e-12
4.7745e-13
-2.4236e-14
-5.63278e-15
-6.12755e-16
-1.24359e-16
-3.14845e-17
-7.75378e-18
-1.73691e-18
-3.11368e-19
-1.98493e-20
1.91214e-20
1.39703e-20
6.77645e-21
3.60502e-21
-1.55434e-06
-6.28704e-07
9.0691e-06
-2.88866e-06
-5.97925e-05
-8.50613e-05
-2.97764e-05
-4.99326e-05
-0.000224836
-0.000194671
0.000354411
0.000825729
0.000240234
-0.00136627
-0.00267266
-0.00267278
-0.00167525
-0.000962537
-0.00106631
-0.00150231
-0.00173231
-0.00147884
-0.000906803
-0.000353074
-8.55991e-05
-2.65048e-06
6.77879e-06
2.7857e-06
3.4585e-07
-3.10057e-08
-1.78288e-08
-6.14956e-09
-8.88332e-10
1.17343e-10
4.17922e-11
4.06983e-12
-2.24951e-13
-6.05927e-14
-4.29733e-15
-8.34539e-17
-4.2986e-17
-1.62859e-17
-5.06703e-18
-1.3644e-18
-3.05173e-19
-4.42147e-20
5.21799e-21
8.12143e-21
4.59059e-21
2.64588e-21
-3.66015e-07
-6.47015e-07
6.37549e-06
1.42608e-05
5.98624e-06
1.10392e-05
0.000121899
0.000297934
0.000334761
0.000143418
-4.54744e-05
0.000121283
0.00066962
0.00104251
0.00050089
-0.00122093
-0.00366657
-0.00562111
-0.00608023
-0.00525799
-0.0036274
-0.00193515
-0.000732614
-0.000161406
1.76319e-06
1.79026e-05
9.47596e-06
2.08702e-06
-2.51331e-08
-4.36381e-08
-2.11496e-08
-3.97933e-09
4.84777e-10
2.16782e-10
2.75579e-11
-1.78739e-12
-5.14638e-13
-3.64083e-14
8.49507e-16
1.93582e-16
3.76412e-17
6.24327e-18
7.0492e-19
8.3201e-21
-5.55005e-21
1.26078e-20
1.28046e-20
7.74698e-21
3.75076e-21
2.05786e-21
4.24723e-07
-1.26358e-06
-2.61156e-06
8.83072e-06
1.99973e-05
4.11917e-06
-6.8946e-06
6.91688e-05
0.000158136
5.30029e-05
-0.000270785
-0.000356721
0.000213992
0.00117021
0.0014482
0.000428171
-0.00150465
-0.00308313
-0.00333042
-0.00263927
-0.00150337
-0.00054191
-6.29345e-05
6.90523e-05
4.36507e-05
1.82722e-05
3.69469e-06
-4.93247e-07
-2.03593e-07
-4.95542e-08
-7.47056e-09
1.90478e-09
8.34395e-10
1.24067e-10
-1.14063e-11
-3.50229e-12
-2.73317e-13
1.02992e-14
2.28093e-15
3.55759e-16
8.075e-17
1.97865e-17
4.83033e-18
1.1889e-18
3.09075e-19
8.98063e-20
2.97176e-20
1.07638e-20
4.02197e-21
1.88721e-21
4.011e-07
-3.62242e-07
-4.55816e-06
-4.16025e-06
5.69825e-06
-5.63197e-06
-6.98063e-05
-0.000125289
-8.23842e-05
-1.84844e-05
-9.73849e-05
-0.000270173
-0.000253728
8.60593e-05
0.000547562
0.000818833
0.000850407
0.000827979
0.00084272
0.000847491
0.000750165
0.000518344
0.000282697
0.000107431
2.41034e-05
-2.1264e-07
-2.8601e-06
-1.2659e-06
-2.38335e-07
8.28668e-09
7.46745e-09
2.74416e-09
4.34045e-10
-5.07864e-11
-1.70863e-11
-1.59153e-12
7.93906e-14
2.02977e-14
1.66916e-15
2.0754e-16
6.34056e-17
1.88782e-17
5.43389e-18
1.54563e-18
4.45293e-19
1.32973e-19
4.16669e-20
1.36382e-20
4.5819e-21
1.93225e-21
-4.81855e-08
9.65539e-07
-4.94873e-07
-6.40694e-06
-3.34276e-06
9.97151e-06
-1.83899e-06
-5.07101e-05
-6.58676e-05
1.47788e-05
0.000109987
4.30224e-05
-0.00023291
-0.000473848
-0.000354514
0.000251579
0.00111511
0.00176736
0.00187122
0.00156983
0.00102519
0.000516751
0.000177383
2.69166e-05
-1.28217e-05
-7.74833e-06
-2.63937e-06
-4.33455e-07
7.73345e-08
3.14714e-08
5.26126e-09
-1.68849e-10
-1.91853e-10
-5.49534e-11
-4.20081e-12
4.22326e-13
1.10304e-13
8.12438e-15
-4.20144e-17
2.85026e-17
2.09542e-17
9.25882e-18
3.42283e-18
1.16932e-18
3.87352e-19
1.27721e-19
4.23982e-20
1.41719e-20
4.73769e-21
1.94819e-21
-1.34696e-07
8.65034e-07
2.27454e-06
-3.59912e-07
-2.20447e-06
1.57985e-05
5.209e-05
6.24327e-05
3.85967e-05
3.84431e-05
0.000106918
0.000151343
3.60657e-05
-0.000223311
-0.000381216
-0.000240679
0.000120536
0.000441613
0.000497006
0.000361916
0.000160646
1.22931e-05
-4.37693e-05
-3.47908e-05
-1.4917e-05
-3.36213e-06
-1.3323e-08
3.35e-07
1.44936e-07
2.21818e-08
-3.65224e-09
-1.56926e-09
-2.18266e-10
1.98674e-11
6.27587e-12
4.87653e-13
-2.15142e-14
-4.32998e-15
-3.43148e-16
-4.60242e-17
-3.66819e-18
1.68143e-18
1.28594e-18
6.08027e-19
2.4791e-19
9.44962e-20
3.46692e-20
1.2367e-20
4.29737e-21
1.8062e-21
-4.38398e-08
-2.22359e-07
1.14606e-06
2.94485e-06
7.7721e-07
1.07885e-06
1.97673e-05
4.71349e-05
4.09512e-05
-9.87939e-07
-1.60032e-05
4.23179e-05
0.000125932
0.00012669
-4.0716e-07
-0.000223666
-0.000443963
-0.000581396
-0.000593172
-0.000514718
-0.000370005
-0.000213967
-9.42581e-05
-2.86595e-05
-3.15059e-06
1.92541e-06
1.01175e-06
3.08093e-07
4.56575e-08
-1.10116e-08
-4.7077e-09
-7.52481e-10
9.10209e-11
3.32378e-11
3.93052e-12
-2.11673e-13
-6.09744e-14
-4.80601e-15
-2.25812e-17
-1.0682e-17
-2.31639e-18
2.06822e-19
4.65733e-19
2.92905e-19
1.42957e-19
6.20605e-20
2.50479e-20
9.56885e-21
3.48821e-21
1.52211e-21
1.12717e-08
-5.63652e-07
-7.51111e-07
1.27165e-06
4.296e-07
-1.01988e-05
-2.29417e-05
-2.17057e-05
-1.44254e-05
-2.68813e-05
-5.6404e-05
-5.19784e-05
2.61783e-05
0.000133761
0.000148536
1.81685e-05
-0.000207155
-0.000388569
-0.000416856
-0.000335867
-0.000202217
-8.62866e-05
-2.03077e-05
2.86403e-06
4.77324e-06
2.32924e-06
5.40942e-07
-1.00614e-08
-3.69388e-08
-1.40377e-08
-1.92538e-09
3.72516e-10
1.39709e-10
1.57671e-11
-1.3924e-12
-4.22575e-13
-3.35801e-14
8.44241e-16
2.00752e-16
4.55494e-17
1.06934e-17
2.67245e-18
7.71345e-19
2.67927e-19
1.06025e-19
4.38166e-20
1.78706e-20
7.01818e-21
2.63312e-21
1.18344e-21
1.97843e-08
-7.27202e-08
-7.21432e-07
-1.00958e-06
-4.29686e-07
-4.35671e-06
-1.74082e-05
-2.84348e-05
-2.36168e-05
-8.87499e-06
-1.05119e-05
-3.48051e-05
-4.7704e-05
-1.79862e-05
4.48075e-05
0.000100656
0.000124616
0.00012842
0.000122801
0.000112204
9.03014e-05
6.03681e-05
3.27254e-05
1.27908e-05
3.02375e-06
1.47207e-07
-3.12941e-07
-1.59311e-07
-3.67535e-08
-7.78114e-10
9.8977e-10
3.54786e-10
4.03909e-11
-5.44448e-12
-1.76121e-12
-1.76495e-13
8.54557e-15
1.93633e-15
3.27534e-16
7.5217e-17
1.84143e-17
4.53491e-18
1.14835e-18
3.15365e-19
9.85625e-20
3.48611e-20
1.32053e-20
5.06162e-21
1.89724e-21
8.61966e-22
6.15025e-09
2.47197e-07
1.34928e-07
-8.25743e-07
-2.03038e-07
3.93201e-06
6.90449e-06
3.78129e-06
2.37478e-06
1.13815e-05
2.22051e-05
1.2416e-05
-2.39746e-05
-5.61986e-05
-4.51023e-05
2.12989e-05
0.000116428
0.000183098
0.000191928
0.000159189
0.000104405
5.3278e-05
1.8683e-05
2.95238e-06
-1.31776e-06
-7.97011e-07
-2.58634e-07
-4.39475e-08
8.63797e-09
3.68531e-09
6.41624e-10
-7.27341e-11
-2.97161e-11
-4.70179e-12
1.58562e-14
5.6403e-14
1.25513e-14
1.05356e-15
1.72909e-16
4.84379e-17
1.3338e-17
3.55126e-18
9.35324e-19
2.54742e-19
7.56592e-20
2.51391e-20
9.10942e-21
3.42033e-21
1.27612e-21
5.828e-22
-3.59475e-09
7.67212e-08
3.28006e-07
2.57143e-07
2.65448e-07
3.04277e-06
8.97812e-06
1.30224e-05
1.09578e-05
7.09026e-06
9.25534e-06
1.62713e-05
1.42852e-05
-3.7248e-06
-2.65253e-05
-3.493e-05
-2.67434e-05
-1.34164e-05
-7.90753e-06
-9.51445e-06
-1.23894e-05
-1.21806e-05
-8.59148e-06
-4.31608e-06
-1.31285e-06
-1.42728e-07
1.04745e-07
5.68268e-08
1.31558e-08
9.97005e-10
-3.52673e-10
-1.47151e-10
-2.30638e-11
2.15884e-12
7.84692e-13
8.29975e-14
-2.41972e-15
-4.65697e-16
-5.78013e-17
-3.61786e-18
1.36069e-18
7.88913e-19
2.87159e-19
9.49036e-20
3.24887e-20
1.20777e-20
4.76296e-21
1.89881e-21
7.3853e-22
3.49074e-22
-8.80938e-09
-8.77197e-08
8.86601e-09
3.82959e-07
1.22405e-07
-1.23273e-06
-1.41443e-06
3.80829e-07
3.56124e-07
-3.94511e-06
-7.34575e-06
-1.87237e-06
1.18978e-05
2.02641e-05
1.14595e-05
-1.50803e-05
-4.76652e-05
-7.00196e-05
-7.23384e-05
-6.08861e-05
-4.14079e-05
-2.22983e-05
-9.01301e-06
-2.09433e-06
8.60833e-08
2.18263e-07
1.14191e-07
2.80972e-08
-2.82132e-10
-8.0216e-10
-2.93612e-10
-4.17543e-11
8.29888e-12
2.67298e-12
2.78546e-13
-2.24425e-14
-5.29055e-15
-5.86698e-16
-1.024e-16
-2.0565e-17
-3.91268e-18
-7.14848e-19
-1.29746e-19
-2.22962e-20
-2.00318e-21
1.28194e-21
1.19163e-21
6.77403e-22
3.17326e-22
1.6982e-22
4.17e-09
-4.03058e-08
-1.25439e-07
-5.24716e-08
-1.19642e-07
-1.3478e-06
-3.69881e-06
-4.98552e-06
-4.17226e-06
-3.25867e-06
-4.40361e-06
-6.04911e-06
-3.64225e-06
3.80762e-06
1.08694e-05
1.068e-05
4.16119e-06
-3.35029e-06
-5.93694e-06
-4.41385e-06
-1.2793e-06
1.05777e-06
1.66387e-06
1.11995e-06
4.14949e-07
7.63931e-08
-6.67681e-09
-1.12882e-08
-3.84611e-09
-4.88643e-10
9.31957e-11
3.92706e-11
6.77328e-12
-1.15572e-13
-1.212e-13
-2.99657e-14
-2.07026e-15
2.45929e-18
1.14104e-18
1.05827e-18
4.04583e-19
6.99873e-20
-1.28976e-20
-1.54843e-20
-7.14902e-21
-2.25044e-21
-4.53445e-22
7.87212e-24
6.44997e-23
5.63236e-23
5.87682e-10
2.4958e-08
-1.57223e-08
-1.44875e-07
-6.03065e-08
3.15289e-07
2.22966e-07
-4.75113e-07
-4.1534e-07
1.13061e-06
2.12067e-06
1.48685e-08
-4.44491e-06
-6.4925e-06
-2.76238e-06
6.35655e-06
1.66643e-05
2.34417e-05
2.39756e-05
2.02926e-05
1.40742e-05
7.8555e-06
3.36064e-06
9.82975e-07
9.9852e-08
-7.54842e-08
-4.37553e-08
-1.16482e-08
-9.26758e-10
3.29288e-10
1.35306e-10
2.41564e-11
-2.32785e-12
-9.57617e-13
-1.47838e-13
7.81592e-15
2.04832e-15
3.64039e-16
8.65642e-17
2.23147e-17
5.64696e-18
1.34131e-18
2.86532e-19
5.13316e-20
6.26365e-21
-1.67018e-22
-3.97922e-22
-1.40991e-22
-2.70988e-23
4.47895e-24
-3.39018e-10
1.66982e-08
4.1816e-08
7.73348e-09
4.61724e-08
4.87079e-07
1.26167e-06
1.62485e-06
1.38794e-06
1.19847e-06
1.61463e-06
1.94397e-06
9.3263e-07
-1.56033e-06
-3.56558e-06
-3.08446e-06
-4.79884e-07
2.29862e-06
3.20311e-06
2.58141e-06
1.32473e-06
2.73741e-07
-2.13366e-07
-2.42357e-07
-1.23863e-07
-3.74489e-08
-4.442e-09
3.10267e-09
1.30546e-09
2.53124e-10
-9.27492e-12
-1.11061e-11
-3.04181e-12
-1.13897e-13
4.09839e-14
9.89218e-15
1.04349e-15
2.22826e-16
7.09374e-17
2.21536e-17
6.48033e-18
1.7489e-18
4.30991e-19
9.55465e-20
1.84678e-20
2.87206e-21
2.58787e-22
-3.43966e-23
-2.43124e-23
-7.1639e-24
-4.99655e-10
-7.45171e-09
4.82161e-09
4.43872e-08
1.80048e-08
-8.284e-08
-4.10089e-08
1.75212e-07
1.4812e-07
-3.17327e-07
-5.96713e-07
4.87581e-08
1.33017e-06
1.85199e-06
6.76688e-07
-2.02753e-06
-4.97051e-06
-6.84731e-06
-6.9431e-06
-5.85846e-06
-4.08526e-06
-2.31757e-06
-1.02075e-06
-3.09616e-07
-3.46785e-08
2.57858e-08
1.54477e-08
4.04031e-09
2.77529e-10
-1.29542e-10
-5.1816e-11
-8.61413e-12
8.36138e-13
3.12924e-13
4.31945e-14
-7.86464e-16
1.54424e-18
7.71313e-17
4.16749e-17
1.61279e-17
5.28223e-18
1.53772e-18
4.05502e-19
9.73939e-20
2.11937e-20
4.09711e-21
6.69075e-22
7.88566e-23
1.14534e-24
-3.4124e-24
1.77374e-10
-4.46542e-09
-1.0646e-08
-3.09597e-09
-1.40333e-08
-1.3095e-07
-3.32276e-07
-4.28879e-07
-3.70958e-07
-3.23269e-07
-4.22748e-07
-4.95835e-07
-2.2431e-07
3.97703e-07
8.83283e-07
7.71211e-07
1.35883e-07
-5.51736e-07
-8.0976e-07
-6.8453e-07
-3.78052e-07
-1.03319e-07
3.76955e-08
6.16129e-08
2.986e-08
7.3826e-09
-4.11555e-11
-1.0492e-09
-4.09916e-10
-6.72087e-11
8.03374e-12
3.22207e-12
4.30934e-13
-3.93036e-14
-1.04605e-14
-6.14258e-16
5.14974e-17
6.14484e-17
2.9733e-17
1.10788e-17
3.57618e-18
1.04117e-18
2.78084e-19
6.85888e-20
1.56167e-20
3.25766e-21
6.11255e-22
9.89888e-23
1.23661e-23
4.83279e-25
-1.18119e-11
1.71149e-09
-6.58301e-10
-8.70854e-09
-3.13471e-09
1.91012e-08
1.18345e-08
-2.92831e-08
-2.21169e-08
7.36458e-08
1.26709e-07
-8.83485e-09
-2.71846e-07
-3.80451e-07
-1.42677e-07
4.15034e-07
1.03077e-06
1.41664e-06
1.43675e-06
1.21892e-06
8.56234e-07
4.8438e-07
2.07414e-07
5.67417e-08
3.4181e-09
-4.21267e-09
-2.25726e-09
-4.15662e-10
7.74224e-11
3.73886e-11
6.03286e-12
-4.3937e-13
-1.46617e-13
-1.80782e-14
-8.76966e-17
1.11967e-16
7.97847e-17
4.02876e-17
1.62685e-17
5.68364e-18
1.78492e-18
5.14052e-19
1.37242e-19
3.41395e-20
7.91721e-21
1.70495e-21
3.37568e-22
6.02281e-23
9.28285e-24
1.13877e-24
-1.6681e-10
6.99931e-10
1.25307e-09
4.28248e-10
2.55392e-09
1.79191e-08
4.60393e-08
6.01869e-08
5.45477e-08
4.90003e-08
5.93276e-08
6.86822e-08
3.71522e-08
-4.70975e-08
-1.23324e-07
-1.21367e-07
-3.94109e-08
6.1709e-08
1.08929e-07
9.78821e-08
5.49501e-08
1.39655e-08
-6.76358e-09
-9.95128e-09
-3.59801e-09
-2.33567e-10
4.06249e-10
1.77806e-10
1.99338e-11
-6.11743e-12
-2.39687e-12
-2.88982e-13
2.04735e-14
7.35036e-15
1.10252e-15
2.00886e-16
5.49492e-17
1.7738e-17
6.0324e-18
1.99371e-18
6.18241e-19
1.78351e-19
4.79101e-20
1.20133e-20
2.81386e-21
6.14133e-22
1.2401e-22
2.28352e-23
3.72674e-24
5.35249e-25
)
;

boundaryField
{
    movingWall
    {
        type            zeroGradient;
    }
    fixedWalls
    {
        type            zeroGradient;
    }
    frontAndBack
    {
        type            empty;
    }
}

