/*--------------------------------*- C++ -*----------------------------------*\
| =========                 |                                                 |
| \\      /  F ield         | OpenFOAM: The Open Source CFD Toolbox           |
|  \\    /   O peration     | Version:  v2006                                 |
|   \\  /    A nd           | Website:  www.openfoam.com                      |
|    \\/     M anipulation  |                                                 |
\*---------------------------------------------------------------------------*/
FoamFile
{
    version     2.0;
    format      ascii;
    class       volScalarField;
    location    "0";
    object      f;
}
// * * * * * * * * * * * * * * * * * * * * * * * * * * * * * * * * * * * * * //

dimensions      [0 0 0 0 0 0 0];


internalField   nonuniform List<scalar> 
2500
(
-3.75829e-129
9.5414e-111
-1.14895e-101
-9.44399e-97
2.99561e-92
2.85667e-89
-1.75657e-86
-1.61657e-84
-3.90646e-83
-4.13073e-82
-2.39852e-81
-8.73257e-81
-2.16459e-80
-3.80347e-80
-4.58599e-80
-2.59268e-80
4.06004e-80
1.60575e-79
3.17825e-79
4.72488e-79
5.77022e-79
6.00577e-79
5.43866e-79
4.34629e-79
3.09888e-79
1.9892e-79
1.1585e-79
6.16279e-80
3.01237e-80
1.36015e-80
5.69991e-81
2.22643e-81
8.13749e-82
2.79282e-82
9.02965e-83
2.75843e-83
7.98384e-84
2.19496e-84
5.74567e-85
1.43523e-85
3.42831e-86
7.84642e-87
1.72387e-87
3.64201e-88
7.41145e-89
1.45502e-89
2.75975e-90
5.06407e-91
9.00115e-92
1.04091e-92
-1.14553e-125
9.147e-108
-6.14676e-99
-3.84819e-94
8.68702e-90
7.24924e-87
-3.51577e-84
-2.90584e-82
-6.34131e-81
-6.11285e-80
-3.264e-79
-1.10137e-78
-2.54983e-78
-4.227e-78
-4.91534e-78
-3.03773e-78
2.5817e-78
1.19127e-77
2.3217e-77
3.33939e-77
3.93361e-77
3.95025e-77
3.45588e-77
2.67213e-77
1.84621e-77
1.15008e-77
6.50886e-78
3.36898e-78
1.60416e-78
7.06343e-79
2.88951e-79
1.1028e-79
3.94174e-80
1.32405e-80
4.19298e-81
1.25549e-81
3.56409e-82
9.61652e-83
2.47194e-83
6.06681e-84
1.42455e-84
3.2065e-85
6.93131e-86
1.44138e-86
2.88818e-87
5.58493e-88
1.0437e-88
1.88744e-89
3.307e-90
3.85795e-91
-3.32968e-122
8.33397e-105
-3.11441e-96
-1.49779e-91
2.38509e-87
1.75458e-84
-6.66749e-82
-4.97112e-80
-9.82248e-79
-8.64996e-78
-4.25487e-77
-1.33271e-76
-2.88545e-76
-4.51587e-76
-5.05474e-76
-3.29541e-76
1.35147e-76
8.41716e-76
1.62973e-75
2.27483e-75
2.58924e-75
2.51226e-75
2.12591e-75
1.59228e-75
1.06725e-75
6.45881e-76
3.55592e-76
1.79269e-76
8.32361e-77
3.57765e-77
1.43005e-77
5.33786e-78
1.86755e-78
6.14531e-79
1.90783e-79
5.60411e-80
1.5617e-80
4.13891e-81
1.0456e-81
2.52335e-82
5.82902e-83
1.29136e-83
2.74858e-84
5.63008e-85
1.11162e-85
2.11876e-86
3.90384e-87
6.96217e-88
1.20322e-88
1.41696e-89
-9.48818e-119
7.42468e-102
-1.53971e-93
-5.72428e-89
6.38145e-85
4.16015e-82
-1.23112e-79
-8.30581e-78
-1.48808e-76
-1.19831e-75
-5.43411e-75
-1.58083e-74
-3.20184e-74
-4.72935e-74
-5.08167e-74
-3.40558e-74
4.4071e-75
5.75884e-74
1.11875e-73
1.51895e-73
1.67211e-73
1.56834e-73
1.28419e-73
9.31994e-74
6.06185e-74
3.56493e-74
1.90979e-74
9.38012e-75
4.24797e-75
1.78275e-75
6.96453e-76
2.54302e-76
8.71089e-77
2.80856e-77
8.54965e-78
2.46422e-78
6.74238e-79
1.7555e-79
4.35935e-80
1.03466e-80
2.35174e-81
5.12869e-82
1.07501e-82
2.16934e-83
4.2211e-84
7.93117e-85
1.44095e-85
2.53454e-86
4.3209e-87
5.13653e-88
-2.64889e-115
6.46232e-99
-7.42052e-91
-2.14687e-86
1.66195e-82
9.65693e-80
-2.2101e-77
-1.35413e-75
-2.20323e-74
-1.62409e-73
-6.79513e-73
-1.83705e-72
-3.48197e-72
-4.85301e-72
-4.99449e-72
-3.37973e-72
-1.89746e-73
3.79734e-72
7.50171e-72
9.9346e-72
1.05881e-71
9.60529e-72
7.61318e-72
5.35547e-72
3.38111e-72
1.93277e-72
1.00777e-72
4.82355e-73
2.13113e-73
8.73467e-74
3.33577e-74
1.19178e-74
3.9977e-75
1.2632e-75
3.77132e-76
1.06678e-76
2.86637e-77
7.3333e-78
1.79036e-78
4.17979e-79
9.34955e-80
2.00744e-80
4.14437e-81
8.24028e-82
1.58034e-82
2.92753e-83
5.24517e-84
9.10012e-85
1.53048e-85
1.83618e-86
-7.24005e-112
5.49018e-96
-3.48287e-88
-7.8964e-84
4.20767e-80
2.19321e-77
-3.85117e-75
-2.1521e-73
-3.18546e-72
-2.1519e-71
-8.31379e-71
-2.09007e-70
-3.70873e-70
-4.87689e-70
-4.79842e-70
-3.23657e-70
-5.859e-71
2.3968e-70
4.90738e-70
6.36001e-70
6.56997e-70
5.76795e-70
4.427e-70
3.0194e-70
1.85085e-70
1.02869e-70
5.22188e-71
2.43623e-71
1.05036e-71
4.20537e-72
1.57037e-72
5.49079e-73
1.80404e-73
5.5878e-74
1.63646e-74
4.54381e-75
1.19918e-75
3.01514e-76
7.23835e-77
1.66252e-77
3.66029e-78
7.73868e-79
1.57381e-79
3.08363e-80
5.82954e-81
1.0648e-81
1.88155e-82
3.22013e-83
5.34298e-84
6.46704e-85
-1.93594e-108
4.54828e-93
-1.59034e-85
-2.84639e-81
1.03408e-77
4.86996e-75
-6.50132e-73
-3.3306e-71
-4.49346e-70
-2.78525e-69
-9.94528e-69
-2.32652e-68
-3.86647e-68
-4.79675e-68
-4.50527e-68
-2.99987e-68
-7.96195e-69
1.43273e-68
3.12731e-68
3.98236e-68
3.99241e-68
3.394e-68
2.52345e-68
1.66922e-68
9.93737e-69
5.37141e-69
2.65521e-69
1.20777e-69
5.0826e-70
1.98829e-70
7.26144e-71
2.48534e-71
7.9999e-72
2.42939e-72
6.98055e-73
1.90292e-73
4.93364e-74
1.21934e-74
2.87887e-75
6.50622e-76
1.41012e-76
2.93609e-77
5.88281e-78
1.13598e-78
2.11717e-79
3.81345e-80
6.64642e-81
1.12213e-81
1.83696e-82
2.24198e-83
-5.06015e-105
3.67036e-90
-7.05657e-83
-1.00481e-78
2.46279e-75
1.05643e-72
-1.06079e-70
-5.01335e-69
-6.17845e-68
-3.51865e-67
-1.16229e-66
-2.53184e-66
-3.94265e-66
-4.61473e-66
-4.13232e-66
-2.69614e-66
-8.67699e-67
7.96364e-67
1.93825e-66
2.43706e-66
2.37441e-66
1.95574e-66
1.40911e-66
9.04264e-67
5.22965e-67
2.7498e-67
1.32399e-67
5.87312e-68
2.41297e-68
9.22516e-69
3.29577e-69
1.10444e-69
3.48351e-70
1.03738e-70
2.92508e-71
7.83006e-72
1.99467e-72
4.84657e-73
1.12555e-73
2.50333e-74
5.34181e-75
1.09552e-75
2.16281e-76
4.11655e-77
7.56438e-78
1.34369e-78
2.31005e-79
3.84763e-80
6.21448e-81
7.64307e-82
-1.29174e-101
2.88188e-87
-3.03892e-80
-3.47102e-76
5.67276e-73
2.23695e-70
-1.6681e-68
-7.33014e-67
-8.27232e-66
-4.33482e-65
-1.32597e-64
-2.69157e-64
-3.92929e-64
-4.33946e-64
-3.70093e-64
-2.35225e-64
-8.43144e-65
3.96798e-65
1.16616e-64
1.4565e-64
1.38119e-64
1.10293e-64
7.70331e-65
4.79701e-65
2.69569e-65
1.37915e-65
6.46951e-66
2.79932e-66
1.12309e-66
4.19722e-67
1.46717e-67
4.81479e-68
1.48839e-68
4.34734e-69
1.20314e-69
3.16312e-70
7.91873e-71
1.89189e-71
4.32244e-72
9.46216e-73
1.9882e-73
4.01669e-74
7.81443e-75
1.46617e-75
2.65655e-76
4.65414e-77
7.89289e-78
1.29699e-78
2.0668e-79
2.55957e-80
-3.21745e-98
2.19891e-84
-1.26849e-77
-1.17231e-73
1.26073e-70
4.61916e-68
-2.51873e-66
-1.03956e-64
-1.07733e-63
-5.20275e-63
-1.47531e-62
-2.79282e-62
-3.82416e-62
-3.98549e-62
-3.23456e-62
-1.9933e-62
-7.58936e-63
1.61269e-63
6.79702e-63
8.49527e-63
7.85373e-63
6.08342e-63
4.12002e-63
2.49019e-63
1.36002e-63
6.7716e-64
3.09544e-64
1.30676e-64
5.12077e-65
1.87111e-65
6.40091e-66
2.05751e-66
6.23488e-67
1.78651e-67
4.85365e-68
1.25347e-68
3.08432e-69
7.24674e-70
1.62907e-70
3.51052e-71
7.26434e-72
1.44587e-72
2.77227e-73
5.12784e-74
9.16209e-75
1.5832e-75
2.64862e-76
4.29386e-77
6.75068e-78
8.41104e-79
-7.81129e-95
1.62824e-81
-5.12472e-75
-3.86756e-71
2.69533e-68
9.29193e-66
-3.63382e-64
-1.42769e-62
-1.3631e-61
-6.07736e-61
-1.59939e-60
-2.82587e-60
-3.63136e-60
-3.57206e-60
-2.7568e-60
-1.64088e-60
-6.44135e-61
3.40154e-62
3.82924e-61
4.83312e-61
4.36316e-61
3.27989e-61
2.15438e-61
1.26405e-61
6.71062e-62
3.25233e-62
1.44904e-62
5.96952e-63
2.2853e-63
8.16613e-64
2.73446e-64
8.61109e-65
2.55844e-65
7.19289e-66
1.91872e-66
4.86829e-67
1.17759e-67
2.72135e-68
6.02015e-69
1.27721e-69
2.60311e-70
5.10502e-71
9.64765e-72
1.7594e-72
3.1001e-73
5.28385e-74
8.72019e-75
1.39467e-75
2.16311e-76
2.70896e-77
-1.84633e-91
1.16834e-78
-2.00072e-72
-1.24506e-68
5.52205e-66
1.81876e-63
-4.97433e-62
-1.89524e-60
-1.6734e-59
-6.9014e-59
-1.68771e-58
-2.78549e-58
-3.3612e-58
-3.12141e-58
-2.28949e-58
-1.31199e-58
-5.20302e-59
-2.57958e-60
2.08036e-59
2.68128e-59
2.36741e-59
1.72764e-59
1.10069e-59
6.26969e-60
3.23576e-60
1.52671e-60
6.63092e-61
2.66622e-61
9.9736e-62
3.48593e-62
1.14281e-62
3.52637e-63
1.02744e-63
2.83472e-64
7.42565e-65
1.85134e-65
4.40292e-66
1.00092e-66
2.17923e-67
4.55232e-68
9.13939e-69
1.76617e-69
3.29009e-70
5.91592e-71
1.02802e-71
1.72829e-72
2.81367e-73
4.43926e-74
6.79164e-75
8.54024e-76
-4.24351e-88
8.11077e-76
-7.53507e-70
-3.90667e-66
1.07851e-63
3.45932e-61
-6.3928e-60
-2.42677e-58
-1.99045e-57
-7.6099e-57
-1.73154e-56
-2.67196e-56
-3.02943e-56
-2.65671e-56
-1.85107e-56
-1.01847e-56
-4.02045e-57
-4.66202e-58
1.08773e-57
1.45076e-57
1.25441e-57
8.88707e-58
5.49123e-58
3.03643e-58
1.52347e-58
6.99838e-59
2.96348e-59
1.16321e-59
4.25248e-60
1.45406e-60
4.66784e-61
1.41163e-61
4.03399e-62
1.09241e-62
2.8106e-63
6.88657e-64
1.61048e-64
3.60195e-65
7.71922e-66
1.58791e-66
3.14052e-67
5.98084e-68
1.09829e-68
1.94723e-69
3.33711e-70
5.53372e-71
8.88658e-72
1.38298e-72
2.08673e-73
2.63173e-74
-9.47022e-85
5.43792e-73
-2.73245e-67
-1.19325e-63
1.99306e-61
6.38409e-59
-7.57706e-58
-2.98993e-56
-2.29038e-55
-8.13725e-55
-1.72521e-54
-2.49135e-54
-2.65571e-54
-2.20001e-54
-1.45555e-54
-7.67087e-55
-2.98023e-55
-4.72003e-56
5.46828e-56
7.66266e-56
6.49239e-56
4.4636e-56
2.67374e-56
1.43487e-56
6.99801e-57
3.12985e-57
1.29226e-57
4.95216e-58
1.76959e-58
5.92053e-59
1.86144e-59
5.5179e-60
1.54685e-60
4.11215e-61
1.03928e-61
2.50294e-62
5.75646e-63
1.26682e-63
2.67256e-64
5.41427e-65
1.05498e-65
1.98004e-66
3.58444e-67
6.2664e-68
1.05911e-68
1.7322e-69
2.74366e-70
4.21106e-71
6.26499e-72
7.91476e-73
-2.04898e-81
3.51428e-70
-9.52083e-65
-3.54272e-61
3.44434e-59
1.14117e-56
-8.0008e-56
-3.53423e-54
-2.54519e-53
-8.42599e-53
-1.6671e-52
-2.25512e-52
-2.26162e-52
-1.77044e-52
-1.11191e-52
-5.60087e-53
-2.12209e-53
-3.90665e-54
2.64793e-54
3.95877e-54
3.28475e-54
2.18913e-54
1.27018e-54
6.61195e-55
3.13368e-55
1.36439e-55
5.49265e-56
2.05518e-56
7.17919e-57
2.35057e-57
7.23906e-58
2.10378e-58
5.7863e-59
1.51027e-59
3.74998e-60
8.878e-61
2.00829e-61
4.34915e-62
9.03306e-63
1.80236e-63
3.46016e-64
6.40052e-65
1.14225e-65
1.96901e-66
3.28182e-67
5.29349e-68
8.26849e-69
1.25131e-69
1.83498e-70
2.31899e-71
-4.29038e-78
2.18445e-67
-3.18014e-62
-1.02074e-58
5.45413e-57
1.97193e-54
-6.90647e-54
-3.99395e-52
-2.72622e-51
-8.43613e-51
-1.56019e-50
-1.97899e-50
-1.86854e-50
-1.38279e-50
-8.24186e-51
-3.96032e-51
-1.45198e-51
-2.87e-52
1.24491e-52
2.00753e-52
1.62698e-52
1.0489e-52
5.88663e-53
2.9696e-53
1.36694e-53
5.79216e-54
2.27331e-54
8.30518e-55
2.83631e-55
9.0889e-56
2.74221e-56
7.81397e-57
2.10893e-57
5.40511e-58
1.3187e-58
3.06939e-59
6.82986e-60
1.45562e-60
2.97665e-61
5.84995e-62
1.10655e-62
2.01736e-63
3.54914e-64
6.03216e-65
9.91389e-66
1.5768e-66
2.42836e-67
3.62236e-68
5.23361e-69
6.60625e-70
-8.67715e-75
1.30291e-64
-1.01563e-59
-2.84876e-56
7.58946e-55
3.28649e-52
-3.35384e-52
-4.29608e-50
-2.80866e-49
-8.15296e-49
-1.41197e-48
-1.68115e-48
-1.49553e-48
-1.04676e-48
-5.92002e-49
-2.70865e-49
-9.54272e-50
-1.92756e-50
5.79526e-51
1.00464e-50
7.90835e-51
4.91508e-51
2.66209e-51
1.29954e-51
5.80467e-52
2.3925e-52
9.15229e-53
3.2644e-53
1.08991e-53
3.41854e-54
1.01054e-54
2.82379e-55
7.47934e-56
1.88256e-56
4.51342e-57
1.03293e-57
2.26109e-58
4.74289e-59
9.54971e-60
1.84861e-60
3.44534e-61
6.19046e-62
1.07357e-62
1.79887e-63
2.9148e-64
4.57032e-65
6.93745e-66
1.01959e-66
1.45049e-67
1.82555e-68
-1.69126e-71
7.437e-62
-3.09225e-57
-7.68469e-54
8.27697e-53
5.26903e-50
3.63334e-50
-4.3735e-48
-2.77644e-47
-7.59163e-47
-1.23361e-46
-1.38022e-46
-1.15774e-46
-7.66837e-47
-4.11482e-47
-1.78955e-47
-6.01833e-48
-1.19731e-48
2.77038e-49
4.99696e-49
3.78507e-49
2.25633e-49
1.17553e-49
5.54118e-50
2.39844e-50
9.60784e-51
3.58062e-51
1.24656e-51
4.06868e-52
1.2491e-52
3.61799e-53
9.91492e-54
2.57754e-54
6.37201e-55
1.50136e-55
3.37868e-56
7.27617e-57
1.50222e-57
2.97823e-58
5.67858e-59
1.04275e-59
1.84638e-60
3.15607e-61
5.21274e-62
8.3255e-63
1.28651e-63
1.92393e-64
2.78421e-65
3.89674e-66
4.87993e-67
-3.1687e-68
4.05041e-59
-8.94535e-55
-1.99868e-51
3.5575e-51
8.1014e-48
1.4809e-47
-4.18129e-46
-2.62622e-45
-6.79701e-45
-1.03856e-44
-1.09317e-44
-8.6536e-45
-5.42771e-45
-2.76348e-45
-1.14046e-45
-3.63705e-46
-6.89713e-47
1.42494e-47
2.49005e-47
1.79125e-47
1.01718e-47
5.07491e-48
2.30299e-48
9.64043e-49
3.74861e-49
1.35998e-49
4.61944e-50
1.47364e-50
4.42794e-51
1.25669e-51
3.37768e-52
8.61885e-53
2.09284e-53
4.84648e-54
1.07251e-54
2.27238e-55
4.61764e-56
9.01394e-57
1.69278e-57
3.06236e-58
5.3431e-59
9.00033e-60
1.46493e-60
2.30542e-61
3.50931e-62
5.16719e-63
7.35677e-64
1.01181e-64
1.2576e-65
-5.69005e-65
2.09776e-56
-2.4491e-52
-4.99736e-49
-1.48898e-48
1.19033e-45
3.03606e-45
-3.71213e-44
-2.36944e-43
-5.83826e-43
-8.40808e-43
-8.33594e-43
-6.23332e-43
-3.70538e-43
-1.79043e-43
-7.00019e-44
-2.10235e-44
-3.67139e-45
8.10555e-46
1.25153e-45
8.41827e-46
4.51647e-46
2.1458e-46
9.33733e-47
3.76979e-47
1.42032e-47
5.01053e-48
1.6594e-48
5.17194e-49
1.52074e-49
4.22877e-50
1.11473e-50
2.79206e-51
6.65951e-52
1.51574e-52
3.29853e-53
6.87574e-54
1.37515e-54
2.64292e-55
4.88799e-56
8.71034e-57
1.49719e-57
2.48463e-58
3.98386e-59
6.1747e-60
9.25288e-61
1.34028e-61
1.87517e-62
2.53018e-63
3.11113e-64
-9.75977e-62
1.0292e-53
-6.31645e-50
-1.1971e-46
-6.24196e-46
1.66429e-43
4.95621e-43
-3.00576e-42
-2.03146e-41
-4.79887e-41
-6.5313e-41
-6.10634e-41
-4.31782e-41
-2.43521e-41
-1.11726e-41
-4.13224e-42
-1.15997e-42
-1.78699e-43
5.0058e-44
6.36211e-44
3.94255e-44
1.98128e-44
8.90627e-45
3.69801e-45
1.43483e-45
5.2251e-46
1.78948e-46
5.77253e-47
1.75676e-47
5.05313e-48
1.3765e-48
3.55849e-49
8.74854e-50
2.04963e-50
4.58504e-51
9.81167e-52
2.01203e-52
3.96019e-53
7.49257e-54
1.36445e-54
2.39446e-55
4.0534e-56
6.62442e-57
1.04579e-57
1.59529e-58
2.35127e-59
3.34641e-60
4.59321e-61
6.06603e-62
7.34646e-63
-1.5927e-58
4.7624e-51
-1.5257e-47
-2.73612e-44
-1.64249e-43
2.20327e-41
7.05597e-41
-2.14755e-40
-1.64771e-39
-3.76411e-39
-4.85564e-39
-4.2863e-39
-2.86959e-39
-1.53768e-39
-6.70416e-40
-2.34266e-40
-6.09592e-41
-7.78106e-42
3.195e-42
3.26074e-42
1.84222e-42
8.60752e-43
3.63725e-43
1.43311e-43
5.32049e-44
1.8667e-44
6.19276e-45
1.94299e-45
5.76861e-46
1.62232e-46
4.32791e-47
1.09705e-47
2.64706e-48
6.09107e-49
1.33909e-49
2.81755e-50
5.68327e-51
1.10067e-51
2.04953e-52
3.67399e-53
6.34711e-54
1.05769e-54
1.7013e-55
2.64247e-56
3.96341e-57
5.73818e-58
8.01046e-59
1.07605e-59
1.38602e-60
1.64274e-61
-2.46144e-55
2.06786e-48
-3.42496e-45
-5.93778e-42
-3.5702e-41
2.74518e-39
9.04505e-39
-1.25409e-38
-1.25746e-37
-2.80863e-37
-3.44531e-37
-2.87497e-37
-1.82499e-37
-9.30917e-38
-3.86241e-38
-1.27407e-38
-3.04544e-39
-2.88849e-40
2.01182e-40
1.67e-40
8.57007e-41
3.7061e-41
1.46426e-41
5.44451e-42
1.92454e-42
6.47997e-43
2.07642e-43
6.32407e-44
1.82937e-44
5.02617e-45
1.31249e-45
3.26114e-46
7.72124e-47
1.74476e-47
3.76905e-48
7.79608e-49
1.54647e-49
2.94617e-50
5.39749e-51
9.5202e-52
1.61824e-52
2.65284e-53
4.19626e-54
6.40563e-55
9.43371e-56
1.33914e-56
1.82897e-57
2.39571e-58
2.99309e-59
3.43683e-60
-3.58276e-52
8.37522e-46
-7.06562e-43
-1.21621e-39
-6.86536e-39
3.19553e-37
1.05759e-36
-4.47858e-37
-8.96748e-36
-1.9867e-35
-2.32597e-35
-1.83674e-35
-1.10747e-35
-5.39163e-36
-2.13346e-36
-6.64277e-37
-1.44469e-37
-7.94583e-39
1.21285e-38
8.44013e-39
3.94632e-39
1.57855e-39
5.81346e-40
2.03057e-40
6.80038e-41
2.18765e-41
6.74729e-42
1.98979e-42
5.59846e-43
1.50103e-43
3.83399e-44
9.33363e-45
2.16772e-45
4.80898e-46
1.0205e-46
2.0745e-47
4.04549e-48
7.57815e-49
1.36525e-49
2.36794e-50
3.95727e-51
6.37584e-52
9.90603e-53
1.48389e-53
2.14142e-54
2.97226e-55
3.95613e-56
5.02373e-57
6.03186e-58
6.59185e-59
-4.87951e-49
3.14175e-43
-1.31435e-40
-2.33402e-37
-1.19833e-36
3.44333e-35
1.13285e-34
1.71995e-35
-5.92264e-34
-1.32727e-33
-1.48909e-33
-1.11365e-33
-6.39219e-34
-2.98072e-34
-1.12852e-34
-3.32027e-35
-6.51063e-36
-5.06594e-38
6.88527e-37
4.15259e-37
1.78309e-37
6.61906e-38
2.27222e-38
7.43605e-39
2.34969e-39
7.18982e-40
2.12601e-40
6.05203e-41
1.65257e-41
4.31734e-42
1.07758e-42
2.56851e-43
5.84862e-44
1.27329e-44
2.65325e-45
5.29842e-46
1.01526e-46
1.8689e-47
3.30855e-48
5.63786e-49
9.25324e-50
1.46324e-50
2.22913e-51
3.26931e-52
4.60908e-53
6.22858e-54
8.02882e-55
9.78709e-56
1.11025e-56
1.11315e-57
-6.16908e-46
1.08225e-40
-2.11885e-38
-4.15856e-35
-1.91852e-34
3.3939e-33
1.11109e-32
5.53245e-33
-3.57852e-32
-8.34314e-32
-9.00833e-32
-6.38209e-32
-3.49672e-32
-1.56939e-32
-5.71128e-33
-1.59225e-33
-2.79693e-34
1.28179e-35
3.64641e-35
1.96352e-35
7.82275e-36
2.71154e-36
8.70363e-37
2.66891e-37
7.93804e-38
2.30174e-38
6.49949e-39
1.77985e-39
4.70428e-40
1.19526e-40
2.91141e-41
6.78844e-42
1.51449e-42
3.23378e-43
6.61316e-44
1.29652e-44
2.43936e-45
4.40896e-46
7.66204e-47
1.28113e-47
2.06181e-48
3.1937e-49
4.75837e-50
6.80945e-51
9.33394e-52
1.2196e-52
1.50611e-53
1.72998e-54
1.78745e-55
1.48815e-56
-7.17009e-43
3.38746e-38
-2.63768e-36
-6.79959e-33
-2.82672e-32
3.01062e-31
9.93694e-31
6.999e-31
-1.94281e-30
-4.91801e-30
-5.13173e-30
-3.44105e-30
-1.80567e-30
-7.85148e-31
-2.76347e-31
-7.33659e-32
-1.15424e-32
1.17602e-33
1.79015e-33
8.8203e-34
3.29533e-34
1.07477e-34
3.2436e-35
9.34651e-36
2.61672e-36
7.17448e-37
1.92823e-37
5.06245e-38
1.29143e-38
3.18421e-39
7.55714e-40
1.72171e-40
3.76009e-41
7.86826e-42
1.57796e-42
3.03466e-43
5.60084e-44
9.92794e-45
1.69124e-45
2.76986e-46
4.36127e-47
6.59808e-48
9.5774e-49
1.33017e-49
1.75901e-50
2.19542e-51
2.54376e-52
2.64196e-53
2.23923e-54
8.90879e-56
-7.56842e-40
9.50594e-36
-1.14803e-34
-1.00504e-30
-3.83099e-30
2.3469e-29
8.04183e-29
6.63732e-29
-9.20558e-29
-2.71308e-28
-2.74445e-28
-1.73664e-28
-8.76246e-29
-3.72324e-29
-1.27733e-29
-3.25277e-30
-4.6317e-31
7.03431e-32
8.10151e-32
3.72505e-32
1.31803e-32
4.07715e-33
1.16487e-33
3.1705e-34
8.3778e-35
2.17216e-35
5.54646e-36
1.39232e-36
3.41879e-37
8.16157e-38
1.884e-38
4.18837e-39
8.9446e-40
1.8326e-40
3.60073e-41
6.78552e-42
1.22693e-42
2.12958e-43
3.54919e-44
5.67939e-45
8.72067e-46
1.28301e-46
1.80346e-47
2.4096e-48
3.03185e-49
3.52915e-50
3.65675e-51
3.0284e-52
1.07496e-53
-3.25775e-54
-7.14318e-37
2.34989e-33
7.28962e-32
-1.31612e-28
-4.76466e-28
1.54484e-27
5.81806e-27
5.21811e-27
-3.60052e-27
-1.40147e-26
-1.37493e-26
-8.15716e-27
-3.97456e-27
-1.6685e-27
-5.62972e-28
-1.38745e-28
-1.83064e-29
3.36434e-30
3.35959e-30
1.46454e-30
4.95015e-31
1.46322e-31
3.98646e-32
1.03162e-32
2.58565e-33
6.35628e-34
1.54249e-34
3.6976e-35
8.72225e-36
2.01211e-36
4.51015e-37
9.77078e-38
2.03814e-38
4.08422e-39
7.85324e-40
1.44829e-40
2.5615e-41
4.34464e-42
7.06538e-43
1.10083e-43
1.64065e-44
2.33181e-45
3.14304e-46
3.97724e-47
4.63226e-48
4.75058e-49
3.75849e-50
7.97511e-52
-5.34719e-52
-1.71507e-52
-5.90516e-34
4.99453e-31
3.55922e-29
-1.48468e-26
-5.42553e-26
7.89081e-26
3.69087e-25
3.4965e-25
-1.00298e-25
-6.80106e-25
-6.44384e-25
-3.54197e-25
-1.67311e-25
-7.03364e-26
-2.35585e-26
-5.66944e-27
-7.16009e-28
1.35097e-28
1.26774e-28
5.30739e-29
1.72618e-29
4.9082e-30
1.28409e-30
3.1821e-31
7.61444e-32
1.78352e-32
4.12478e-33
9.44987e-34
2.14044e-34
4.76643e-35
1.03626e-35
2.18536e-36
4.4482e-37
8.7094e-38
1.63697e-38
2.95006e-39
5.09388e-40
8.42174e-41
1.33181e-41
2.0108e-42
2.88882e-43
3.92518e-44
4.98774e-45
5.79557e-46
5.84406e-47
4.31231e-48
-4.43537e-51
-9.01067e-50
-2.50261e-50
-5.37225e-51
-4.15579e-31
8.80488e-29
1.15304e-26
-1.3839e-24
-5.65674e-24
2.31773e-24
1.98707e-23
2.0067e-23
-6.38768e-25
-3.10183e-23
-2.81733e-23
-1.40844e-23
-6.46327e-24
-2.76698e-24
-9.27738e-25
-2.19463e-25
-2.73426e-26
4.61055e-27
4.31801e-27
1.75408e-27
5.52273e-28
1.51927e-28
3.8415e-29
9.18148e-30
2.11295e-30
4.74688e-31
1.05158e-31
2.30986e-32
5.03165e-33
1.08214e-33
2.28172e-34
4.68256e-35
9.29572e-36
1.77709e-36
3.26169e-37
5.73594e-38
9.64994e-39
1.55062e-39
2.3744e-40
3.4517e-41
4.73207e-42
6.04254e-43
7.00748e-44
6.94191e-45
4.71747e-46
-1.39669e-47
-1.39111e-47
-3.62983e-48
-7.31603e-49
-1.36715e-49
-2.38747e-28
1.21258e-26
3.16583e-24
-9.95558e-23
-5.42439e-22
-6.89596e-23
8.54345e-22
9.83931e-22
1.39315e-22
-1.29974e-21
-1.13612e-21
-5.04392e-22
-2.24462e-22
-1.00162e-22
-3.38394e-23
-7.88432e-24
-9.84919e-25
1.34022e-25
1.31551e-25
5.22394e-26
1.5997e-26
4.27889e-27
1.0519e-27
2.44173e-28
5.44554e-29
1.1824e-29
2.52639e-30
5.34988e-31
1.12514e-31
2.34287e-32
4.79832e-33
9.59065e-34
1.85759e-34
3.46722e-35
6.21135e-36
1.06478e-36
1.74213e-37
2.71249e-38
4.00195e-39
5.55505e-40
7.15979e-41
8.3398e-42
8.20905e-43
5.28682e-44
-2.72556e-45
-1.91987e-45
-4.8845e-46
-9.79797e-47
-1.74737e-47
-3.04102e-48
-1.04575e-25
1.14729e-24
7.73447e-22
-4.83508e-21
-4.82022e-20
-1.55883e-20
2.57423e-20
4.10362e-20
1.12047e-20
-4.5677e-20
-4.09379e-20
-1.57115e-20
-6.72384e-21
-3.26291e-21
-1.11525e-21
-2.54569e-22
-3.17784e-23
3.3623e-24
3.55016e-24
1.38229e-24
4.13001e-25
1.07885e-25
2.59337e-26
5.88711e-27
1.28234e-27
2.71351e-28
5.6379e-29
1.15948e-29
2.3687e-30
4.79793e-31
9.5772e-32
1.86886e-32
3.53735e-33
6.45263e-34
1.12868e-34
1.88548e-35
2.99642e-36
4.50851e-37
6.37563e-38
8.36381e-39
9.91266e-40
9.94594e-41
6.62753e-42
-2.93638e-43
-2.30412e-43
-5.97575e-44
-1.21306e-44
-2.18391e-45
-3.64435e-46
-6.07178e-47
-3.05608e-23
3.79756e-23
1.68384e-19
-1.1596e-19
-4.03628e-18
-1.23492e-18
3.72102e-19
1.35295e-18
5.99286e-19
-1.02005e-18
-1.25511e-18
-3.95037e-19
-1.58779e-19
-9.31652e-20
-3.20872e-20
-7.03122e-21
-8.54938e-22
7.74033e-23
8.40318e-23
3.19338e-23
9.3207e-24
2.38766e-24
5.64632e-25
1.26273e-25
2.70872e-26
5.63585e-27
1.1491e-27
2.31547e-28
4.63149e-29
9.1868e-30
1.79674e-30
3.43673e-31
6.37587e-32
1.13907e-32
1.94819e-33
3.17366e-34
4.89778e-35
7.10889e-36
9.58913e-37
1.17455e-37
1.23752e-38
9.35845e-40
-7.19337e-42
-2.30089e-41
-6.48837e-42
-1.36439e-42
-2.5096e-43
-4.25285e-44
-6.79979e-45
-1.0997e-45
-5.03239e-21
-1.45408e-20
3.17506e-17
-1.1762e-15
-3.00383e-16
-5.44899e-17
2.02629e-17
2.86908e-16
3.12546e-17
-5.07086e-17
-3.68819e-17
-6.74921e-18
-2.32948e-18
-2.34071e-18
-7.71853e-19
-1.51046e-19
-1.67987e-20
1.86158e-21
1.72438e-21
6.29121e-22
1.79217e-22
4.52321e-23
1.0601e-23
2.35609e-24
5.02443e-25
1.03809e-25
2.09823e-26
4.18449e-27
8.27293e-28
1.6203e-28
3.12616e-29
5.89283e-30
1.07597e-30
1.88855e-31
3.1658e-32
5.03753e-33
7.55574e-34
1.05725e-34
1.35487e-35
1.528e-36
1.35326e-37
4.58761e-39
-1.72955e-39
-6.04761e-40
-1.36556e-40
-2.60977e-41
-4.53525e-42
-7.38633e-43
-1.14538e-43
-1.81213e-44
-3.65741e-15
2.43741e-14
-1.3214e-14
-7.25044e-14
1.4843e-13
4.74723e-13
1.59068e-13
2.0668e-14
-7.80307e-14
-3.17604e-14
-1.33046e-15
-4.10492e-17
-3.96468e-17
-6.64653e-17
-1.45443e-17
-1.73359e-18
-1.32391e-19
4.92685e-20
2.99968e-20
1.01965e-20
2.83041e-21
7.09071e-22
1.66497e-22
3.72102e-23
7.98167e-24
1.6567e-24
3.35835e-25
6.7048e-26
1.32434e-26
2.58545e-27
4.95966e-28
9.27052e-29
1.67392e-29
2.8972e-30
4.77362e-31
7.43586e-32
1.08546e-32
1.46418e-33
1.77566e-34
1.81026e-35
1.20134e-36
-6.36161e-38
-4.57485e-38
-1.18479e-38
-2.412e-39
-4.35502e-40
-7.28345e-41
-1.15219e-41
-1.74464e-42
-2.71263e-43
-4.12245e-13
3.07792e-12
-2.53801e-11
-1.90615e-12
1.54068e-10
2.69896e-11
4.13842e-12
-2.84126e-11
-9.09221e-12
-6.81441e-13
2.64798e-15
-8.31733e-14
-2.85756e-14
-2.1331e-15
-1.02863e-16
1.05138e-16
5.85128e-18
1.16085e-18
4.13982e-19
1.27472e-19
3.46909e-20
8.77097e-21
2.10253e-21
4.80871e-22
1.05397e-22
2.22986e-23
4.59654e-24
9.30846e-25
1.85912e-25
3.65522e-26
7.02953e-27
1.31124e-27
2.35254e-28
4.02929e-29
6.54238e-30
9.99394e-31
1.42094e-31
1.84548e-32
2.10321e-33
1.87454e-34
6.24901e-36
-2.46996e-36
-8.60371e-37
-1.94185e-37
-3.70757e-38
-6.43094e-39
-1.0445e-39
-1.61403e-40
-2.39569e-41
-3.67018e-42
4.7744e-10
-2.19206e-10
-2.30868e-09
1.28194e-08
1.01735e-08
-2.85485e-08
-4.63281e-08
-1.07274e-08
-2.77783e-10
7.4634e-13
-4.83572e-12
-2.0364e-12
-3.88767e-13
1.23303e-12
4.20771e-13
1.31192e-14
2.09306e-17
9.90483e-18
3.5601e-18
1.07408e-18
3.00622e-19
8.01063e-20
2.03082e-20
4.88312e-21
1.11717e-21
2.45377e-22
5.23055e-23
1.09102e-23
2.23272e-24
4.46844e-25
8.68511e-26
1.62614e-26
2.91053e-27
4.94575e-28
7.9245e-29
1.1872e-29
1.64103e-30
2.03993e-31
2.14421e-32
1.52585e-33
-5.05191e-35
-4.98126e-35
-1.33581e-35
-2.75893e-36
-5.01846e-37
-8.42429e-38
-1.33445e-38
-2.01991e-39
-2.94471e-40
-4.45038e-41
4.92746e-08
-1.05767e-07
-9.58746e-11
5.65748e-07
-3.53688e-07
-6.63849e-06
-1.58969e-06
-5.30074e-08
-1.13496e-11
2.55468e-11
-6.57257e-11
1.07307e-10
1.77655e-10
8.82363e-11
1.43094e-11
2.05908e-15
1.98265e-16
4.50009e-17
1.41628e-17
4.90849e-18
1.63048e-18
5.03737e-19
1.42821e-19
3.7351e-20
9.14244e-21
2.13003e-21
4.78959e-22
1.04722e-22
2.2271e-23
4.58434e-24
9.0689e-25
1.71185e-25
3.06372e-26
5.16798e-27
8.16099e-28
1.19455e-28
1.59196e-29
1.858e-30
1.69947e-31
6.16009e-33
-2.17242e-33
-7.80065e-34
-1.78292e-34
-3.43029e-35
-5.97875e-36
-9.73745e-37
-1.50641e-37
-2.23549e-38
-3.20272e-39
-4.77542e-40
-4.21841e-05
-0.000116455
0.000294373
1.84197e-05
-0.00132605
-0.00100724
0.00337054
0.0138572
0.0262786
0.0296462
0.0218947
0.0095778
0.00160735
2.96726e-10
1.70048e-11
7.61825e-12
3.08455e-13
2.93345e-17
2.11699e-17
1.53568e-17
6.25075e-18
2.28139e-18
7.25393e-19
2.07419e-19
5.51051e-20
1.39149e-20
3.37834e-21
7.89974e-22
1.77146e-22
3.78494e-23
7.65831e-24
1.45998e-24
2.61064e-25
4.35632e-26
6.73192e-27
9.50035e-28
1.18874e-28
1.22084e-29
7.38937e-31
-7.59551e-32
-4.033e-32
-1.0155e-32
-2.0566e-33
-3.71091e-34
-6.20424e-35
-9.80178e-36
-1.48015e-36
-2.15221e-37
-3.02835e-38
-4.45048e-39
-0.00270224
-0.00272844
0.0058842
-0.00152465
-0.0226457
-0.00795981
0.0685605
0.194394
0.32114
0.367115
0.311003
0.190198
0.0774182
0.0154316
0.000108746
2.73248e-09
2.00458e-10
3.92925e-12
2.76005e-14
1.79838e-16
2.51682e-17
8.32696e-18
2.51298e-18
7.34724e-19
2.1342e-19
6.09291e-20
1.67094e-20
4.32044e-21
1.04204e-21
2.33317e-22
4.84082e-23
9.29569e-24
1.64808e-24
2.68229e-25
3.95584e-26
5.13124e-27
5.39622e-28
3.17407e-29
-4.23408e-30
-2.10536e-30
-5.3452e-31
-1.0992e-31
-2.01561e-32
-3.42241e-33
-5.48505e-34
-8.39224e-35
-1.23484e-35
-1.75617e-36
-2.42257e-37
-3.50072e-38
0.00143012
0.00723601
0.00887455
-0.0113584
-0.0359503
0.0149916
0.185436
0.424573
0.674787
0.851981
0.844623
0.64368
0.354309
0.126645
0.0189502
1.36568e-05
1.72192e-08
3.1804e-10
2.12362e-12
1.44433e-16
5.72891e-17
1.91285e-17
8.38512e-19
-2.70469e-19
3.61331e-20
7.31039e-20
3.68415e-20
1.28507e-20
3.63148e-21
8.8127e-22
1.88585e-22
3.59675e-23
6.10236e-24
9.0326e-25
1.09646e-25
8.47653e-27
-5.20391e-28
-4.19574e-28
-1.20859e-28
-2.70438e-29
-5.30862e-30
-9.55764e-31
-1.61332e-31
-2.58622e-32
-3.96997e-33
-5.86902e-34
-8.39015e-35
-1.16323e-35
-1.56724e-36
-2.21564e-37
0.00211932
0.0151832
0.0172968
-0.0200068
-0.0563758
0.0233474
0.269948
0.568442
0.814688
1.01304
1.09797
0.976668
0.661573
0.315906
0.0890396
0.00590861
-7.22712e-11
-4.33124e-12
5.58119e-15
5.85219e-16
5.48422e-18
-7.46344e-17
-1.54882e-16
-3.63757e-17
-7.77768e-18
-1.44418e-18
-2.21455e-19
-2.55079e-20
-1.42165e-21
2.24091e-22
7.57464e-23
6.67045e-24
-2.61211e-24
-1.53552e-24
-5.0681e-25
-1.33156e-25
-3.04985e-26
-6.33646e-27
-1.2205e-27
-2.20954e-28
-3.79504e-29
-6.22654e-30
-9.80903e-31
-1.4896e-31
-2.18718e-32
-3.11206e-33
-4.29763e-34
-5.76517e-35
-7.51425e-36
-1.02501e-36
-0.0017653
0.00795575
0.0234173
-0.00857627
-0.072121
-0.0191276
0.241229
0.58052
0.828969
0.985442
1.07624
1.02525
0.776702
0.431852
0.156688
0.0236137
7.45408e-10
7.55939e-12
1.31696e-13
6.24852e-15
-2.30607e-14
-4.01565e-14
-4.72436e-15
-2.26103e-16
-4.72826e-17
-9.97941e-18
-1.95979e-18
-3.75875e-19
-7.34922e-20
-1.50381e-20
-3.21044e-21
-6.9748e-22
-1.4999e-22
-3.13183e-23
-6.28675e-24
-1.20888e-24
-2.22643e-25
-3.9334e-26
-6.68045e-27
-1.09324e-27
-1.72755e-28
-2.64075e-29
-3.91021e-30
-5.61313e-31
-7.81299e-32
-1.0538e-32
-1.37498e-33
-1.73007e-34
-2.08793e-35
-2.55983e-36
-0.00347858
-0.00463992
0.0131659
0.0124751
-0.0480097
-0.0690847
0.0866991
0.392721
0.692575
0.9201
1.05876
1.03767
0.81633
0.480317
0.192359
0.0386156
0.000278011
-5.04083e-12
-4.24293e-12
-4.79437e-12
-1.04414e-11
-1.3822e-12
7.26627e-17
2.53182e-18
-4.80489e-18
-3.11295e-18
-1.35538e-18
-4.81865e-19
-1.48423e-19
-4.0796e-20
-1.01938e-20
-2.3462e-21
-5.02399e-22
-1.00889e-22
-1.91237e-23
-3.44016e-24
-5.89893e-25
-9.67544e-26
-1.52178e-26
-2.2982e-27
-3.33192e-28
-4.62667e-29
-6.11897e-30
-7.62062e-31
-8.73146e-32
-8.71432e-33
-6.32597e-34
3.98096e-36
1.43994e-35
4.57034e-36
0.000168094
-0.00520302
-0.00344281
0.0132511
0.00396972
-0.0510394
-0.0601103
0.0851066
0.380186
0.704059
0.911913
0.91256
0.733136
0.449714
0.195074
0.0472563
0.00152891
-1.7941e-10
-1.90951e-09
-1.88432e-09
-3.28584e-10
2.32868e-14
2.788e-15
1.70515e-16
2.55328e-17
4.41665e-18
8.44669e-19
1.81218e-19
4.32671e-20
1.10604e-20
2.87986e-21
7.35812e-22
1.80932e-22
4.25214e-23
9.54946e-24
2.05567e-24
4.26019e-25
8.5394e-26
1.66284e-26
3.15726e-27
5.86205e-28
1.06636e-28
1.90248e-29
3.33e-30
5.71729e-31
9.62395e-32
1.58739e-32
2.56414e-33
4.05457e-34
6.94744e-35
0.00107027
0.00212062
-0.00237907
-0.00192705
0.0118375
0.00589524
-0.0397422
-0.0551801
0.050451
0.278016
0.495808
0.549915
0.453643
0.276208
0.116766
0.0270223
0.000672488
-5.39963e-07
-2.84676e-07
-4.91157e-08
3.44273e-12
4.94068e-13
1.06272e-16
3.90396e-17
1.97063e-17
7.4865e-18
2.468e-18
7.46432e-19
2.11706e-19
5.68463e-20
1.45282e-20
3.54858e-21
8.31552e-22
1.87642e-22
4.09177e-23
8.65007e-24
1.77761e-24
3.55877e-25
6.95163e-26
1.32629e-26
2.47287e-27
4.50689e-28
8.02926e-29
1.39819e-29
2.37963e-30
3.95804e-31
6.43407e-32
1.02227e-32
1.58781e-33
2.67135e-34
-0.000473949
-3.92809e-05
0.000636793
-0.00130274
-0.00104003
0.00473812
0.00399355
-0.0144194
-0.0247884
0.0122625
0.0861118
0.1306
0.117822
0.0707667
0.0264417
0.00392034
-9.2731e-06
-4.95384e-06
-1.59104e-06
-1.27576e-07
-7.58521e-12
-5.13511e-15
2.50793e-16
1.21052e-16
4.02648e-17
1.13165e-17
2.85629e-18
6.825e-19
1.62661e-19
4.00138e-20
1.01926e-20
2.63646e-21
6.7641e-22
1.6929e-22
4.09731e-23
9.55743e-24
2.14746e-24
4.65139e-25
9.72418e-26
1.96483e-26
3.84202e-27
7.2791e-28
1.33767e-28
2.38675e-29
4.13851e-30
6.97957e-31
1.14578e-31
1.83227e-32
2.8562e-33
4.82162e-34
7.38098e-06
2.11393e-06
-2.41156e-05
4.50224e-05
5.91638e-05
-0.000231822
-0.000271936
0.000912599
0.00190393
-0.0010545
-0.00849603
-0.014799
-0.0148353
-0.0102177
-0.00457193
-0.00106352
-2.53695e-05
4.2104e-07
2.22718e-07
3.71401e-08
-2.28859e-12
-2.07908e-13
-1.60343e-15
-6.09978e-17
-1.32184e-17
-1.72647e-18
4.22669e-20
1.34757e-19
6.46764e-20
2.32794e-20
7.25696e-21
2.05376e-21
5.39794e-22
1.33568e-22
3.14032e-23
7.06204e-24
1.52659e-24
3.18389e-25
6.4243e-26
1.25655e-26
2.38567e-27
4.40051e-28
7.89016e-29
1.37554e-29
2.33184e-30
3.84346e-31
6.15809e-32
9.58748e-33
1.44961e-33
2.35516e-34
-1.3566e-07
-2.02511e-07
9.11006e-07
-1.06654e-06
-3.5566e-06
7.92787e-06
1.97962e-05
-3.81829e-05
-0.000128846
1.49711e-05
0.000563132
0.00119799
0.00137487
0.00107147
0.000559595
0.00017105
1.44987e-05
-3.42211e-08
-2.33696e-08
-6.32026e-09
-2.47552e-10
-5.18388e-14
-1.55382e-15
-3.96026e-17
-1.01715e-17
-1.98796e-18
-3.97225e-19
-9.48312e-20
-2.55143e-20
-7.03927e-21
-1.90978e-21
-5.04269e-22
-1.29504e-22
-3.23886e-23
-7.8983e-24
-1.87972e-24
-4.36813e-25
-9.91316e-26
-2.19687e-26
-4.75306e-27
-1.00368e-27
-2.0681e-28
-4.15757e-29
-8.15434e-30
-1.56049e-30
-2.91437e-31
-5.31332e-32
-9.4597e-33
-1.64534e-33
-3.16211e-34
)
;

boundaryField
{
    movingWall
    {
        type            zeroGradient;
    }
    fixedWalls
    {
        type            zeroGradient;
    }
    frontAndBack
    {
        type            empty;
    }
}

