/*--------------------------------*- C++ -*----------------------------------*\
| =========                 |                                                 |
| \\      /  F ield         | OpenFOAM: The Open Source CFD Toolbox           |
|  \\    /   O peration     | Version:  v2006                                 |
|   \\  /    A nd           | Website:  www.openfoam.com                      |
|    \\/     M anipulation  |                                                 |
\*---------------------------------------------------------------------------*/
FoamFile
{
    version     2.0;
    format      ascii;
    class       volScalarField;
    location    "0";
    object      f;
}
// * * * * * * * * * * * * * * * * * * * * * * * * * * * * * * * * * * * * * //

dimensions      [0 0 0 0 0 0 0];


internalField   nonuniform List<scalar> 
2500
(
-4.30176e-34
-3.92834e-34
-2.88578e-34
-1.47442e-34
-2.15688e-35
1.16672e-34
3.9697e-34
9.33395e-34
1.68901e-33
2.44033e-33
2.90225e-33
2.921e-33
2.5501e-33
1.97053e-33
1.3681e-33
8.62282e-34
4.96848e-34
2.63061e-34
1.28526e-34
5.81769e-35
2.44928e-35
9.62836e-36
3.54786e-36
1.22999e-36
4.02626e-37
1.2486e-37
3.67983e-38
1.03365e-38
2.77474e-39
7.13589e-40
1.76211e-40
4.18675e-41
9.58968e-42
2.12113e-42
4.53788e-43
9.40342e-44
1.88989e-44
3.68826e-45
6.99697e-46
1.2916e-46
2.32201e-47
4.0688e-48
6.95434e-49
1.16017e-49
1.8903e-50
3.00972e-51
4.68522e-52
7.13431e-53
1.06312e-53
1.55098e-54
-3.26273e-33
-3.00625e-33
-2.25795e-33
-1.18295e-33
-2.32768e-34
6.03644e-34
2.16762e-33
5.40039e-33
1.02915e-32
1.54148e-32
1.87195e-32
1.90163e-32
1.6632e-32
1.28272e-32
8.8796e-33
5.58359e-33
3.21359e-33
1.70146e-33
8.31975e-34
3.77073e-34
1.58982e-34
6.25892e-35
2.30947e-35
8.01665e-36
2.62719e-36
8.15601e-37
2.40618e-37
6.76582e-38
1.81819e-38
4.68131e-39
1.15745e-39
2.75395e-40
6.31767e-41
1.39978e-41
3.00024e-42
6.22968e-43
1.25474e-43
2.45434e-44
4.66731e-45
8.6371e-46
1.55674e-46
2.73496e-47
4.68687e-48
7.83954e-49
1.28065e-49
2.04428e-50
3.1903e-51
4.86975e-52
7.27365e-53
1.06352e-53
-2.403e-32
-2.23689e-32
-1.71894e-32
-9.1282e-33
-1.90139e-33
3.08204e-33
1.10218e-32
2.94506e-32
6.01797e-32
9.4449e-32
1.17695e-31
1.20845e-31
1.05822e-31
8.1331e-32
5.60426e-32
3.51117e-32
2.01697e-32
1.06764e-32
5.22543e-33
2.37216e-33
1.00207e-33
3.95267e-34
1.46116e-34
5.08048e-35
1.6675e-35
5.18398e-36
1.53143e-36
4.3119e-37
1.16033e-37
2.99184e-38
7.40886e-39
1.7658e-39
4.0583e-40
9.00993e-41
1.93535e-41
4.02792e-42
8.13288e-43
1.59497e-43
3.04129e-44
5.64377e-45
1.02012e-45
1.79735e-46
3.08896e-47
5.18156e-48
8.48832e-49
1.3587e-49
2.12604e-50
3.25357e-51
4.8716e-52
7.13964e-53
-1.71611e-31
-1.61638e-31
-1.2717e-31
-6.76348e-32
-1.23624e-32
1.73622e-32
5.17191e-32
1.4925e-31
3.361e-31
5.60878e-31
7.2156e-31
7.49973e-31
6.56926e-31
5.0209e-31
3.43597e-31
2.14098e-31
1.22624e-31
6.48707e-32
3.17864e-32
1.44605e-32
6.12396e-33
2.4218e-33
8.97419e-34
3.12723e-34
1.02846e-34
3.20318e-35
9.47909e-36
2.67345e-36
7.20653e-37
1.86147e-37
4.61836e-38
1.10295e-38
2.54044e-39
5.65338e-40
1.21742e-40
2.54051e-41
5.14404e-42
1.01178e-42
1.93511e-43
3.60213e-44
6.53132e-45
1.15438e-45
1.99014e-46
3.34864e-47
5.50222e-48
8.83299e-49
1.38605e-49
2.12686e-50
3.19274e-51
4.6905e-52
-1.18646e-30
-1.13275e-30
-9.13101e-31
-4.80089e-31
-5.69025e-32
1.24701e-31
2.24949e-31
6.85906e-31
1.78089e-30
3.2259e-30
4.31669e-30
4.54911e-30
3.98048e-30
3.01693e-30
2.04405e-30
1.26357e-30
7.20527e-31
3.80791e-31
1.86855e-31
8.52447e-32
3.62226e-32
1.43737e-32
5.34334e-33
1.86738e-33
6.15726e-34
1.92223e-34
5.70089e-35
1.61126e-35
4.35246e-36
1.12669e-36
2.80169e-37
6.70707e-38
1.54881e-38
3.45605e-39
7.46394e-40
1.56233e-40
3.17349e-41
6.26247e-42
1.20179e-42
2.24474e-43
4.08411e-44
7.24316e-45
1.25294e-45
2.11519e-46
3.48667e-47
5.61466e-48
8.8365e-49
1.35976e-49
2.04663e-50
3.01425e-51
-7.92686e-30
-7.6873e-30
-6.35418e-30
-3.25464e-30
-3.11804e-32
1.13192e-30
9.67607e-31
2.71959e-30
8.86447e-30
1.79614e-29
2.52283e-29
2.70011e-29
2.35572e-29
1.76405e-29
1.17835e-29
7.2015e-30
4.08022e-30
2.15297e-30
1.05848e-30
4.84743e-31
2.06922e-31
8.24868e-32
3.07944e-32
1.08028e-32
3.57396e-33
1.11911e-33
3.32819e-34
9.43126e-35
2.55421e-35
6.62914e-36
1.65289e-36
3.96813e-37
9.19067e-38
2.0573e-38
4.45782e-39
9.36324e-40
1.90873e-40
3.78047e-41
7.28193e-42
1.36525e-42
2.49327e-43
4.43819e-44
7.70513e-45
1.30535e-45
2.15905e-46
3.48809e-47
5.50662e-48
8.49832e-49
1.28262e-49
1.89386e-50
-5.10752e-29
-5.04356e-29
-4.27932e-29
-2.0989e-29
3.27377e-30
1.11758e-29
5.07881e-30
8.10171e-30
4.07824e-29
9.6798e-29
1.44272e-28
1.57066e-28
1.36303e-28
1.00365e-28
6.5724e-29
3.95186e-29
2.21829e-29
1.16779e-29
5.75668e-30
2.65052e-30
1.13858e-30
4.56713e-31
1.7147e-31
6.04525e-32
2.00866e-32
6.31375e-33
1.88418e-33
5.35656e-34
1.45523e-34
3.78866e-35
9.47673e-36
2.28264e-36
5.30517e-37
1.19184e-37
2.59226e-38
5.46606e-39
1.11874e-39
2.22484e-40
4.3031e-41
8.10079e-42
1.4854e-42
2.65464e-43
4.62655e-44
7.86725e-45
1.30589e-45
2.11692e-46
3.35267e-47
5.18971e-48
7.8546e-49
1.16278e-49
-3.16655e-28
-3.19312e-28
-2.78506e-28
-1.2812e-28
5.11884e-29
1.07724e-28
3.95244e-29
6.49846e-30
1.6821e-28
5.05033e-28
8.08914e-28
8.97069e-28
7.72038e-28
5.55644e-28
3.54006e-28
2.07969e-28
1.15168e-28
6.04263e-29
2.99065e-29
1.38769e-29
6.01438e-30
2.43326e-30
9.20543e-31
3.26675e-31
1.09154e-31
3.44763e-32
1.03329e-32
2.94919e-33
8.04236e-34
2.10161e-34
5.2766e-35
1.27587e-35
2.97713e-36
6.71597e-37
1.46696e-37
3.1068e-38
6.38707e-39
1.27591e-39
2.47887e-40
4.68738e-41
8.63259e-42
1.54934e-42
2.71128e-43
4.62852e-44
7.71159e-45
1.25448e-45
1.99334e-46
3.09502e-47
4.69761e-48
6.97243e-49
-1.88408e-27
-1.94668e-27
-1.74932e-27
-7.35701e-28
5.58199e-28
9.75059e-28
3.8565e-28
-1.38183e-28
5.78797e-28
2.55224e-27
4.45636e-27
5.0402e-27
4.28708e-27
2.99387e-27
1.83682e-27
1.0436e-27
5.6645e-28
2.95793e-28
1.4732e-28
6.91601e-29
3.0364e-29
1.24331e-29
4.75275e-30
1.70134e-30
5.72614e-31
1.81972e-31
5.48307e-32
1.57252e-32
4.30765e-33
1.13062e-33
2.85119e-34
6.9249e-35
1.62326e-35
3.67905e-36
8.07473e-37
1.71847e-37
3.55033e-38
7.12736e-39
1.3915e-39
2.64387e-40
4.8919e-41
8.81933e-42
1.55001e-42
2.65692e-43
4.44379e-44
7.25507e-45
1.15669e-45
1.80156e-46
2.74221e-47
4.08076e-48
-1.07263e-26
-1.14008e-26
-1.05941e-26
-3.94591e-27
5.13065e-27
8.22373e-27
3.75917e-27
-1.31339e-27
1.26501e-27
1.24983e-26
2.4167e-26
2.79042e-26
2.33736e-26
1.57033e-26
9.1504e-27
4.95009e-27
2.60554e-27
1.35129e-27
6.80238e-28
3.25288e-28
1.45617e-28
6.06672e-29
2.3527e-29
8.52053e-30
2.89485e-30
9.27126e-31
2.81206e-31
8.11215e-32
2.23422e-32
5.89457e-33
1.49409e-33
3.64747e-34
8.59463e-35
1.95827e-35
4.32114e-36
9.24623e-37
1.92063e-37
3.87647e-38
7.60817e-39
1.45301e-39
2.70182e-40
4.89409e-41
8.64019e-42
1.48732e-42
2.49747e-43
4.09248e-44
6.54692e-45
1.02288e-45
1.5614e-46
2.32957e-47
-5.82285e-26
-6.39651e-26
-6.18482e-26
-1.9634e-26
4.2058e-26
6.47363e-26
3.38409e-26
-7.13409e-27
-2.61579e-27
5.9265e-26
1.29124e-25
1.5237e-25
1.25272e-25
8.01929e-26
4.35533e-26
2.18724e-26
1.09485e-26
5.61995e-27
2.886e-27
1.4241e-27
6.57448e-28
2.81071e-28
1.11241e-28
4.09272e-29
1.40771e-29
4.55297e-30
1.39226e-30
4.04483e-31
1.12118e-31
2.97598e-32
7.58784e-33
1.8633e-33
4.41651e-34
1.0123e-34
2.24713e-35
4.83713e-36
1.01074e-36
2.05189e-37
4.05001e-38
7.77704e-39
1.45368e-39
2.64626e-40
4.69359e-41
8.11473e-42
1.36811e-42
2.25021e-43
3.61205e-44
5.66095e-45
8.66567e-46
1.29618e-46
-3.00194e-25
-3.4272e-25
-3.48457e-25
-9.05301e-26
3.14828e-25
4.7732e-25
2.78632e-25
-1.90646e-26
-5.71335e-26
2.70989e-25
6.79116e-25
8.20397e-25
6.60372e-25
3.98657e-25
1.96574e-25
8.75649e-26
3.99383e-26
2.01475e-26
1.08041e-26
5.66095e-27
2.75512e-27
1.22642e-27
4.99984e-28
1.87983e-28
6.57111e-29
2.15195e-29
6.6468e-30
1.9475e-30
5.4392e-31
1.45394e-31
3.73231e-32
9.22656e-33
2.20151e-33
5.07961e-34
1.13506e-34
2.45934e-35
5.17197e-36
1.05654e-36
2.09799e-37
4.05192e-38
7.61521e-39
1.39338e-39
2.48324e-40
4.31231e-41
7.30005e-42
1.20516e-42
1.9411e-43
3.05152e-44
4.6841e-45
7.02362e-46
-1.46281e-24
-1.74704e-24
-1.90081e-24
-3.95344e-25
2.17592e-24
3.30717e-24
2.11161e-24
1.08591e-25
-4.81801e-25
1.18018e-24
3.50376e-24
4.34756e-24
3.42235e-24
1.92766e-24
8.30597e-25
2.97718e-25
1.08259e-25
5.24112e-26
3.20259e-26
1.93638e-26
1.04479e-26
4.97829e-27
2.12271e-27
8.22737e-28
2.93818e-28
9.7752e-29
3.0566e-29
9.0469e-30
2.54914e-30
6.86952e-31
1.77709e-31
4.42626e-32
1.064e-32
2.47308e-33
5.56641e-34
1.21467e-34
2.57216e-35
5.28955e-36
1.05705e-36
2.05384e-37
3.88186e-38
7.14021e-39
1.2787e-39
2.23049e-40
3.79128e-41
6.28221e-42
1.01523e-42
1.60079e-43
2.4638e-44
3.70316e-45
-6.70039e-24
-8.43585e-24
-1.01006e-23
-1.78118e-24
1.39522e-23
2.15834e-23
1.48436e-23
2.19201e-24
-3.20556e-24
4.74348e-24
1.76161e-23
2.25957e-23
1.74068e-23
9.04957e-24
3.2068e-24
6.83113e-25
3.41937e-26
-9.99479e-28
4.12173e-26
4.83049e-26
3.39484e-26
1.84161e-26
8.43926e-27
3.41727e-27
1.25575e-27
4.26202e-28
1.35271e-28
4.05185e-29
1.15341e-29
3.1371e-30
8.18631e-31
2.05619e-31
4.98351e-32
1.1677e-32
2.64905e-33
5.82503e-34
1.24262e-34
2.57344e-35
5.17702e-36
1.01218e-36
1.92418e-37
3.55827e-38
6.40361e-39
1.122e-39
1.91484e-40
3.18448e-41
5.16305e-42
8.16459e-43
1.25986e-43
1.89789e-44
-2.86835e-23
-3.83888e-23
-5.27529e-23
-9.74303e-24
8.30731e-23
1.32872e-22
9.73622e-23
2.18524e-23
-1.9091e-23
1.61369e-23
8.54202e-23
1.14589e-22
8.66401e-23
4.11113e-23
1.07086e-23
-8.02004e-25
-2.3787e-24
-1.29557e-24
-3.70685e-25
6.02529e-27
7.9917e-26
5.96405e-26
3.10255e-26
1.34082e-26
5.12009e-27
1.78189e-27
5.75759e-28
1.74872e-28
5.03622e-29
1.38405e-29
3.64683e-30
9.24523e-31
2.26099e-31
5.34439e-32
1.22276e-32
2.7108e-33
5.82802e-34
1.21589e-34
2.46294e-35
4.84628e-36
9.26736e-37
1.72301e-37
3.11602e-38
5.48387e-39
9.39615e-40
1.56817e-40
2.55052e-41
4.04449e-42
6.25624e-43
9.44472e-44
-1.14402e-22
-1.6377e-22
-2.73444e-22
-6.91068e-23
4.58233e-22
7.7205e-22
5.98193e-22
1.71132e-22
-1.0794e-22
3.16537e-23
3.93371e-22
5.63413e-22
4.20467e-22
1.7983e-22
2.59215e-23
-2.41686e-23
-2.34433e-23
-1.21212e-23
-4.33241e-24
-9.8278e-25
6.9904e-27
1.52615e-25
1.03393e-25
4.94515e-26
1.98898e-26
7.141e-27
2.3565e-27
7.27124e-28
2.12141e-28
5.89713e-29
1.57038e-29
4.02154e-30
9.93121e-31
2.36968e-31
5.47098e-32
1.22341e-32
2.65178e-33
5.57476e-34
1.13726e-34
2.25238e-35
4.3328e-36
8.09913e-37
1.47182e-37
2.6015e-38
4.47469e-39
7.49363e-40
1.22246e-40
1.94365e-41
3.01347e-42
4.55834e-43
-4.30739e-22
-6.53231e-22
-1.41474e-21
-5.5024e-22
2.32785e-21
4.23252e-21
3.44948e-21
1.15932e-21
-6.03609e-22
-1.49794e-22
1.67992e-21
2.66629e-21
1.98233e-21
7.52353e-22
-2.84786e-24
-2.07799e-22
-1.63139e-22
-8.17852e-23
-3.07165e-23
-8.63481e-24
-1.45396e-24
1.8511e-25
3.01412e-25
1.70652e-25
7.36179e-26
2.74488e-26
9.27827e-27
2.9132e-27
8.61966e-28
2.42578e-28
6.53364e-29
1.69138e-29
4.22056e-30
1.01719e-30
2.37097e-31
5.35004e-32
1.1695e-32
2.478e-33
5.09175e-34
1.01508e-34
1.9643e-35
3.69141e-36
6.74022e-37
1.1964e-37
2.06555e-38
3.47046e-39
5.67771e-40
9.04972e-41
1.4061e-41
2.13086e-42
-1.65619e-21
-2.46455e-21
-7.27466e-21
-4.23918e-21
1.07701e-20
2.18629e-20
1.86808e-20
7.04235e-21
-3.42903e-21
-2.59136e-21
6.37376e-21
1.20463e-20
9.05726e-21
2.98709e-21
-5.96863e-22
-1.36633e-21
-9.64444e-22
-4.69604e-22
-1.78143e-22
-5.35875e-23
-1.18207e-23
-1.02914e-24
7.10527e-25
5.49863e-25
2.60307e-25
1.01411e-25
3.51848e-26
1.12514e-26
3.37816e-27
9.62982e-28
2.62483e-28
6.87275e-29
1.73387e-29
4.22291e-30
9.94203e-31
2.26457e-31
4.99366e-32
1.0666e-32
2.2077e-33
4.43035e-34
8.62397e-35
1.62919e-35
2.98863e-36
5.32661e-37
9.22918e-38
1.55549e-38
2.55167e-39
4.07657e-40
6.34654e-41
9.634e-42
-8.11309e-21
-9.36692e-21
-3.655e-20
-2.96635e-20
4.44595e-20
1.06127e-19
9.50189e-20
3.89888e-20
-1.98581e-20
-2.32326e-20
1.93745e-20
5.14724e-20
4.01239e-20
1.11772e-20
-5.28291e-21
-7.80866e-21
-5.10951e-21
-2.40938e-21
-9.0669e-22
-2.78703e-22
-6.73727e-23
-1.01935e-23
1.02971e-24
1.66401e-24
8.85478e-25
3.61563e-25
1.28758e-25
4.19181e-26
1.27681e-26
3.68679e-27
1.01721e-27
2.69492e-28
6.8767e-29
1.69328e-29
4.02808e-30
9.26457e-31
2.06134e-31
4.43897e-32
9.25599e-33
1.86975e-33
3.66097e-34
6.95191e-35
1.28106e-35
2.29224e-36
3.98528e-37
6.73666e-38
1.1079e-38
1.77382e-39
2.76659e-40
4.20608e-41
-5.99175e-20
-4.23504e-20
-1.74646e-19
-1.851e-19
1.57126e-19
4.81719e-19
4.54545e-19
1.98436e-19
-1.14306e-19
-1.68362e-19
2.87566e-20
2.05416e-19
1.73284e-19
3.94183e-20
-3.41349e-20
-4.04687e-20
-2.47719e-20
-1.12495e-20
-4.14842e-21
-1.27311e-21
-3.17798e-22
-5.62988e-23
-1.13089e-24
4.85293e-24
2.93574e-24
1.25138e-24
4.55785e-25
1.50712e-25
4.6509e-26
1.35946e-26
3.79618e-27
1.01781e-27
2.62785e-28
6.54458e-29
1.57375e-29
3.65619e-30
8.21035e-31
1.78287e-31
3.74546e-32
7.61627e-33
1.49997e-33
2.86286e-34
5.29886e-35
9.51767e-36
1.66017e-36
2.81419e-37
4.63918e-38
7.4425e-39
1.16274e-39
1.77017e-40
-5.46575e-19
-2.62151e-19
-7.68709e-19
-1.02732e-18
4.28532e-19
2.02268e-18
2.05728e-18
9.35224e-19
-6.2184e-19
-1.07496e-18
-1.81782e-19
7.497e-19
7.38796e-19
1.34422e-19
-1.89624e-19
-1.93785e-19
-1.10834e-19
-4.80696e-20
-1.71775e-20
-5.17814e-21
-1.29315e-21
-2.40312e-22
-1.42236e-23
1.45026e-23
9.66404e-24
4.23295e-24
1.56368e-24
5.22655e-25
1.62965e-25
4.81544e-26
1.36027e-26
3.69113e-27
9.64636e-28
2.43114e-28
5.91269e-29
1.38822e-29
3.14752e-30
6.89414e-31
1.45946e-31
2.9878e-32
5.91883e-33
1.1354e-33
2.11068e-34
3.80526e-35
6.65851e-36
1.13172e-36
1.86982e-37
3.0053e-38
4.70238e-39
7.16797e-40
-4.85664e-18
-1.9381e-18
-3.01112e-18
-5.09952e-18
5.5091e-19
7.64571e-18
8.96438e-18
4.1299e-18
-2.96739e-18
-6.2401e-18
-2.2363e-18
2.39313e-18
3.17626e-18
4.87074e-19
-9.56798e-19
-8.66266e-19
-4.58524e-19
-1.87613e-19
-6.41514e-20
-1.87078e-20
-4.55929e-21
-8.33661e-22
-5.00326e-23
4.82924e-23
3.21627e-23
1.40645e-23
5.19857e-24
1.74347e-24
5.47004e-25
1.63061e-25
4.65641e-26
1.27905e-26
3.38582e-27
8.64305e-28
2.12797e-28
5.05337e-29
1.15764e-29
2.55899e-30
5.46107e-31
1.12582e-31
2.24369e-32
4.32621e-33
8.07741e-34
1.46162e-34
2.56548e-35
4.37171e-36
7.2384e-37
1.16545e-37
1.82619e-38
2.7869e-39
-3.83706e-17
-1.37102e-17
-1.00323e-17
-2.2752e-17
-2.77023e-18
2.42144e-17
3.92231e-17
1.74873e-17
-1.10234e-17
-3.39162e-17
-1.55954e-17
5.95181e-18
1.41887e-17
2.22738e-18
-4.54672e-18
-3.64467e-18
-1.74872e-18
-6.62669e-19
-2.13252e-19
-5.90475e-20
-1.36344e-20
-2.2746e-21
-4.04762e-23
1.84265e-22
1.08915e-22
4.5878e-23
1.6675e-23
5.5562e-24
1.74442e-24
5.23257e-25
1.50976e-25
4.20151e-26
1.12829e-26
2.92251e-27
7.29681e-28
1.75531e-28
4.06786e-29
9.0839e-30
1.95566e-30
4.06206e-31
8.1471e-32
1.57934e-32
2.96202e-33
5.37989e-34
9.47228e-35
1.61825e-35
2.685e-36
4.33042e-37
6.79469e-38
1.03803e-38
-2.81494e-16
-8.20064e-17
-2.5567e-17
-8.4397e-17
-2.59628e-17
5.51253e-17
1.9522e-16
7.38768e-17
-2.64377e-17
-1.99283e-16
-9.09911e-17
7.17879e-18
6.87689e-17
1.35481e-17
-2.14238e-17
-1.45861e-17
-6.08753e-18
-2.07517e-18
-6.1324e-19
-1.56484e-19
-3.23747e-20
-4.02877e-21
6.71422e-22
7.51909e-22
3.70444e-22
1.45553e-22
5.10195e-23
1.66819e-23
5.20382e-24
1.5663e-24
4.56843e-25
1.29129e-25
3.53021e-26
9.31237e-27
2.36574e-27
5.78115e-28
1.3584e-28
3.06966e-29
6.67546e-30
1.39829e-30
2.82424e-31
5.50675e-32
1.03774e-32
1.89224e-33
3.34232e-34
5.72491e-35
9.51871e-36
1.53777e-36
2.41605e-37
3.69478e-38
-2.03449e-15
-3.47675e-16
-8.67383e-17
-4.32818e-16
-1.24121e-16
1.28557e-15
1.67554e-15
3.01824e-16
-1.50229e-15
-2.2202e-15
-5.20736e-16
-1.82126e-17
4.82566e-16
9.34618e-17
-1.12479e-16
-5.63354e-17
-1.87918e-17
-5.49994e-18
-1.43102e-18
-3.14176e-19
-4.78082e-20
1.73117e-21
5.45939e-21
2.99504e-21
1.22993e-21
4.40313e-22
1.45569e-22
4.59065e-23
1.40838e-23
4.24227e-24
1.25507e-24
3.6284e-25
1.01811e-25
2.75641e-26
7.17205e-27
1.78976e-27
4.28092e-28
9.81844e-29
2.1614e-29
4.57278e-30
9.31119e-31
1.82747e-31
3.46214e-32
6.33999e-33
1.1237e-33
1.93003e-34
3.21602e-35
5.20451e-36
8.18792e-37
1.25343e-37
-6.38146e-15
-1.01373e-17
-5.09901e-14
-2.45939e-14
2.9138e-14
6.09883e-14
1.01163e-14
-1.82611e-14
-8.01702e-14
-1.35723e-14
-1.88608e-15
1.96252e-14
5.96102e-15
4.91749e-16
-1.00159e-15
-2.03194e-16
-4.59867e-17
-1.08302e-17
-2.24008e-18
-2.97823e-19
4.02299e-20
5.28367e-20
2.7347e-20
1.10076e-20
3.85318e-21
1.22939e-21
3.70348e-22
1.08971e-22
3.22167e-23
9.6921e-24
2.94714e-24
8.89461e-25
2.61557e-25
7.39784e-26
1.99867e-26
5.1446e-27
1.26163e-27
2.95159e-28
6.60035e-29
1.41382e-29
2.90714e-30
5.74996e-31
1.09599e-31
2.01671e-32
3.58802e-33
6.1811e-34
1.03238e-34
1.67375e-35
2.63691e-36
4.04094e-37
2.90078e-14
-4.20404e-13
-1.13065e-12
-1.9561e-13
1.69332e-12
3.27632e-13
-7.67796e-13
-3.09751e-12
-4.64348e-13
5.93705e-13
9.30151e-13
1.74768e-13
2.04906e-14
-6.1005e-14
-8.15434e-15
-2.30257e-16
-4.4661e-17
-8.36878e-18
-7.45699e-20
9.42035e-19
6.07878e-19
2.78305e-19
1.07359e-19
3.64085e-20
1.09956e-20
2.98986e-21
7.50666e-22
1.84194e-22
4.83987e-23
1.45742e-23
4.88427e-24
1.67529e-24
5.53454e-25
1.71694e-25
4.97322e-26
1.34792e-26
3.43429e-27
8.26617e-28
1.88828e-28
4.11037e-29
8.55598e-30
1.7082e-30
3.27955e-31
6.06835e-32
1.08432e-32
1.87421e-33
3.13845e-34
5.09837e-35
8.04442e-36
1.23418e-36
3.35141e-11
-8.07754e-12
-4.51569e-12
2.07735e-11
8.71446e-12
-6.94948e-11
-1.07012e-10
-1.78278e-11
4.93349e-11
4.24256e-11
6.19119e-12
-1.62722e-13
-2.76184e-12
-4.0825e-13
3.11682e-15
4.37762e-16
6.72105e-17
2.23464e-17
1.16945e-17
6.01881e-18
2.65153e-18
1.02889e-18
3.55207e-19
1.07202e-19
2.72639e-20
5.43069e-21
6.64202e-22
-4.15957e-23
-4.99507e-23
-1.4072e-23
-1.0541e-24
1.05883e-24
7.20002e-25
3.04192e-25
1.04146e-25
3.12166e-26
8.48507e-27
2.13316e-27
5.02258e-28
1.11716e-28
2.36223e-29
4.77116e-30
9.23977e-31
1.72089e-31
3.09025e-32
5.36162e-33
9.00419e-34
1.46594e-34
2.31688e-35
3.55905e-36
5.27171e-10
2.21341e-13
1.95797e-09
1.15537e-09
-1.79514e-09
-2.85835e-09
-5.73497e-10
2.15131e-09
1.39317e-09
1.95804e-10
-1.47549e-11
-1.03899e-10
-1.64757e-11
1.44642e-13
2.40386e-14
5.25247e-16
9.40051e-17
5.71875e-17
3.53871e-17
1.9454e-17
8.32988e-18
3.12574e-18
1.02732e-18
2.77374e-19
5.24643e-20
1.61368e-21
-4.05852e-21
-2.28016e-21
-8.34062e-22
-2.40056e-22
-5.61302e-23
-1.01248e-23
-1.00614e-24
1.91954e-25
1.54483e-25
6.0116e-26
1.85303e-26
5.00435e-27
1.2321e-27
2.82256e-28
6.09048e-29
1.2479e-29
2.44182e-30
4.58254e-31
8.27558e-32
1.44191e-32
2.42926e-33
3.96455e-34
6.27734e-35
9.65613e-36
7.45246e-10
1.91529e-08
2.33579e-08
5.85759e-09
-3.85805e-08
-1.27734e-08
5.56034e-08
4.09076e-08
5.98332e-09
-4.24686e-09
-3.96197e-09
-5.71086e-10
4.23106e-12
8.6936e-13
1.48928e-14
-1.2343e-16
-1.11643e-16
4.58796e-17
6.51191e-17
5.49801e-17
2.24973e-17
8.31647e-18
2.64315e-18
6.04255e-19
3.89543e-20
-4.81879e-20
-3.24698e-20
-1.36533e-20
-4.56151e-21
-1.29282e-21
-3.17459e-22
-6.72232e-23
-1.17691e-23
-1.43841e-24
1.12624e-26
8.10085e-26
3.4211e-26
1.05079e-26
2.76818e-27
6.60175e-28
1.46164e-28
3.04696e-29
6.03407e-30
1.14213e-30
2.0754e-31
3.63271e-32
6.1411e-33
1.0048e-33
1.59405e-34
2.45565e-35
-8.52169e-09
9.157e-08
7.30051e-08
-3.51306e-07
-1.5911e-07
7.13293e-07
6.88589e-07
1.52423e-07
-3.63073e-07
-1.86464e-07
-2.16491e-08
7.81734e-11
1.99501e-11
7.78789e-13
7.54384e-16
-8.51693e-15
-1.39553e-15
-8.76559e-17
9.74033e-16
2.2309e-16
5.48727e-17
1.9386e-17
5.98902e-18
9.31167e-19
-3.01294e-19
-3.15153e-19
-1.56721e-19
-5.90949e-20
-1.87139e-20
-5.17772e-21
-1.27245e-21
-2.78396e-22
-5.34798e-23
-8.60216e-24
-9.73783e-25
8.32793e-27
4.88594e-26
1.94904e-26
5.68855e-27
1.42986e-27
3.26443e-28
6.93831e-29
1.39185e-29
2.65801e-30
4.86048e-31
8.54653e-32
1.44967e-32
2.37792e-33
3.77965e-34
5.83114e-35
-1.0773e-06
-3.01586e-07
-4.41921e-06
-3.4237e-06
2.99437e-06
6.14545e-06
2.26726e-06
-7.61141e-06
-4.78438e-06
-8.41356e-07
-2.28746e-09
7.70883e-11
2.93253e-11
9.13808e-13
-5.14827e-13
-6.94216e-14
1.71252e-13
3.49392e-13
6.87242e-14
9.73553e-16
6.4605e-17
3.51532e-17
1.16117e-17
-1.00425e-19
-2.24748e-18
-1.43295e-18
-6.13683e-19
-2.13336e-19
-6.41611e-20
-1.71762e-20
-4.14704e-21
-9.06079e-22
-1.77932e-22
-3.06531e-23
-4.31502e-24
-3.66241e-25
4.22861e-26
3.22699e-26
1.08572e-26
2.89708e-27
6.82459e-28
1.47749e-28
2.99864e-29
5.77108e-30
1.06099e-30
1.87279e-31
3.1856e-32
5.23651e-33
8.33691e-34
1.28785e-34
-1.94035e-05
-3.11576e-05
-2.80782e-05
-9.29508e-06
2.46491e-05
1.82805e-05
-8.18991e-05
-6.34132e-05
-1.38768e-05
-8.61034e-07
2.14913e-10
-2.02275e-11
1.45041e-09
5.76629e-11
-5.84078e-12
4.0079e-12
1.71912e-11
5.96178e-12
3.49421e-13
-9.17933e-17
4.39247e-17
5.65218e-17
2.2162e-17
-8.4157e-18
-1.08415e-17
-5.50248e-18
-2.07568e-18
-6.62742e-19
-1.87613e-19
-4.80638e-20
-1.12464e-20
-2.4082e-21
-4.69219e-22
-8.16718e-23
-1.20904e-23
-1.28776e-24
8.70026e-28
5.28368e-26
2.02401e-26
5.63924e-27
1.35515e-27
2.96539e-28
6.05652e-29
1.17029e-29
2.15733e-30
3.81528e-31
6.49916e-32
1.06956e-32
1.70444e-33
2.63511e-34
-6.45848e-05
-0.000132073
-6.36564e-05
7.09649e-05
7.72333e-05
-0.000341085
-0.000562385
-0.000172834
0.000541847
0.00143336
0.00123726
0.000424688
4.83815e-06
1.55847e-09
-8.8806e-12
9.47869e-11
7.91263e-11
1.7192e-11
1.71296e-13
-1.41347e-15
-1.17228e-16
9.25876e-17
6.69307e-17
-4.47125e-17
-4.59944e-17
-1.87926e-17
-6.08744e-18
-1.74863e-18
-4.58478e-19
-1.10816e-19
-2.47654e-20
-5.10737e-21
-9.63792e-22
-1.62954e-22
-2.3394e-23
-2.3663e-24
3.71456e-26
1.08928e-25
4.00834e-26
1.09787e-26
2.61157e-27
5.67612e-28
1.15384e-28
2.22218e-29
4.08699e-30
7.21672e-31
1.22812e-31
2.01997e-32
3.21823e-33
4.97547e-34
-8.61794e-05
-0.000228111
0.000209044
0.000914133
-0.000979728
-0.00347839
-0.00157963
0.00929418
0.0306279
0.0510064
0.0549195
0.0427712
0.0229218
0.00751477
0.00087128
6.0177e-10
9.47913e-11
4.00873e-12
-6.96121e-14
-8.57888e-15
-1.31641e-16
5.24599e-16
4.37944e-16
-2.30213e-16
-2.03175e-16
-5.63298e-17
-1.45846e-17
-3.64423e-18
-8.6614e-19
-1.93748e-19
-4.04575e-20
-7.80529e-21
-1.36535e-21
-2.07526e-22
-2.4097e-23
-7.84155e-25
6.87335e-25
2.98669e-25
8.777e-26
2.19148e-26
4.95853e-27
1.04522e-27
2.08269e-28
3.95724e-29
7.21086e-30
1.26515e-30
2.14356e-31
3.51528e-32
5.58995e-33
8.63241e-34
0.000625765
0.000331922
0.00299033
0.0034411
-0.00641324
-0.0134256
0.0055185
0.0601579
0.140175
0.215692
0.241729
0.208954
0.135388
0.0617923
0.016439
0.000871283
-8.88314e-12
-5.84395e-12
-5.15926e-13
7.27495e-16
1.4918e-14
2.40561e-14
3.11924e-15
-8.15361e-15
-1.00152e-15
-1.12473e-16
-2.14222e-17
-4.54624e-18
-9.56654e-19
-1.89579e-19
-3.41207e-20
-5.27847e-21
-5.95541e-22
-2.47708e-24
2.60192e-23
1.07328e-23
3.21248e-24
8.31861e-25
1.96843e-25
4.36082e-26
9.1612e-27
1.83887e-27
3.54382e-28
6.57908e-29
1.1795e-29
2.04598e-30
3.43911e-31
5.60922e-32
8.88725e-33
1.36925e-33
0.00428441
0.00527676
0.0106251
0.00737527
-0.0184237
-0.0298009
0.0298149
0.165863
0.338275
0.496557
0.567061
0.516701
0.363482
0.186807
0.0617924
0.00751478
1.55853e-09
5.76574e-11
9.09735e-13
7.77475e-13
8.69346e-13
1.44694e-13
-4.08205e-13
-6.10002e-14
4.91638e-16
9.34384e-17
1.35443e-17
2.22689e-18
4.87061e-19
1.34449e-19
3.94333e-20
1.11829e-20
2.98897e-21
7.52896e-22
1.79973e-22
4.11463e-23
9.05757e-24
1.9294e-24
3.99016e-25
8.02639e-26
1.57168e-26
2.99636e-27
5.56089e-28
1.00442e-28
1.76535e-29
3.01906e-30
5.02431e-31
8.13841e-32
1.28353e-32
1.97173e-33
0.0104172
0.0132046
0.0216243
0.0112562
-0.0348207
-0.0462955
0.0685736
0.301355
0.563486
0.793437
0.917558
0.872708
0.653326
0.363482
0.135388
0.0229219
4.83818e-06
1.45041e-09
2.93232e-11
1.99491e-11
4.2309e-12
-1.64742e-11
-2.76159e-12
2.04872e-14
5.96026e-15
4.82522e-16
6.87644e-17
1.41881e-17
3.17629e-18
7.38862e-19
1.73318e-19
4.01362e-20
9.06108e-21
1.98338e-21
4.20733e-22
8.67021e-23
1.74204e-23
3.42516e-24
6.60925e-25
1.25376e-25
2.33925e-26
4.29039e-27
7.726e-28
1.36396e-28
2.35721e-29
3.98281e-30
6.57283e-31
1.05876e-31
1.66399e-32
2.55124e-33
0.0132692
0.0172049
0.0281127
0.0133024
-0.0460081
-0.0577912
0.0962142
0.394117
0.702108
0.956806
1.11813
1.10373
0.872708
0.516701
0.208954
0.0427712
0.000424688
-2.02902e-11
7.71325e-11
7.81797e-11
-5.71037e-10
-1.03891e-10
-1.62803e-13
1.74756e-13
1.9624e-14
-1.81972e-17
7.18492e-18
5.95422e-18
2.39405e-18
7.50032e-19
2.05527e-19
5.15059e-20
1.20556e-20
2.66867e-21
5.63979e-22
1.14715e-22
2.26221e-23
4.35282e-24
8.21392e-25
1.5255e-25
2.79353e-26
5.0454e-27
8.97907e-28
1.57197e-28
2.70208e-29
4.55202e-30
7.50393e-31
1.20904e-31
1.90245e-32
2.9221e-33
0.00753267
0.0102487
0.0226579
0.0138165
-0.0434253
-0.0622939
0.0842822
0.384094
0.691065
0.937326
1.10922
1.11813
0.917558
0.567061
0.241729
0.0549194
0.00123726
2.14191e-10
-2.28188e-09
-2.16465e-08
-3.96164e-09
-1.47683e-11
6.1904e-12
9.30155e-13
-1.88582e-15
-5.20653e-16
-9.09698e-17
-1.55882e-17
-2.2338e-18
-1.8095e-19
2.90142e-20
1.94484e-20
6.39342e-21
1.68479e-21
3.945e-22
8.56661e-23
1.76667e-23
3.51361e-24
6.80941e-25
1.29447e-25
2.42217e-26
4.46525e-27
8.10305e-28
1.44482e-28
2.5259e-29
4.32103e-30
7.22156e-31
1.17774e-31
1.87298e-32
2.90356e-33
-0.0035529
-0.00417371
0.00627991
0.0119081
-0.0224486
-0.0556652
0.0197443
0.238042
0.511989
0.761129
0.937326
0.956806
0.793436
0.496557
0.215691
0.0510063
0.00143336
-8.60928e-07
-8.41289e-07
-1.86449e-07
-4.24665e-09
1.95789e-10
4.24219e-11
5.93655e-13
-1.35709e-14
-2.21991e-15
-1.99253e-16
-3.39054e-17
-6.236e-18
-1.07355e-18
-1.67921e-19
-2.31057e-20
-2.55766e-21
-1.41476e-22
3.35716e-23
1.65522e-23
4.8283e-24
1.19659e-24
2.74008e-25
5.97946e-26
1.25872e-26
2.56655e-27
5.07251e-28
9.7129e-29
1.80091e-29
3.23255e-30
5.61776e-31
9.45665e-32
1.54297e-32
2.44218e-33
-0.00686765
-0.00936194
-0.00585866
0.00709592
0.00243634
-0.0327496
-0.0419588
0.0509166
0.259329
0.511989
0.691065
0.702108
0.563486
0.338275
0.140175
0.0306279
0.000541845
-1.38763e-05
-4.78419e-06
-3.63052e-07
5.98294e-09
1.39306e-09
4.93294e-11
-4.64317e-13
-8.01645e-14
-1.50207e-15
-2.64174e-17
-1.10116e-17
-2.96218e-18
-6.19927e-19
-1.1369e-19
-1.96788e-20
-3.38122e-21
-5.918e-22
-1.0522e-22
-1.85031e-23
-3.0858e-24
-4.58701e-25
-5.28983e-26
-1.87529e-27
1.38887e-27
5.9867e-28
1.71276e-28
4.12384e-29
8.92995e-30
1.78999e-30
3.37324e-31
6.03396e-32
1.03117e-32
1.69151e-33
-0.000746008
-0.00213121
-0.00557221
0.00066222
0.0127665
-0.00323304
-0.0491309
-0.0528554
0.0509166
0.238042
0.384094
0.394117
0.301355
0.165863
0.060158
0.00929421
-0.000172831
-6.34118e-05
-7.61118e-06
1.52414e-07
4.0905e-08
2.15114e-09
-1.78264e-11
-3.09727e-12
-1.82603e-14
3.01862e-16
7.39069e-17
1.75029e-17
4.13635e-18
9.37524e-19
1.99165e-19
3.91987e-20
7.09792e-21
1.17298e-21
1.74265e-22
2.25273e-23
2.32914e-24
1.34983e-25
-1.4236e-26
-6.29147e-27
-1.17271e-27
-1.15648e-28
9.97039e-30
8.61744e-30
2.7936e-30
6.96187e-31
1.50635e-31
2.96317e-32
5.42342e-33
9.36247e-34
0.00299584
0.0035752
-2.82354e-05
-0.00268397
0.00666466
0.0110465
-0.0137302
-0.0491308
-0.0419588
0.0197443
0.0842822
0.0962141
0.0685736
0.0298149
0.00551855
-0.00157961
-0.000562376
-8.18975e-05
2.26718e-06
6.88558e-07
5.55999e-08
-5.73457e-10
-1.07003e-10
-7.67684e-13
1.01162e-14
1.67559e-15
1.95257e-16
3.92405e-17
8.97119e-18
2.05958e-18
4.55241e-19
9.52131e-20
1.87311e-20
3.46168e-21
6.0097e-22
9.79576e-23
1.49642e-23
2.1348e-24
2.82873e-25
3.4581e-26
3.8828e-27
4.0547e-28
4.25819e-29
5.53372e-30
1.03302e-30
2.3406e-31
5.295e-32
1.11834e-32
2.18828e-33
3.99542e-34
0.000420558
0.00128732
0.00166799
-0.00144539
-0.00214652
0.00555337
0.0110465
-0.00323303
-0.0327496
-0.0556652
-0.0622939
-0.0577912
-0.0462955
-0.0298009
-0.0134256
-0.00347839
-0.000341083
1.82801e-05
6.14528e-06
7.13263e-07
-1.27727e-08
-2.85817e-09
-6.94881e-11
3.27615e-13
6.09871e-14
1.28571e-15
5.51477e-17
2.4226e-17
7.65025e-18
2.02418e-18
4.82162e-19
1.06248e-19
2.1894e-20
4.24e-21
7.7375e-22
1.33238e-22
2.16577e-23
3.32153e-24
4.79963e-25
6.52009e-26
8.30195e-27
9.87703e-28
1.09691e-28
1.14712e-29
1.1748e-30
1.3073e-31
1.8185e-32
3.1912e-33
6.17741e-34
1.18447e-34
-0.00121802
-0.00119541
0.000152696
0.000464726
-0.00246466
-0.00214652
0.00666466
0.0127665
0.00243635
-0.0224486
-0.0434253
-0.0460081
-0.0348207
-0.0184237
-0.00641325
-0.000979731
7.72323e-05
2.46486e-05
2.99427e-06
-1.59104e-07
-3.85787e-08
-1.795e-09
8.71344e-12
1.69318e-12
2.91437e-14
-1.24134e-16
-2.59631e-17
-2.76869e-18
5.51828e-19
4.28898e-19
1.57247e-19
4.44954e-20
1.07799e-20
2.33034e-21
4.58829e-22
8.32067e-23
1.39805e-23
2.1816e-24
3.15912e-25
4.22551e-26
5.16493e-27
5.63923e-28
5.21076e-29
3.41612e-30
-9.87742e-33
-5.38163e-32
-1.19288e-32
-1.84223e-33
-2.24917e-34
-2.05542e-35
-0.000274616
-0.000476886
-0.000478268
0.000368655
0.000464724
-0.00144539
-0.00268396
0.000662218
0.0070959
0.0119081
0.0138165
0.0133024
0.0112562
0.00737525
0.00344109
0.000914127
7.09637e-05
-9.2952e-06
-3.42373e-06
-3.51303e-07
5.85762e-09
1.15539e-09
2.07709e-11
-1.95598e-13
-2.45929e-14
-4.32875e-16
-8.44124e-17
-2.27564e-17
-5.10056e-18
-1.02752e-18
-1.85128e-19
-2.96644e-20
-4.23808e-21
-5.49716e-22
-6.8939e-23
-9.69807e-24
-1.77041e-24
-3.92966e-25
-9.00395e-26
-1.95385e-26
-3.92823e-27
-7.32576e-28
-1.27591e-28
-2.0903e-29
-3.24117e-30
-4.78052e-31
-6.73371e-32
-9.08604e-33
-1.17716e-33
-1.46669e-34
-0.000119415
0.000113101
0.000130304
-0.000478261
0.000152691
0.00166799
-2.82221e-05
-0.00557222
-0.00585869
0.00627992
0.0226579
0.0281127
0.0216243
0.0106251
0.0029903
0.000209032
-6.36582e-05
-2.8079e-05
-4.4193e-06
7.30044e-08
2.33575e-08
1.9579e-09
-4.5155e-12
-1.13061e-12
-5.09909e-14
-8.67154e-17
-2.55632e-17
-1.00314e-17
-3.01093e-18
-7.6864e-19
-1.74616e-19
-3.65385e-20
-7.27093e-21
-1.41367e-21
-2.73165e-22
-5.26859e-23
-1.00855e-23
-1.89763e-24
-3.47819e-25
-6.17261e-26
-1.05717e-26
-1.7454e-27
-2.77845e-28
-4.26857e-29
-6.33733e-30
-9.10548e-31
-1.26796e-31
-1.71363e-32
-2.25062e-33
-2.87597e-34
-0.00124285
-0.000825933
0.000113097
-0.000476881
-0.00119542
0.00128732
0.00357521
-0.00213121
-0.00936197
-0.0041737
0.0102487
0.0172049
0.0132046
0.0052767
0.000331885
-0.000228122
-0.000132079
-3.11589e-05
-3.01578e-07
9.15721e-08
1.9153e-08
2.19063e-13
-8.07819e-12
-4.20471e-13
-8.8671e-18
-3.47438e-16
-8.19669e-17
-1.37026e-17
-1.93649e-18
-2.61794e-19
-4.22651e-20
-9.34495e-21
-2.45876e-21
-6.51742e-22
-1.63404e-22
-3.83032e-23
-8.4169e-24
-1.74305e-24
-3.41919e-25
-6.38117e-26
-1.13726e-26
-1.94173e-27
-3.18476e-28
-5.02996e-29
-7.66596e-30
-1.12952e-30
-1.61163e-31
-2.23015e-32
-2.99695e-33
-3.91589e-34
-0.00154083
-0.00124285
-0.000119417
-0.000274611
-0.00121802
0.000420556
0.00299586
-0.000746014
-0.00686767
-0.00355289
0.00753273
0.0132693
0.0104172
0.00428435
0.000625713
-8.61923e-05
-6.45924e-05
-1.94048e-05
-1.07723e-06
-8.5202e-09
7.45594e-10
5.27224e-10
3.35073e-11
2.89841e-14
-6.3748e-15
-2.03272e-15
-2.81367e-16
-3.83557e-17
-4.85391e-18
-5.46051e-19
-5.98088e-20
-8.08764e-21
-1.64976e-21
-4.2911e-22
-1.14003e-22
-2.85904e-23
-6.67975e-24
-1.45845e-24
-2.99321e-25
-5.80612e-26
-1.06956e-26
-1.87868e-27
-3.15743e-28
-5.09268e-29
-7.90356e-30
-1.18293e-30
-1.71093e-31
-2.39565e-32
-3.2526e-33
-4.28822e-34
)
;

boundaryField
{
    movingWall
    {
        type            zeroGradient;
    }
    fixedWalls
    {
        type            zeroGradient;
    }
    frontAndBack
    {
        type            empty;
    }
}

