/*--------------------------------*- C++ -*----------------------------------*\
| =========                 |                                                 |
| \\      /  F ield         | OpenFOAM: The Open Source CFD Toolbox           |
|  \\    /   O peration     | Version:  v2006                                 |
|   \\  /    A nd           | Website:  www.openfoam.com                      |
|    \\/     M anipulation  |                                                 |
\*---------------------------------------------------------------------------*/
FoamFile
{
    version     2.0;
    format      ascii;
    class       volScalarField;
    location    "0";
    object      f;
}
// * * * * * * * * * * * * * * * * * * * * * * * * * * * * * * * * * * * * * //

dimensions      [0 0 0 0 0 0 0];


internalField   nonuniform List<scalar> 
2500
(
-1.10151e-27
-1.09803e-27
-1.11346e-27
-1.14527e-27
-1.02727e-27
-5.09177e-28
4.14486e-28
1.3578e-27
1.82776e-27
1.67315e-27
1.22903e-27
9.8839e-28
1.1445e-27
1.47757e-27
1.64041e-27
1.47794e-27
1.08513e-27
6.54357e-28
3.22194e-28
1.24636e-28
3.25787e-29
7.12877e-31
-5.30873e-30
-3.7215e-30
-1.51652e-30
-2.88457e-31
1.41428e-31
1.95995e-31
1.39114e-31
7.77273e-32
3.76903e-32
1.65183e-32
6.68713e-33
2.53474e-33
9.07972e-34
3.09454e-34
1.00869e-34
3.15754e-35
9.52404e-36
2.77575e-36
7.8349e-37
2.14602e-37
5.71353e-38
1.48068e-38
3.73965e-39
9.21429e-40
2.21685e-40
5.21178e-41
1.1981e-41
2.69466e-42
-5.81477e-27
-5.77035e-27
-5.77373e-27
-5.8613e-27
-5.25536e-27
-2.66256e-27
2.04581e-27
6.96176e-27
9.49177e-27
8.69491e-27
6.18497e-27
4.56193e-27
5.0024e-27
6.51822e-27
7.34498e-27
6.62889e-27
4.79308e-27
2.77843e-27
1.25407e-27
3.85464e-28
1.70475e-29
-7.93621e-29
-7.06305e-29
-4.07288e-29
-1.8147e-29
-6.27574e-30
-1.42078e-30
7.63559e-32
3.25111e-31
2.42004e-31
1.32435e-31
6.19435e-32
2.60926e-32
1.01537e-32
3.70485e-33
1.27994e-33
4.21582e-34
1.33073e-34
4.04167e-35
1.18493e-35
3.36224e-36
9.25354e-37
2.47465e-37
6.44026e-38
1.63316e-38
4.03973e-39
9.75587e-40
2.30199e-40
5.31062e-41
1.1985e-41
-3.13061e-26
-3.09144e-26
-3.04171e-26
-3.02477e-26
-2.69817e-26
-1.41962e-26
9.25814e-27
3.42788e-26
4.76321e-26
4.37685e-26
3.01852e-26
2.02362e-26
2.0774e-26
2.75661e-26
3.18147e-26
2.88937e-26
2.05879e-26
1.1407e-26
4.58106e-27
8.68136e-28
-5.29612e-28
-7.30143e-28
-5.23876e-28
-2.87233e-28
-1.30243e-28
-4.95156e-29
-1.52075e-29
-3.13811e-30
1.43351e-31
6.06786e-31
4.25471e-31
2.20301e-31
9.7963e-32
3.94003e-32
1.46947e-32
5.15603e-33
1.71803e-33
5.47226e-34
1.67435e-34
4.93977e-35
1.40943e-35
3.89855e-36
1.04746e-36
2.73806e-37
6.97274e-38
1.73179e-38
4.19876e-39
9.94514e-40
2.30276e-40
5.21523e-41
-1.70897e-25
-1.67956e-25
-1.62251e-25
-1.57128e-25
-1.38682e-25
-7.64215e-26
3.76907e-26
1.61912e-25
2.30847e-25
2.13264e-25
1.42597e-25
8.55815e-26
8.06045e-26
1.10646e-25
1.32692e-25
1.22092e-25
8.58424e-26
4.51318e-26
1.53352e-26
-6.93288e-29
-5.02005e-27
-4.84552e-27
-3.19404e-27
-1.70567e-27
-7.76545e-28
-3.0576e-28
-1.02891e-28
-2.78823e-29
-4.66652e-30
7.42191e-31
1.19156e-30
7.35813e-31
3.53086e-31
1.48044e-31
5.66597e-32
2.02309e-32
6.82673e-33
2.19553e-33
6.77006e-34
2.01045e-34
5.76928e-35
1.60413e-35
4.33083e-36
1.13728e-36
2.90893e-37
7.25543e-38
1.7663e-38
4.20019e-39
9.76245e-40
2.21906e-40
-9.36108e-25
-9.16188e-25
-8.69355e-25
-8.17252e-25
-7.09958e-25
-4.10082e-25
1.31696e-25
7.32405e-25
1.07977e-24
1.00535e-24
6.51216e-25
3.41452e-25
2.83521e-25
4.14983e-25
5.29809e-25
4.98937e-25
3.4693e-25
1.71441e-25
4.47056e-26
-1.72413e-26
-3.31546e-26
-2.77516e-26
-1.74354e-26
-9.14106e-27
-4.15638e-27
-1.66193e-27
-5.82498e-28
-1.74069e-28
-4.02997e-29
-4.14391e-30
2.5343e-30
2.2727e-30
1.21909e-30
5.38732e-31
2.12479e-31
7.73467e-32
2.64539e-32
8.59386e-33
2.6712e-33
7.98559e-34
2.30501e-34
6.44308e-35
1.74814e-35
4.61229e-36
1.18508e-36
2.96877e-37
7.25796e-38
1.73299e-38
4.04382e-39
9.22651e-40
-5.08269e-24
-4.95825e-24
-4.62962e-24
-4.22239e-24
-3.59489e-24
-2.16601e-24
3.4057e-25
3.165e-24
4.87032e-24
4.58367e-24
2.87336e-24
1.26574e-24
8.44444e-25
1.4143e-24
2.00976e-24
1.96768e-24
1.35805e-24
6.22844e-25
9.74396e-26
-1.43834e-25
-1.8736e-25
-1.44815e-25
-8.80438e-26
-4.54661e-26
-2.0586e-26
-8.28179e-27
-2.96223e-27
-9.27821e-28
-2.42111e-28
-4.3739e-29
1.32587e-30
6.31658e-30
4.02595e-30
1.90067e-30
7.75764e-31
2.88314e-31
9.99928e-32
3.28161e-32
1.02818e-32
3.09425e-33
8.98367e-34
2.52458e-34
6.8841e-35
1.82503e-35
4.71104e-36
1.1855e-36
2.91097e-37
6.97996e-38
1.63537e-38
3.74584e-39
-2.70356e-23
-2.63122e-23
-2.42354e-23
-2.14749e-23
-1.78652e-23
-1.11416e-23
1.34292e-25
1.30169e-23
2.11592e-23
2.02078e-23
1.22535e-23
4.25061e-24
1.67289e-24
4.11771e-24
7.16638e-24
7.47861e-24
5.15285e-24
2.15685e-24
3.06039e-26
-8.80005e-25
-9.61084e-25
-7.04763e-25
-4.17741e-25
-2.12764e-25
-9.57272e-26
-3.85371e-26
-1.39173e-26
-4.4681e-27
-1.23616e-27
-2.67258e-28
-2.58896e-29
1.49037e-29
1.27185e-29
6.51694e-30
2.76208e-30
1.04873e-30
3.68786e-31
1.22231e-31
3.85919e-32
1.16887e-32
3.41298e-33
9.64168e-34
2.64234e-34
7.03918e-35
1.8257e-35
4.61559e-36
1.13848e-36
2.74184e-37
6.45112e-38
1.4836e-38
-1.3946e-22
-1.35539e-22
-1.23469e-22
-1.06558e-22
-8.64631e-23
-5.53465e-23
-6.1924e-24
5.06412e-23
8.83931e-23
8.61376e-23
5.05903e-23
1.22979e-23
-2.00352e-24
8.33658e-24
2.3629e-23
2.73999e-23
1.9016e-23
7.111e-24
-1.3146e-24
-4.65347e-24
-4.58765e-24
-3.23668e-24
-1.87783e-24
-9.43614e-25
-4.21126e-25
-1.69008e-25
-6.12185e-26
-1.98993e-26
-5.67913e-27
-1.33509e-27
-1.9988e-28
2.49628e-29
3.85882e-29
2.1808e-29
9.6126e-30
3.72634e-30
1.32738e-30
4.43945e-31
1.41155e-31
4.3008e-32
1.26257e-32
3.58501e-33
9.87382e-34
2.64332e-34
6.88913e-35
1.75003e-35
4.33693e-36
1.04926e-36
2.47963e-37
5.72657e-38
-6.91779e-22
-6.72041e-22
-6.06956e-22
-5.11652e-22
-4.04573e-22
-2.63797e-22
-5.72006e-23
1.84365e-22
3.54135e-22
3.55006e-22
2.02943e-22
2.67216e-23
-4.74821e-23
-4.72065e-24
6.99517e-23
9.70818e-23
6.87736e-23
2.24313e-23
-1.0424e-23
-2.23848e-23
-2.0635e-23
-1.41196e-23
-8.03443e-24
-3.98201e-24
-1.75976e-24
-7.01927e-25
-2.53801e-25
-8.28669e-26
-2.40232e-26
-5.89597e-27
-1.03904e-27
-9.46517e-31
1.1374e-28
7.16763e-29
3.27909e-29
1.2946e-29
4.66224e-30
1.57117e-30
5.02561e-31
1.53929e-31
4.54121e-32
1.29576e-32
3.58636e-33
9.64887e-34
2.52735e-34
6.45236e-35
1.60695e-35
3.90656e-36
9.27509e-37
2.15156e-37
-3.27653e-21
-3.18493e-21
-2.85851e-21
-2.36029e-21
-1.81806e-21
-1.20015e-21
-3.69062e-22
6.14978e-22
1.35493e-21
1.4149e-21
7.96009e-22
1.63121e-23
-3.49656e-22
-1.79143e-22
1.73947e-22
3.35366e-22
2.46957e-22
6.89902e-23
-5.79203e-23
-1.00174e-22
-8.80782e-23
-5.87292e-23
-3.28029e-23
-1.60215e-23
-6.9983e-24
-2.76688e-24
-9.94761e-25
-3.24307e-25
-9.45256e-26
-2.36784e-26
-4.49331e-27
-2.39404e-28
3.33612e-28
2.33255e-28
1.09948e-28
4.39999e-29
1.59695e-29
5.41113e-30
1.73869e-30
5.34835e-31
1.58481e-31
4.54295e-32
1.26352e-32
3.41681e-33
8.99688e-34
2.30916e-34
5.78142e-35
1.41279e-35
3.37111e-36
7.85735e-37
-1.47251e-20
-1.43387e-20
-1.28187e-20
-1.03946e-20
-7.7982e-21
-5.18857e-21
-2.02331e-21
1.7905e-21
4.91677e-21
5.45716e-21
3.0831e-21
-2.30458e-22
-1.96384e-21
-1.32357e-21
2.86222e-22
1.14627e-21
8.96343e-22
2.16057e-22
-2.73058e-22
-4.22073e-22
-3.58318e-22
-2.33433e-22
-1.2796e-22
-6.1506e-23
-2.64999e-23
-1.03565e-23
-3.68886e-24
-1.19471e-24
-3.4729e-25
-8.742e-26
-1.70626e-26
-1.27423e-27
1.01108e-27
7.57813e-28
3.63081e-28
1.46233e-28
5.32574e-29
1.80934e-29
5.82943e-30
1.79885e-30
5.35041e-31
1.54047e-31
4.30571e-32
1.17063e-32
3.09995e-33
8.00284e-34
2.01537e-34
4.95314e-35
1.18841e-35
2.78447e-36
-6.24162e-20
-6.09697e-20
-5.4439e-20
-4.34571e-20
-3.17431e-20
-2.12237e-20
-1.00036e-20
3.90983e-21
1.67312e-20
2.04087e-20
1.19542e-20
-1.55663e-21
-9.50016e-21
-7.33624e-21
-2.87623e-22
3.95603e-21
3.34729e-21
7.3521e-22
-1.15664e-21
-1.68718e-21
-1.39348e-21
-8.87768e-22
-4.77075e-22
-2.25237e-22
-9.54837e-23
-3.6776e-23
-1.29292e-23
-4.139e-24
-1.19099e-24
-2.97273e-25
-5.77197e-26
-4.40323e-27
3.28714e-27
2.47138e-27
1.18088e-27
4.74268e-28
1.72383e-28
5.85167e-29
1.8863e-29
5.83164e-30
1.74003e-30
5.03142e-31
1.41371e-31
3.86649e-32
1.03046e-32
2.67794e-33
6.78896e-34
1.67942e-34
4.05473e-35
9.5565e-36
-2.48011e-19
-2.43418e-19
-2.1787e-19
-1.71617e-19
-1.21946e-19
-8.17482e-20
-4.58198e-20
1.15648e-21
5.23367e-20
7.43322e-20
4.7129e-20
-5.69453e-21
-4.11085e-20
-3.52467e-20
-5.72528e-21
1.40473e-20
1.2979e-20
2.83815e-21
-4.5228e-21
-6.4371e-21
-5.19247e-21
-3.23251e-21
-1.69934e-21
-7.85926e-22
-3.26823e-22
-1.2362e-22
-4.27141e-23
-1.34403e-23
-3.79681e-24
-9.26303e-25
-1.72775e-25
-1.00396e-26
1.15686e-26
8.08559e-27
3.77093e-27
1.49428e-27
5.38623e-28
1.81956e-28
5.85379e-29
1.8107e-29
5.41739e-30
1.57362e-30
4.44806e-31
1.22512e-31
3.2902e-32
8.61879e-33
2.20244e-33
5.49061e-34
1.33542e-34
3.16913e-35
-9.17715e-19
-9.06597e-19
-8.18174e-19
-6.37562e-19
-4.39715e-19
-2.94693e-19
-1.97197e-19
-5.48474e-20
1.44633e-19
2.65626e-19
1.91165e-19
-6.98365e-21
-1.60971e-19
-1.54383e-19
-3.6681e-20
5.15862e-20
5.1999e-20
1.2112e-20
-1.66396e-20
-2.35778e-20
-1.85771e-20
-1.12698e-20
-5.77612e-21
-2.60752e-21
-1.05957e-21
-3.91884e-22
-1.32375e-22
-4.06504e-23
-1.11534e-23
-2.60801e-24
-4.42911e-25
-3.40168e-27
4.2753e-26
2.63176e-26
1.17372e-26
4.53735e-27
1.61026e-27
5.38797e-28
1.72504e-28
5.33175e-29
1.59945e-29
4.6715e-30
1.33054e-30
3.69797e-31
1.00298e-31
2.65415e-32
6.8508e-33
1.72438e-33
4.23197e-34
1.01266e-34
-3.13919e-18
-3.12618e-18
-2.87486e-18
-2.22204e-18
-1.47931e-18
-9.85078e-19
-8.02105e-19
-4.4142e-19
3.18668e-19
9.38279e-19
7.97511e-19
8.28732e-20
-5.68433e-19
-6.33343e-19
-1.8935e-19
1.92901e-19
2.12095e-19
5.34413e-20
-5.87356e-20
-8.3441e-20
-6.39294e-20
-3.75962e-20
-1.86938e-20
-8.1978e-21
-3.23893e-21
-1.16467e-21
-3.81837e-22
-1.13275e-22
-2.96904e-23
-6.43124e-24
-8.78289e-25
1.16811e-25
1.58153e-25
8.39042e-26
3.51663e-26
1.31024e-26
4.53844e-27
1.49518e-27
4.74762e-28
1.46457e-28
4.40891e-29
1.29783e-29
3.73721e-30
1.05216e-30
2.89341e-31
7.76397e-32
2.03109e-32
5.17706e-33
1.28527e-33
3.10758e-34
-9.84525e-18
-9.88778e-18
-9.45528e-18
-7.25894e-18
-4.6003e-18
-2.99998e-18
-3.06797e-18
-2.48687e-18
3.33896e-19
3.26412e-18
3.36479e-18
8.7975e-19
-1.77304e-18
-2.48297e-18
-9.10618e-19
7.10884e-19
8.6807e-19
2.31283e-19
-2.03872e-19
-2.87358e-19
-2.11884e-19
-1.19795e-19
-5.73868e-20
-2.42917e-20
-9.2698e-21
-3.21494e-21
-1.01192e-21
-2.85157e-22
-6.92218e-23
-1.28306e-23
-7.63351e-25
8.14834e-25
5.61655e-25
2.56467e-25
9.94247e-26
3.5169e-26
1.17416e-26
3.77408e-27
1.18255e-27
3.63822e-28
1.1024e-28
3.28957e-29
9.64764e-30
2.7731e-30
7.79046e-31
2.13412e-31
5.69138e-32
1.47613e-32
3.72167e-33
9.1208e-34
-2.80485e-17
-2.83308e-17
-2.93053e-17
-2.22149e-17
-1.29201e-17
-7.9576e-18
-1.07433e-17
-1.17758e-17
-1.64941e-18
1.07897e-17
1.39805e-17
5.61738e-18
-4.62138e-18
-9.47987e-18
-4.30093e-18
2.46218e-18
3.54434e-18
9.60545e-19
-7.17446e-19
-9.70246e-19
-6.76349e-19
-3.63146e-19
-1.66028e-19
-6.72617e-20
-2.45594e-20
-8.11472e-21
-2.40655e-21
-6.22946e-22
-1.29721e-22
-1.49128e-23
3.98507e-24
3.80528e-24
1.85615e-24
7.3058e-25
2.56413e-25
8.38966e-26
2.63266e-26
8.09414e-27
2.47623e-27
7.60024e-28
2.34135e-28
7.19943e-29
2.19145e-29
6.55041e-30
1.91065e-30
5.41563e-31
1.48814e-31
3.96018e-32
1.02045e-32
2.54714e-33
-7.17957e-17
-7.21328e-17
-8.70105e-17
-6.29933e-17
-3.04442e-17
-1.54978e-17
-3.19415e-17
-4.98746e-17
-1.42698e-17
3.07226e-17
5.64204e-17
2.84881e-17
-8.53651e-18
-3.58033e-17
-2.02898e-17
7.37061e-18
1.45541e-17
3.84965e-18
-2.64471e-18
-3.23391e-18
-2.07357e-18
-1.03914e-18
-4.47704e-19
-1.71548e-19
-5.90732e-20
-1.81913e-20
-4.88488e-21
-1.06094e-21
-1.34499e-22
2.71598e-23
2.92478e-23
1.43973e-23
5.54818e-24
1.85496e-24
5.6112e-25
1.5802e-25
4.27486e-26
1.15855e-26
3.2993e-27
1.01706e-27
3.36073e-28
1.14644e-28
3.88936e-29
1.2815e-29
4.05476e-30
1.22728e-30
3.55315e-31
9.85458e-32
2.62395e-32
6.72293e-33
-1.62548e-16
-1.57321e-16
-2.53113e-16
-1.54564e-16
-4.59188e-17
3.89189e-18
-6.69715e-17
-2.14536e-16
-7.04419e-17
6.22239e-17
2.40881e-16
1.24424e-16
-3.03808e-18
-1.35738e-16
-9.75788e-17
1.5332e-17
6.21577e-17
1.54803e-17
-1.05079e-17
-1.06919e-17
-6.05416e-18
-2.76413e-18
-1.10312e-18
-3.9274e-19
-1.24223e-19
-3.39157e-20
-7.30261e-21
-7.86435e-22
3.03958e-22
2.63962e-22
1.24567e-22
4.61322e-23
1.43816e-23
3.79676e-24
8.1173e-25
1.15968e-25
-3.54424e-27
-1.00267e-26
-4.37789e-27
-1.25962e-27
-2.3302e-28
1.46667e-30
2.57906e-29
1.51675e-29
6.39575e-30
2.29527e-30
7.41964e-31
2.21911e-31
6.23493e-32
1.66172e-32
-3.15764e-16
-2.72178e-16
-6.92502e-16
-3.50332e-16
7.86308e-18
3.66126e-16
-3.76282e-16
-1.80594e-15
-2.82398e-16
1.26145e-15
1.87455e-15
4.33918e-16
4.42091e-17
-1.16067e-15
-5.33145e-16
6.0279e-18
3.24905e-16
6.74902e-17
-4.65462e-17
-3.50815e-17
-1.64688e-17
-6.6237e-18
-2.39007e-18
-7.65596e-19
-2.08341e-19
-4.20396e-20
-1.97923e-21
3.70451e-21
2.54589e-21
1.14981e-21
4.16223e-22
1.24403e-22
2.91492e-23
3.94396e-24
-7.77232e-25
-8.82152e-25
-4.43735e-25
-1.72856e-25
-5.76813e-26
-1.70307e-26
-4.47794e-27
-1.03298e-27
-1.97757e-28
-2.52047e-29
1.53285e-30
2.59355e-30
1.20775e-30
4.29713e-31
1.33505e-31
3.7951e-32
-4.81713e-16
-3.37491e-16
-1.09913e-15
-1.35958e-14
-6.23794e-16
3.3385e-15
-6.04369e-14
-1.32329e-14
9.42692e-14
9.46865e-14
1.24102e-14
-3.71441e-14
-3.86597e-14
-1.69942e-14
-2.3665e-15
5.84041e-15
3.0284e-15
2.89301e-16
-2.61597e-16
-1.12456e-16
-3.91933e-17
-1.32866e-17
-4.17295e-18
-1.10134e-18
-1.879e-19
2.14543e-20
3.96672e-20
2.36567e-20
1.04691e-20
3.81376e-21
1.14834e-21
2.63011e-22
2.67296e-23
-1.5074e-23
-1.28828e-23
-6.44586e-24
-2.6114e-24
-9.26846e-25
-2.97259e-25
-8.73589e-26
-2.36439e-26
-5.88162e-27
-1.32992e-27
-2.65568e-28
-4.32239e-29
-3.99573e-30
7.82791e-31
6.17443e-31
2.44695e-31
7.83832e-32
1.7337e-13
5.78865e-15
1.08725e-14
-9.63119e-14
-5.24277e-13
-1.14304e-12
-3.49495e-13
2.04616e-12
2.28656e-12
4.89983e-13
-1.82417e-12
-1.64065e-12
-5.15039e-13
-6.72374e-14
2.15041e-13
1.14877e-13
1.40186e-14
-6.88575e-15
-2.12723e-15
-2.88401e-16
-6.35518e-17
-1.77451e-17
-4.36771e-18
-4.20919e-19
4.0241e-19
3.62874e-19
2.00773e-19
8.89717e-20
3.33129e-20
1.04573e-20
2.53788e-21
3.00108e-22
-1.36045e-22
-1.30266e-22
-6.93934e-23
-2.97383e-23
-1.1165e-23
-3.79897e-24
-1.19116e-24
-3.47191e-25
-9.44534e-26
-2.3991e-26
-5.66718e-27
-1.23219e-27
-2.4089e-28
-3.99468e-29
-4.56953e-30
1.68851e-31
3.31556e-31
1.40685e-31
1.12356e-11
6.65053e-12
3.15655e-12
1.9666e-13
-6.06611e-12
-1.33137e-11
1.03093e-11
3.11349e-11
9.10537e-12
-3.05937e-11
-2.54946e-11
-6.17818e-12
-1.37009e-12
6.16438e-12
3.19944e-12
4.39784e-13
-2.24861e-13
-8.19437e-14
-6.84675e-15
1.62185e-16
2.26489e-17
1.61768e-18
3.34162e-18
4.0199e-18
2.82608e-18
1.51781e-18
6.85032e-19
2.67106e-19
8.88872e-20
2.35964e-20
3.67407e-21
-7.99327e-22
-1.06577e-21
-6.24578e-22
-2.85658e-22
-1.13414e-22
-4.06843e-23
-1.34471e-23
-4.13983e-24
-1.19458e-24
-3.24163e-25
-8.27976e-26
-1.98729e-26
-4.4592e-27
-9.25064e-28
-1.73268e-28
-2.76617e-29
-3.08004e-30
9.10423e-32
1.99576e-31
4.87461e-11
5.80274e-11
2.74408e-11
4.70599e-12
-1.26794e-11
-4.07096e-11
4.04175e-10
9.97558e-11
-6.47956e-10
-5.23575e-10
-9.39676e-11
1.23287e-10
1.62531e-10
6.98841e-11
1.0374e-11
-6.51895e-12
-2.51693e-12
-2.29144e-13
9.5532e-15
2.19166e-15
2.48034e-16
4.6784e-17
2.516e-17
1.76857e-17
9.96394e-18
4.68892e-18
1.92303e-18
6.84485e-19
2.00364e-19
3.94513e-20
-2.0748e-21
-7.34013e-21
-4.89826e-21
-2.41092e-21
-1.01323e-21
-3.82195e-22
-1.32462e-22
-4.27321e-23
-1.29317e-23
-3.68874e-24
-9.9448e-25
-2.53656e-25
-6.11622e-26
-1.38982e-26
-2.95628e-27
-5.80767e-28
-1.02413e-28
-1.50817e-29
-1.38898e-30
1.49181e-31
8.73155e-11
1.66793e-10
3.50015e-11
3.29496e-10
2.00741e-09
4.87981e-09
1.81692e-09
-7.46606e-09
-7.01446e-09
-1.90914e-09
5.20588e-09
4.06958e-09
1.37299e-09
1.96636e-10
-1.78854e-10
-7.3544e-11
-7.1207e-12
2.46491e-13
6.6799e-14
4.15551e-15
-6.10759e-17
1.57284e-18
5.93462e-17
5.37253e-17
2.84853e-17
1.23224e-17
4.68572e-18
1.51531e-18
3.61496e-19
2.08185e-20
-4.22995e-20
-3.40123e-20
-1.82243e-20
-8.1252e-21
-3.21801e-21
-1.1655e-21
-3.92083e-22
-1.23661e-22
-3.67819e-23
-1.03563e-23
-2.76632e-24
-7.01631e-25
-1.68892e-25
-3.84976e-26
-8.26951e-27
-1.65837e-27
-3.04777e-28
-4.92569e-29
-6.21038e-30
-2.72537e-31
8.61024e-11
2.459e-10
-5.89142e-10
5.20191e-09
2.27623e-08
2.73218e-08
-1.54353e-08
-3.68709e-08
-1.94925e-08
4.36798e-08
4.05703e-08
1.40615e-08
3.03708e-09
-3.70132e-09
-1.78454e-09
-2.07705e-10
4.93249e-12
1.46194e-12
1.03795e-13
-2.98228e-15
-8.7836e-16
-1.69381e-16
1.6677e-16
1.69996e-16
7.48381e-17
2.84685e-17
9.95018e-18
2.81817e-18
3.9862e-19
-1.8951e-19
-2.08962e-19
-1.24444e-19
-5.91461e-20
-2.45818e-20
-9.2762e-21
-3.24061e-21
-1.05996e-21
-3.26902e-22
-9.54944e-23
-2.64993e-23
-6.9971e-24
-1.75915e-24
-4.20893e-25
-9.56487e-26
-2.05617e-26
-4.14937e-27
-7.74619e-28
-1.29738e-28
-1.80196e-29
-1.48555e-30
4.5616e-11
6.93217e-12
-2.71791e-09
2.09314e-08
4.94373e-08
3.83894e-08
-3.13835e-07
-2.82557e-08
2.43845e-07
3.79126e-07
1.04709e-07
-2.61296e-08
-9.40825e-08
-3.95568e-08
-4.88587e-09
8.22214e-11
2.58131e-11
2.15427e-12
-4.46784e-14
-1.26062e-14
-1.81897e-15
-3.33264e-16
1.68467e-15
6.36734e-16
1.69916e-16
5.36577e-17
1.76454e-17
3.99979e-18
-4.29767e-19
-1.10488e-18
-7.66898e-19
-3.93185e-19
-1.7169e-19
-6.73042e-20
-2.43034e-20
-8.20079e-21
-2.6082e-21
-7.86052e-22
-2.25251e-22
-6.15031e-23
-1.60188e-23
-3.98078e-24
-9.43158e-25
-2.12614e-25
-4.54202e-26
-9.12788e-27
-1.70208e-27
-2.86295e-28
-4.04934e-29
-3.66444e-30
-7.75162e-07
-8.96276e-07
-1.69084e-07
5.53657e-08
-5.99947e-07
-3.00027e-06
-1.23866e-06
3.66484e-06
4.07471e-06
1.24631e-06
-3.10331e-06
-2.74413e-06
-1.02509e-06
-1.29098e-07
8.90588e-10
3.26966e-10
4.23728e-11
-5.10569e-13
-1.52345e-13
2.75794e-14
1.09053e-13
7.9124e-14
2.13281e-14
1.6845e-15
1.6649e-16
5.91657e-17
2.5066e-17
3.29887e-18
-4.3853e-18
-4.17963e-18
-2.39244e-18
-1.1039e-18
-4.47946e-19
-1.66098e-19
-5.74055e-20
-1.86983e-20
-5.77708e-21
-1.69949e-21
-4.77079e-22
-1.27949e-22
-3.27969e-23
-8.03197e-24
-1.87696e-24
-4.17462e-25
-8.79604e-26
-1.74118e-26
-3.18765e-27
-5.22222e-28
-7.02173e-29
-5.20906e-30
-5.10079e-06
-5.35592e-06
-4.72858e-06
-6.91142e-06
-1.51074e-05
-1.55228e-05
1.2901e-06
1.5637e-05
1.37021e-05
-1.37068e-05
-2.39971e-05
-1.23309e-05
-3.02425e-06
-1.24903e-07
8.94908e-10
4.88205e-10
6.28921e-11
-8.35117e-13
-1.48085e-13
1.60515e-12
1.43474e-12
5.72599e-13
7.91302e-14
-3.34314e-16
-1.70185e-16
1.17283e-18
4.66026e-17
1.54191e-18
-1.77742e-17
-1.32972e-17
-6.62731e-18
-2.76529e-18
-1.03949e-18
-3.63244e-19
-1.1982e-19
-3.76019e-20
-1.12708e-20
-3.23261e-21
-8.87732e-22
-2.33405e-22
-5.87164e-23
-1.41148e-23
-3.23508e-24
-7.04266e-25
-1.4467e-25
-2.77109e-26
-4.83466e-27
-7.27354e-28
-7.86707e-29
8.78649e-31
-1.30272e-05
-1.07872e-05
-2.33464e-05
-4.30762e-05
-5.47507e-05
-2.97274e-05
2.32303e-05
2.5252e-05
6.16684e-06
-0.000104614
-5.36102e-05
-1.90738e-05
-3.65943e-06
-1.75401e-09
1.69919e-09
1.47289e-09
4.63375e-10
1.71177e-11
2.94945e-12
6.65786e-12
4.64429e-12
1.4348e-12
1.09068e-13
-1.82274e-15
-8.80538e-16
-6.17774e-17
2.47748e-16
2.25412e-17
-6.35892e-17
-3.92063e-17
-1.64731e-17
-6.05556e-18
-2.07398e-18
-6.76463e-19
-2.11911e-19
-6.39347e-20
-1.85777e-20
-5.19233e-21
-1.39334e-21
-3.58253e-22
-8.80528e-23
-2.06262e-23
-4.58481e-24
-9.60227e-25
-1.87114e-25
-3.3087e-26
-5.0022e-27
-5.25074e-28
1.81623e-29
3.28438e-29
-1.69441e-05
-9.88875e-06
-4.94057e-05
-0.000111909
-8.96262e-05
6.56006e-05
0.000117953
-0.000173459
-0.0010565
-0.000424975
0.000624169
0.00354939
0.00572627
0.00548586
0.00354255
0.00141858
0.000241786
1.89072e-10
1.60287e-11
1.34791e-11
6.65812e-12
1.60529e-12
2.7574e-14
-1.26209e-14
-2.98687e-15
4.15441e-15
2.19123e-15
1.62067e-16
-2.88424e-16
-1.12464e-16
-3.50851e-17
-1.06932e-17
-3.23432e-18
-9.70355e-19
-2.87382e-19
-8.3444e-20
-2.35773e-20
-6.43647e-21
-1.68686e-21
-4.21942e-22
-1.00127e-22
-2.23691e-23
-4.64858e-24
-8.78557e-25
-1.43425e-25
-1.71306e-26
-4.04896e-29
8.75386e-28
3.87226e-28
1.25051e-28
0.000155578
0.000186679
-5.47634e-06
-0.000173571
0.00042585
0.00133818
0.000394633
-0.00329189
-0.00524631
-0.000842064
0.0178575
0.0456974
0.0682284
0.0715139
0.0586542
0.0365629
0.0164138
0.00436941
0.00024329
1.60306e-11
2.95019e-12
-1.48084e-13
-1.52411e-13
-4.47073e-14
1.03784e-13
6.67944e-14
9.55256e-15
-6.84621e-15
-2.12708e-15
-2.61592e-16
-4.65487e-17
-1.05091e-17
-2.64512e-18
-7.1755e-19
-2.0389e-19
-5.87348e-20
-1.66371e-20
-4.52135e-21
-1.156e-21
-2.72814e-22
-5.78353e-23
-1.03965e-23
-1.30618e-24
3.30558e-26
9.81221e-26
4.48879e-26
1.53821e-26
4.59271e-27
1.25687e-27
3.22843e-28
0.00164078
0.00166984
0.000872626
0.000567513
0.00364204
0.0056099
-0.00105686
-0.0128121
-0.0141566
0.0117572
0.073567
0.158506
0.230319
0.249149
0.216685
0.148601
0.0772932
0.0274879
0.00436941
1.89165e-10
1.71293e-11
-8.35379e-13
-5.10703e-13
2.15411e-12
1.46185e-12
2.46478e-13
-2.29127e-13
-8.19377e-14
-6.88522e-15
2.89267e-16
6.74804e-17
1.54778e-17
3.84904e-18
9.60421e-19
2.31272e-19
5.34489e-20
1.21181e-20
2.84114e-21
7.36442e-22
2.16511e-22
6.91444e-23
2.24804e-23
7.1258e-24
2.1611e-24
6.24012e-25
1.71748e-25
4.521e-26
1.14262e-26
2.78297e-27
6.55396e-28
0.00506871
0.00498205
0.00335016
0.00380725
0.0108671
0.0133013
-0.0043649
-0.0299437
-0.0249395
0.0415894
0.173167
0.342497
0.489199
0.539501
0.485356
0.349976
0.194946
0.0772932
0.0164139
0.000241787
4.63461e-10
6.28861e-11
4.23697e-11
2.58117e-11
4.93225e-12
-7.12025e-12
-2.51677e-12
-2.24846e-13
1.40176e-14
3.02817e-15
3.24888e-16
6.2155e-17
1.45535e-17
3.54429e-18
8.68102e-19
2.12123e-19
5.20136e-20
1.29854e-20
3.34974e-21
8.97211e-22
2.47244e-22
6.88633e-23
1.90426e-23
5.16038e-24
1.36009e-24
3.47462e-25
8.59756e-26
2.06201e-26
4.8006e-27
1.08683e-27
0.00939639
0.00907392
0.00676973
0.00836294
0.0201893
0.0225663
-0.00966107
-0.0508151
-0.0341947
0.0838146
0.292298
0.545918
0.770004
0.863285
0.798656
0.598463
0.349976
0.148601
0.0365629
0.00141858
1.47289e-09
4.88226e-10
3.26961e-10
8.22177e-11
-2.07693e-10
-7.35401e-11
-6.51858e-12
4.39756e-13
1.1487e-13
5.83997e-15
6.03638e-18
1.53347e-17
7.37153e-18
2.46258e-18
7.1107e-19
1.92984e-19
5.1621e-20
1.40607e-20
3.96089e-21
1.14792e-21
3.35897e-22
9.72444e-23
2.74473e-23
7.49184e-24
1.97122e-24
4.99848e-25
1.22318e-25
2.89476e-26
6.64135e-27
1.48073e-27
0.0116105
0.0111961
0.00830361
0.0106117
0.0258786
0.0284231
-0.0138962
-0.0664808
-0.0398038
0.116773
0.376194
0.678918
0.952672
1.08705
1.03183
0.798656
0.485356
0.216685
0.0586542
0.00354255
1.69918e-09
8.94986e-10
8.90579e-10
-4.88559e-09
-1.78445e-09
-1.78846e-10
1.03734e-11
3.19924e-12
2.15026e-13
-2.36629e-15
-5.33098e-16
-9.75696e-17
-2.02869e-17
-4.29981e-18
-9.10164e-19
-1.89169e-19
-3.66113e-20
-5.69978e-21
-2.78751e-22
2.89157e-22
1.74873e-22
7.023e-23
2.37092e-23
7.18849e-24
2.01562e-24
5.31301e-25
1.33059e-25
3.19016e-26
7.36487e-27
1.64482e-27
0.00895061
0.00860996
0.00544522
0.00695347
0.0224705
0.0273948
-0.0136628
-0.0682217
-0.0436006
0.11586
0.378021
0.682175
0.964394
1.12039
1.08705
0.863285
0.539501
0.249149
0.0715139
0.00548586
-1.75139e-09
-1.2489e-07
-1.2909e-07
-3.95548e-08
-3.70117e-09
1.96624e-10
6.988e-11
6.16399e-12
-6.72323e-14
-1.69928e-14
-1.16059e-15
-1.35732e-16
-3.57998e-17
-9.47823e-18
-2.48226e-18
-6.33051e-19
-1.54271e-19
-3.52057e-20
-7.3221e-21
-1.31893e-21
-1.77693e-22
-4.28769e-24
8.46032e-24
4.15162e-24
1.42323e-24
4.17244e-25
1.11198e-25
2.76962e-26
6.54786e-27
1.4841e-27
0.00132794
0.00137635
-0.00125517
-0.00228581
0.00826272
0.0175421
-0.00598125
-0.0511154
-0.0468982
0.0618395
0.270283
0.536364
0.801435
0.964394
0.952672
0.770004
0.489199
0.230319
0.0682283
0.00572625
-3.65928e-06
-3.02414e-06
-1.02505e-06
-9.40786e-08
3.03692e-09
1.37291e-09
1.62522e-10
-1.36999e-12
-5.15001e-13
-3.86566e-14
4.42039e-17
-3.03661e-18
-8.53405e-18
-4.61971e-18
-1.77218e-18
-5.68055e-19
-1.6082e-19
-4.10525e-20
-9.48065e-21
-1.95741e-21
-3.47645e-22
-4.68822e-23
-1.83238e-24
1.71967e-24
8.56723e-25
2.86622e-25
8.1359e-26
2.09512e-26
5.04262e-27
1.15334e-27
-0.0043225
-0.00391725
-0.00517557
-0.00820719
-0.00536034
0.00523205
0.0047405
-0.02034
-0.0437498
-0.0148209
0.103577
0.307623
0.536364
0.682175
0.678918
0.545918
0.342497
0.158506
0.0456974
0.00354938
-1.90733e-05
-1.23306e-05
-2.74405e-06
-2.61287e-08
1.40608e-08
4.06937e-09
1.2328e-10
-6.17775e-12
-1.64053e-12
-3.71411e-14
4.33888e-16
1.24419e-16
2.84895e-17
5.61896e-18
8.80672e-19
8.33034e-20
-6.80622e-21
-5.62748e-21
-1.53301e-21
-2.22624e-22
1.8773e-23
2.74571e-23
1.25077e-23
4.30794e-24
1.28077e-24
3.45242e-25
8.65019e-26
2.04519e-26
4.61081e-27
9.99105e-28
-0.00364391
-0.00325213
-0.00289171
-0.00547784
-0.00832888
-0.0023076
0.00991161
0.00561187
-0.0280303
-0.0564962
-0.0219101
0.103577
0.270283
0.378021
0.376194
0.292298
0.173167
0.073567
0.0178575
0.000624173
-5.36091e-05
-2.39966e-05
-3.10324e-06
1.04706e-07
4.05684e-08
5.20561e-09
-9.39623e-11
-2.5493e-11
-1.82402e-12
1.24092e-14
1.87439e-15
2.40872e-16
5.64213e-17
1.39821e-17
3.36574e-18
7.97965e-19
1.91354e-19
4.72008e-20
1.19796e-20
3.09154e-21
7.98665e-22
2.03737e-22
5.08168e-23
1.23153e-23
2.88955e-24
6.55293e-25
1.43586e-25
3.04166e-26
6.23733e-27
1.2405e-27
0.000514985
0.000579162
0.00171157
0.00148566
-0.00262819
-0.0033456
0.00661643
0.0137794
-0.00491607
-0.0438552
-0.0564962
-0.0148209
0.0618395
0.11586
0.116773
0.0838146
0.0415895
0.0117573
-0.000842031
-0.000424967
-0.000104612
-1.37066e-05
1.24628e-06
3.79115e-07
4.36778e-08
-1.90905e-09
-5.23547e-10
-3.05916e-11
4.89949e-13
9.46795e-14
1.26134e-15
6.22298e-17
3.07263e-17
1.07918e-17
3.26515e-18
9.38734e-19
2.6581e-19
7.44009e-20
2.04328e-20
5.46514e-21
1.4174e-21
3.55751e-22
8.63499e-23
2.02656e-23
4.59879e-24
1.00915e-24
2.14185e-25
4.39838e-26
8.74359e-27
1.6838e-27
0.00181353
0.0016422
0.00224705
0.00342307
0.00216779
-0.0012793
-0.000302023
0.00708165
0.00900729
-0.00491606
-0.0280302
-0.0437498
-0.0468982
-0.0436006
-0.0398038
-0.0341947
-0.0249394
-0.0141566
-0.0052463
-0.00105649
6.16787e-06
1.37021e-05
4.07464e-06
2.43833e-07
-1.94918e-08
-7.01417e-09
-6.47922e-10
9.10489e-12
2.28643e-12
9.42618e-14
-2.82372e-16
-7.04305e-17
-1.42646e-17
-1.64702e-18
3.34916e-19
3.1908e-19
1.44791e-19
5.23939e-20
1.6751e-20
4.92323e-21
1.35694e-21
3.54732e-22
8.85624e-23
2.12052e-23
4.88232e-24
1.08279e-24
2.31578e-25
4.78028e-26
9.53037e-27
1.83621e-27
-5.62599e-05
-0.000190461
-0.000431129
0.000278419
0.00153667
0.000256352
-0.00302543
-0.00176181
0.00708164
0.0137794
0.00561187
-0.0203401
-0.0511154
-0.0682217
-0.0664808
-0.0508151
-0.0299437
-0.0128121
-0.0032919
-0.000173463
2.5252e-05
1.56369e-05
3.6648e-06
-2.82573e-08
-3.68701e-08
-7.46576e-09
9.97587e-11
3.11339e-11
2.04603e-12
-1.32319e-14
-1.8058e-15
-2.14524e-16
-4.98699e-17
-1.17738e-17
-2.48605e-18
-4.41103e-19
-5.47309e-20
1.19739e-21
3.92357e-21
1.79491e-21
6.16334e-22
1.84764e-22
5.07538e-23
1.30475e-23
3.17297e-24
7.34409e-25
1.62398e-25
3.43928e-26
6.98763e-27
1.36349e-27
-0.00111621
-0.00111091
-0.00146083
-0.00161767
-0.000548293
0.00033983
-0.00119763
-0.00302543
-0.000302021
0.00661643
0.0099116
0.00474049
-0.00598123
-0.0136628
-0.0138961
-0.00966108
-0.00436493
-0.00105688
0.000394622
0.000117948
2.32289e-05
1.28983e-06
-1.23865e-06
-3.1383e-07
-1.54346e-08
1.81687e-09
4.04164e-10
1.03089e-11
-3.49475e-13
-6.04331e-14
-3.76265e-16
-6.69663e-17
-3.19378e-17
-1.07415e-17
-3.06724e-18
-8.01838e-19
-1.97106e-19
-4.57901e-20
-9.99428e-21
-2.02048e-21
-3.68231e-22
-5.69631e-23
-6.12658e-24
1.51969e-25
3.45169e-25
1.32854e-25
3.79734e-26
9.32494e-27
2.06111e-27
4.17886e-28
-0.000581412
-0.000575672
-0.000602983
-0.000689551
-0.000672921
-0.000245333
0.000339826
0.000256353
-0.00127929
-0.0033456
-0.00230761
0.00523205
0.0175421
0.0273949
0.0284231
0.0225663
0.0133013
0.00560987
0.00133817
6.55968e-05
-2.97277e-05
-1.55228e-05
-3.00027e-06
3.83904e-08
2.73216e-08
4.87972e-09
-4.07095e-11
-1.33133e-11
-1.14299e-12
3.33831e-15
3.66122e-16
3.90396e-18
-1.54908e-17
-7.95458e-18
-2.99887e-18
-9.84706e-19
-2.94578e-19
-8.17145e-20
-2.12142e-20
-5.18602e-21
-1.19948e-21
-2.6362e-22
-5.53007e-23
-1.11299e-23
-2.16305e-24
-4.09347e-25
-7.6243e-26
-1.41538e-26
-2.65277e-27
-5.06973e-28
-0.000622028
-0.000699261
-0.00070337
-0.000352197
-0.000150842
-0.000672921
-0.000548298
0.00153667
0.0021678
-0.00262819
-0.0083289
-0.00536035
0.00826275
0.0224705
0.0258786
0.0201892
0.0108671
0.003642
0.000425835
-8.96293e-05
-5.47526e-05
-1.51079e-05
-5.99945e-07
4.94384e-08
2.27625e-08
2.00733e-09
-1.26798e-11
-6.06613e-12
-5.24251e-13
-6.23683e-16
7.91182e-18
-4.58887e-17
-3.04294e-17
-1.29142e-17
-4.59818e-18
-1.47863e-18
-4.39514e-19
-1.2189e-19
-3.17284e-20
-7.79451e-21
-1.81716e-21
-4.04355e-22
-8.6411e-23
-1.78528e-23
-3.59194e-24
-7.09257e-25
-1.38517e-25
-2.69432e-26
-5.24656e-27
-1.02529e-27
-0.00141928
-0.00153493
-0.00174424
-0.00128377
-0.000352194
-0.000689548
-0.00161767
0.000278419
0.00342308
0.00148566
-0.00547786
-0.0082072
-0.00228578
0.00695353
0.0106118
0.00836292
0.0038072
0.000567465
-0.000173581
-0.000111917
-4.3079e-05
-6.91176e-06
5.53673e-08
2.09322e-08
5.20222e-09
3.29526e-10
4.70554e-12
1.96568e-13
-9.63193e-14
-1.35952e-14
-3.50229e-16
-1.54506e-16
-6.29661e-17
-2.22043e-17
-7.25529e-18
-2.2209e-18
-6.37232e-19
-1.71528e-19
-4.34343e-20
-1.03891e-20
-2.35897e-21
-5.11346e-22
-1.06488e-22
-2.14589e-23
-4.21873e-24
-8.16414e-25
-1.56936e-25
-3.02042e-26
-5.85152e-27
-1.14311e-27
-0.00165549
-0.00174086
-0.00201114
-0.00174424
-0.000703368
-0.000602981
-0.00146083
-0.000431129
0.00224706
0.00171157
-0.00289173
-0.00517558
-0.00125514
0.00544528
0.00830364
0.00676971
0.0033501
0.000872581
-5.49383e-06
-4.9413e-05
-2.33492e-05
-4.72901e-06
-1.69056e-07
-2.71725e-09
-5.8902e-10
3.50081e-11
2.74412e-11
3.15601e-12
1.08732e-14
-1.0989e-15
-6.9231e-16
-2.53011e-16
-8.6967e-17
-2.92891e-17
-9.44988e-18
-2.87322e-18
-8.17712e-19
-2.17748e-19
-5.44085e-20
-1.28114e-20
-2.85681e-21
-6.06572e-22
-1.23383e-22
-2.42162e-23
-4.62534e-24
-8.68397e-25
-1.62037e-25
-3.0369e-26
-5.76306e-27
-1.11112e-27
-0.00144081
-0.00151359
-0.00174086
-0.00153493
-0.000699258
-0.00057567
-0.00111091
-0.000190461
0.00164221
0.000579161
-0.00325215
-0.00391726
0.00137638
0.00861001
0.0111962
0.0090739
0.004982
0.00166979
0.000186657
-9.89288e-06
-1.07899e-05
-5.35664e-06
-8.96224e-07
6.78701e-12
2.45905e-10
1.66804e-10
5.80312e-11
6.65052e-12
5.78735e-15
-3.36969e-16
-2.71843e-16
-1.57164e-16
-7.2071e-17
-2.83091e-17
-9.88086e-18
-3.12414e-18
-9.06036e-19
-2.43273e-19
-6.09341e-20
-1.43303e-20
-3.18301e-21
-6.71613e-22
-1.35445e-22
-2.62915e-23
-4.95367e-24
-9.15176e-25
-1.67731e-25
-3.08644e-26
-5.75932e-27
-1.09562e-27
-0.00136327
-0.00144081
-0.00165548
-0.00141928
-0.000622024
-0.000581408
-0.00111621
-5.62599e-05
0.00181353
0.000514984
-0.00364393
-0.00432251
0.00132797
0.00895066
0.0116105
0.00939637
0.00506865
0.00164073
0.000155557
-1.69483e-05
-1.30299e-05
-5.10147e-06
-7.75109e-07
4.56332e-11
8.61124e-11
8.73241e-11
4.87498e-11
1.1236e-11
1.73328e-13
-4.81094e-16
-3.15374e-16
-1.62369e-16
-7.17261e-17
-2.80245e-17
-9.83766e-18
-3.13699e-18
-9.17115e-19
-2.47857e-19
-6.23788e-20
-1.47164e-20
-3.27455e-21
-6.91339e-22
-1.39363e-22
-2.70145e-23
-5.07804e-24
-9.35083e-25
-1.7067e-25
-3.12558e-26
-5.80367e-27
-1.09909e-27
)
;

boundaryField
{
    movingWall
    {
        type            zeroGradient;
    }
    fixedWalls
    {
        type            zeroGradient;
    }
    frontAndBack
    {
        type            empty;
    }
}

