/*--------------------------------*- C++ -*----------------------------------*\
| =========                 |                                                 |
| \\      /  F ield         | OpenFOAM: The Open Source CFD Toolbox           |
|  \\    /   O peration     | Version:  v2006                                 |
|   \\  /    A nd           | Website:  www.openfoam.com                      |
|    \\/     M anipulation  |                                                 |
\*---------------------------------------------------------------------------*/
FoamFile
{
    version     2.0;
    format      ascii;
    class       volScalarField;
    location    "0";
    object      f;
}
// * * * * * * * * * * * * * * * * * * * * * * * * * * * * * * * * * * * * * //

dimensions      [0 0 0 0 0 0 0];


internalField   nonuniform List<scalar> 
2500
(
1.90779e-42
-4.89663e-34
2.1852e-29
-8.25143e-27
-1.0753e-23
1.1328e-21
-3.69773e-21
-1.73987e-19
-4.99499e-19
2.68134e-18
8.14138e-17
-1.53065e-16
-8.81965e-16
2.18028e-14
-2.83735e-15
-3.75316e-13
2.57759e-11
-6.95492e-12
-5.77023e-10
5.90821e-09
1.49735e-08
5.32545e-09
-4.39196e-07
-5.75151e-07
-5.16645e-07
-2.75969e-07
8.50665e-07
8.52794e-07
4.21274e-08
-1.03193e-07
-1.32943e-08
4.74722e-08
3.33166e-08
6.41951e-09
-7.27815e-10
-5.23983e-10
-6.72097e-11
2.13532e-11
1.09393e-11
3.41335e-13
-3.06021e-13
-7.92427e-14
8.14775e-16
1.46072e-15
6.91495e-16
2.62589e-16
8.91308e-17
2.77804e-17
8.11543e-18
5.82838e-19
3.16981e-40
-1.9872e-32
4.19306e-28
-4.01379e-26
-1.13222e-22
7.07092e-21
6.16109e-21
-6.41879e-19
-6.55718e-18
5.36255e-18
3.12428e-16
-2.0908e-16
-2.86065e-15
2.21741e-13
-5.199e-12
-4.84138e-13
1.1826e-10
-3.03488e-09
-1.03876e-09
8.68041e-08
2.54798e-08
-1.40178e-06
-2.22366e-06
-1.05711e-06
-5.04294e-07
-1.46802e-07
1.18523e-05
7.9913e-07
-5.80798e-07
-4.87854e-07
-4.56326e-08
7.39759e-08
4.62792e-08
8.12547e-09
-6.75284e-10
-4.60255e-10
-4.13348e-11
2.95765e-11
1.04566e-11
4.16467e-14
-2.71016e-13
-6.02665e-14
5.74458e-16
6.39825e-16
3.10714e-16
1.20681e-16
4.10197e-17
1.26173e-17
3.59985e-18
3.43849e-19
4.11875e-38
-6.54718e-31
6.26764e-27
4.97499e-25
-9.85889e-22
3.52024e-20
1.657e-19
-1.43876e-18
-3.81916e-17
1.05349e-18
1.37555e-15
-3.03505e-14
6.1804e-15
5.5556e-13
-2.90788e-11
4.79825e-10
2.08214e-10
-1.61606e-08
7.31928e-08
2.96214e-07
-1.24086e-06
-9.30695e-06
-5.23241e-06
-1.32905e-06
4.38689e-05
0.000137261
4.94704e-05
1.75804e-07
-2.5638e-06
-1.48927e-06
-1.5242e-07
1.41581e-07
8.80868e-08
1.48529e-08
-1.65853e-09
-1.03915e-09
-6.40311e-11
6.23068e-11
2.11275e-11
-1.46217e-13
-6.09306e-13
-1.13368e-13
8.391e-16
8.19037e-16
3.89736e-16
1.48493e-16
4.98574e-17
1.51858e-17
4.28432e-18
4.51843e-19
4.86856e-36
-2.02887e-29
8.52207e-26
1.58143e-23
-7.99717e-21
1.53232e-19
1.35649e-18
1.49554e-18
-1.73507e-16
-3.15313e-17
5.78757e-15
-2.36231e-13
4.83987e-12
-1.14329e-11
-5.75084e-11
2.717e-09
-2.21336e-08
-3.43023e-08
1.07839e-06
5.0233e-07
-2.26456e-05
-2.61788e-05
-7.44766e-06
0.000387621
0.00113367
0.000785741
0.000154997
-5.93392e-06
-7.62806e-06
-3.85158e-06
-3.99699e-07
2.43359e-07
1.47528e-07
2.24818e-08
-3.23104e-09
-1.76384e-09
-4.36419e-11
1.18072e-10
3.31372e-11
-9.23448e-13
-9.83714e-13
-1.57573e-13
1.13873e-15
9.37914e-16
4.59614e-16
1.76758e-16
5.91914e-17
1.78782e-17
4.97865e-18
5.68939e-19
5.36192e-34
-5.93165e-28
1.04321e-24
2.75447e-22
-6.04545e-20
5.21624e-19
8.13259e-18
4.36116e-17
-1.24232e-15
6.13381e-15
1.13175e-14
-5.4835e-13
2.63471e-11
-5.06984e-10
1.83126e-09
5.73881e-09
-1.89086e-07
1.78669e-07
3.93135e-06
-1.33746e-05
-8.63631e-05
-3.97711e-05
0.000978755
0.00424409
0.00475929
0.00241176
0.000396632
-1.94594e-05
-1.88892e-05
-8.76886e-06
-8.84284e-07
3.97962e-07
2.33626e-07
3.01897e-08
-6.43213e-09
-2.99556e-09
6.51404e-11
2.1684e-10
4.99697e-11
-2.13656e-12
-1.54192e-12
-2.13836e-13
1.14779e-15
1.04271e-15
5.3534e-16
2.07718e-16
6.9124e-17
2.06199e-17
5.64352e-18
6.873e-19
5.5579e-32
-1.6351e-26
1.11441e-23
3.91313e-21
-4.23587e-19
6.69455e-19
3.74768e-17
3.37579e-16
-1.32804e-14
2.67596e-13
-3.67355e-12
1.60264e-11
5.29762e-11
-2.21295e-09
3.00853e-08
-3.7816e-08
-5.90875e-07
6.30274e-06
6.98548e-06
-0.000146929
-0.000198499
0.000818411
0.00872199
0.0149025
0.012829
0.00577339
0.000876707
-4.45929e-05
-4.13695e-05
-1.7919e-05
-1.6459e-06
6.32981e-07
3.50253e-07
3.41541e-08
-1.25641e-08
-4.76055e-09
3.25382e-10
3.80762e-10
7.03134e-11
-3.84949e-12
-2.17452e-12
-2.65283e-13
8.69872e-16
1.13403e-15
6.18395e-16
2.41434e-16
7.94138e-17
2.32723e-17
6.22535e-18
7.95762e-19
5.44074e-30
-4.23493e-25
9.44292e-23
4.94782e-20
-2.71272e-18
-1.01706e-17
1.3014e-16
1.13567e-15
-4.52294e-14
1.16698e-12
-2.2641e-11
2.91186e-10
-1.3919e-09
-3.91549e-09
1.09392e-07
-9.47913e-07
-9.47691e-07
2.65614e-05
-2.60177e-05
-0.00050641
-0.000246567
0.0102902
0.0288433
0.0367441
0.0278595
0.011751
0.00170841
-9.14938e-05
-8.19686e-05
-3.3052e-05
-2.54722e-06
1.00142e-06
5.00719e-07
2.74784e-08
-2.39125e-08
-6.93714e-09
8.45642e-10
6.34315e-10
9.15079e-11
-5.47951e-12
-2.72537e-12
-3.05037e-13
1.99837e-16
1.22445e-15
7.11678e-16
2.77918e-16
8.96984e-17
2.56519e-17
6.65943e-18
8.79964e-19
5.02729e-28
-1.02397e-23
3.64314e-22
5.7393e-19
-1.53749e-17
-1.49379e-16
3.95333e-15
-3.33514e-14
7.78248e-14
1.90145e-12
-4.51322e-11
1.13246e-09
-1.49168e-08
5.64141e-08
1.81314e-07
-3.8001e-06
1.40869e-05
6.48811e-05
-0.00048485
-0.00113233
0.00544662
0.0360039
0.0685591
0.0747071
0.0520522
0.0209421
0.00292866
-0.000173487
-0.000148917
-5.51073e-05
-3.17202e-06
1.6076e-06
6.80951e-07
-8.70408e-09
-4.37639e-08
-8.95491e-09
1.73115e-09
9.79088e-10
1.08642e-10
-6.24903e-12
-2.99865e-12
-3.26179e-13
-1.54845e-15
1.30524e-15
8.16744e-16
3.16724e-16
9.94101e-17
2.75221e-17
6.87181e-18
9.22984e-19
4.37099e-26
-2.28621e-22
-8.80963e-21
6.16977e-18
-7.25132e-17
-1.28485e-15
4.45703e-14
-9.32387e-13
1.34516e-11
-1.33782e-10
6.33223e-10
1.94768e-09
-5.1518e-08
6.03632e-07
-1.38663e-06
-8.01743e-06
9.36229e-05
8.27523e-05
-0.00179578
-0.00143228
0.0272426
0.0870435
0.134796
0.132197
0.0860324
0.0330805
0.00437885
-0.000305534
-0.000249363
-8.26369e-05
-2.9177e-06
2.64164e-06
8.61966e-07
-8.01716e-08
-7.5528e-08
-1.01743e-08
2.97106e-09
1.37237e-09
1.16894e-10
-6.29641e-12
-2.88139e-12
-3.30711e-13
-8.29989e-15
1.32023e-15
9.29477e-16
3.5629e-16
1.07662e-16
2.85856e-17
6.78348e-18
9.06689e-19
3.55949e-24
-4.61616e-21
-3.19783e-19
6.32624e-17
-6.64608e-16
-3.37684e-15
1.18328e-13
-3.10759e-12
6.43815e-11
-9.02756e-10
8.36518e-09
-4.0595e-08
-7.85395e-08
2.02738e-06
-1.45743e-05
-3.498e-06
0.000275709
-0.000610317
-0.00440322
0.00613351
0.0728917
0.172092
0.230505
0.208842
0.127278
0.046499
0.00564067
-0.000505065
-0.000385097
-0.000109721
7.85933e-07
4.4001e-06
9.68048e-07
-2.0388e-07
-1.20625e-07
-9.88039e-09
4.36906e-09
1.73542e-09
1.11047e-10
-4.84744e-12
-2.14289e-12
-3.3461e-13
-3.06371e-14
1.0958e-15
1.03877e-15
3.93247e-16
1.13136e-16
2.84865e-17
6.31766e-18
8.1392e-19
2.70265e-22
-8.0455e-20
-6.83364e-18
6.77022e-16
-1.41987e-14
2.01723e-13
-1.87546e-12
2.62636e-12
1.0983e-10
-1.8567e-09
2.7733e-08
-2.35278e-07
8.25638e-07
3.33318e-06
-4.82954e-05
0.000143924
0.000505705
-0.0031928
-0.00758819
0.0318915
0.151756
0.294741
0.353223
0.296172
0.169357
0.0580601
0.00611127
-0.000790491
-0.00054513
-0.000125201
8.41374e-06
7.18061e-06
9.30292e-07
-3.90965e-07
-1.70153e-07
-5.48194e-09
5.84556e-09
1.95711e-09
9.15835e-11
-1.50288e-12
-1.14626e-12
-3.89631e-13
-7.9069e-14
1.10277e-17
1.13681e-15
4.22078e-16
1.14033e-16
2.68325e-17
5.41197e-18
6.31574e-19
1.91025e-20
-1.08027e-18
-7.13622e-17
3.49242e-15
-7.02358e-14
1.19915e-12
-1.87517e-11
2.19411e-10
-1.76585e-09
4.69933e-09
4.23024e-08
-5.77983e-07
4.44673e-06
-2.98623e-06
-9.45285e-05
0.000577384
0.000463137
-0.00879983
-0.00805072
0.0797572
0.268063
0.449343
0.489115
0.380651
0.202985
0.0640113
0.00508746
-0.0011804
-0.000695931
-0.000115391
2.14741e-05
1.09115e-05
3.81634e-07
-6.36209e-07
-2.08712e-07
1.17945e-09
7.09843e-09
1.94272e-09
7.71484e-11
3.96612e-12
-5.64154e-13
-4.97427e-13
-1.43886e-13
-2.7075e-15
1.21909e-15
4.34174e-16
1.08124e-16
2.32518e-17
4.0364e-18
3.54359e-19
1.27047e-18
-1.02221e-17
-1.8675e-16
6.38276e-15
-1.20513e-13
2.36083e-12
-4.57406e-11
8.39256e-10
-1.27077e-08
1.06579e-07
-4.105e-07
-5.8124e-07
1.20344e-05
-5.93971e-05
-9.75793e-05
0.00145082
-0.00197511
-0.01816
0.00372939
0.1558
0.416866
0.617796
0.616227
0.444713
0.218951
0.0621437
0.00219062
-0.00168676
-0.000776353
-4.45257e-05
4.12326e-05
1.38909e-05
-6.4249e-07
-9.53033e-07
-2.2089e-07
8.59559e-09
7.50818e-09
1.63316e-09
8.06139e-11
1.33463e-11
-5.63496e-13
-6.52164e-13
-1.97262e-13
-4.31843e-15
1.26812e-15
4.15443e-16
9.29576e-17
1.75006e-17
2.21647e-18
-1.13615e-20
1.00943e-16
-3.4274e-15
7.37103e-14
-1.14002e-12
1.30922e-11
-1.07747e-10
4.99019e-10
7.61665e-10
-2.7509e-08
3.76408e-07
-2.48093e-06
7.24547e-06
1.75877e-05
-0.000204579
0.000372437
0.00262636
-0.00792136
-0.0293791
0.0302464
0.259356
0.582109
0.768665
0.712748
0.472879
0.212833
0.0476286
-0.0015933
-0.00227392
-0.00068783
7.20074e-05
6.97913e-05
1.39813e-05
-2.0636e-06
-1.30231e-06
-2.00791e-07
1.18208e-08
6.33724e-09
1.11303e-09
1.38226e-10
3.02131e-11
-4.27813e-13
-8.67133e-13
-2.3418e-13
-3.28635e-15
1.25596e-15
3.51135e-16
6.65923e-17
9.62842e-18
5.86318e-20
-4.44865e-19
3.44697e-15
-4.57423e-14
6.52782e-13
-7.61361e-12
7.60313e-11
-6.56331e-10
4.61128e-09
-2.43536e-08
1.83569e-08
5.9861e-07
-6.29676e-06
3.26127e-05
-3.36243e-05
-0.000439945
0.001659
0.0031962
-0.0182609
-0.0378109
0.0713558
0.379484
0.737373
0.879336
0.751969
0.457918
0.173916
0.0251513
-0.00469812
-0.00271433
-0.000326105
0.000214724
0.000103364
9.16843e-06
-3.36653e-06
-1.49455e-06
-1.36291e-07
6.24085e-09
2.64226e-09
5.52371e-10
2.21988e-10
5.73905e-11
9.51982e-14
-1.12659e-12
-2.60229e-13
-9.63728e-18
1.14199e-15
2.26639e-16
2.87777e-17
1.9608e-19
-2.23039e-18
-9.11394e-19
1.74299e-14
-1.36218e-13
1.5026e-12
-1.50451e-11
1.41994e-10
-1.30359e-09
1.21577e-08
-1.14017e-07
6.67422e-07
-1.4044e-06
-8.17446e-06
8.00422e-05
-0.000238051
-0.000568118
0.00393151
0.00151741
-0.0326362
-0.0399286
0.128074
0.499085
0.853204
0.925509
0.727627
0.383591
0.114353
0.00238253
-0.00598866
-0.0024061
0.000240256
0.000363503
0.000113134
3.77309e-07
-4.17754e-06
-1.3475e-06
-6.42852e-08
-3.19384e-09
-1.39568e-09
2.40124e-10
2.98185e-10
8.31391e-11
1.99956e-13
-1.42894e-12
-2.6282e-13
2.87939e-15
8.59376e-16
3.87825e-17
-1.74057e-17
-9.50889e-18
-4.34625e-18
-1.36803e-18
2.11296e-14
1.68835e-13
-6.58311e-12
1.00348e-10
-8.95531e-10
4.26288e-09
4.30798e-09
-2.15942e-07
2.35101e-06
-1.1501e-05
1.57056e-05
0.000128143
-0.000670174
-7.4819e-05
0.00684808
-0.00370906
-0.0482547
-0.0334293
0.1922
0.596294
0.90625
0.897877
0.621162
0.272913
0.0509671
-0.0112359
-0.00691634
-0.000843154
0.000908077
0.000509835
8.88681e-05
-7.91265e-06
-4.87148e-06
-9.11561e-07
-1.93478e-08
-1.49822e-08
-4.63745e-09
2.58026e-10
3.67432e-10
8.50863e-11
-2.38717e-12
-1.74451e-12
-1.88276e-13
3.88837e-15
1.26311e-16
-2.03702e-16
-6.39602e-17
-1.73767e-17
-5.93723e-18
-1.77793e-18
-2.54482e-12
2.22931e-11
-2.49511e-10
2.26806e-09
-1.66444e-08
9.4238e-08
-3.6663e-07
4.90737e-07
3.82e-06
-3.09603e-05
9.33801e-05
0.000128734
-0.00132097
0.00157934
0.0092313
-0.0122072
-0.0618163
-0.0183043
0.251849
0.65217
0.879762
0.785033
0.462138
0.153062
0.000612741
-0.0144971
-0.00599534
0.00104806
0.00143431
0.000546017
4.23508e-05
-9.87352e-06
-4.37477e-06
-4.45609e-07
-3.97145e-08
-2.82127e-08
-6.39997e-09
5.67116e-10
3.99959e-10
5.58608e-11
-5.31782e-12
-1.8495e-12
-6.31894e-14
4.93803e-15
-1.02826e-15
-4.61603e-16
-9.54226e-17
-2.08563e-17
-6.74027e-18
-2.13245e-18
-1.72255e-11
1.05096e-10
-9.97266e-10
8.17295e-09
-5.76817e-08
3.35921e-07
-1.55961e-06
4.46486e-06
-1.79423e-06
-4.90486e-05
0.000237015
-0.000170553
-0.00191895
0.00436771
0.00992975
-0.0236903
-0.071506
0.00303818
0.296049
0.658584
0.774952
0.597919
0.285604
0.0509083
-0.0244617
-0.0145732
-0.000851273
0.00298163
0.00178052
0.000416895
-6.65277e-06
-8.97202e-06
-1.99284e-06
-1.01599e-08
-6.53598e-08
-3.9647e-08
-6.211e-09
7.98349e-10
3.58188e-10
1.44829e-11
-6.42624e-12
-1.23394e-12
6.58044e-14
8.1671e-15
-2.74822e-15
-6.46807e-16
-9.40793e-17
-1.83058e-17
-6.78587e-18
-2.47426e-18
-3.50222e-11
1.79166e-10
-1.58062e-09
1.25869e-08
-9.12221e-08
6.0174e-07
-3.451e-06
1.34193e-05
-2.86163e-05
-3.79714e-05
0.000400187
-0.000759913
-0.0020529
0.00793262
0.00832643
-0.0358921
-0.0759868
0.0251563
0.316486
0.600804
0.603114
0.389923
0.128785
-0.0163198
-0.0267796
-0.00928731
0.0037374
0.00406007
0.00173199
0.000216132
-2.26081e-05
-8.2499e-06
1.38012e-07
1.04166e-07
-7.7619e-08
-4.47342e-08
-4.00365e-09
7.5972e-10
2.1418e-10
-1.77355e-11
-7.86842e-12
-1.49335e-13
1.3125e-13
4.80159e-15
-4.37908e-15
-5.99121e-16
-5.08585e-17
-1.05715e-17
-6.56566e-18
-2.90519e-18
9.82901e-11
-5.36246e-10
4.11251e-09
-2.12936e-08
4.76848e-08
3.5096e-07
-4.29836e-06
2.46307e-05
-8.36869e-05
8.8377e-05
0.000482166
-0.0016638
-0.00104244
0.0108863
0.00480941
-0.0471514
-0.0754837
0.0423924
0.310498
0.469952
0.408381
0.198962
0.014611
-0.0419537
-0.0218917
0.00158053
0.00702613
0.0043096
0.0011336
1.42718e-05
-1.198e-05
9.53018e-07
1.74836e-06
1.22467e-07
-1.30919e-07
-4.48501e-08
-6.10019e-10
7.26112e-10
5.89807e-11
-3.44235e-11
-7.31391e-12
5.97145e-13
1.4547e-13
-2.229e-14
-5.48258e-15
-1.33141e-16
2.44471e-17
-1.88226e-18
-7.00442e-18
-3.55879e-18
1.04634e-09
-4.50879e-09
3.23544e-08
-1.88647e-07
8.67838e-07
-2.61196e-06
1.91781e-06
2.7765e-05
-0.000143646
0.000307161
0.000311562
-0.0025574
0.000840301
0.0133089
-0.000694916
-0.056333
-0.0712582
0.0521763
0.254822
0.318341
0.217541
0.0499784
-0.0479238
-0.0400728
-0.00993512
0.00821821
0.00764868
0.0033126
0.000465937
-5.32729e-05
-7.13166e-06
7.30234e-06
2.44731e-06
-1.01162e-07
-1.52404e-07
-2.82298e-08
1.89368e-09
6.54433e-10
-8.4108e-11
-3.87378e-11
-2.75696e-13
8.64303e-13
4.0546e-14
-3.51831e-14
-3.70827e-15
5.08264e-16
9.39694e-17
5.48385e-19
-9.11936e-18
-4.52996e-18
2.03217e-09
-9.19747e-09
6.68043e-08
-4.12326e-07
2.14337e-06
-8.3957e-06
2.0808e-05
-8.38974e-06
-0.000163301
0.000557267
-0.000190746
-0.00307317
0.00342945
0.0144113
-0.0066412
-0.0614042
-0.0638267
0.0507938
0.171229
0.167553
0.0639121
-0.0399994
-0.060256
-0.0283813
0.00341894
0.0102205
0.00620244
0.00150848
-7.00921e-05
-2.24188e-05
1.48328e-05
9.81972e-06
1.40494e-06
-3.85886e-07
-1.63368e-07
-7.64123e-09
2.48912e-09
2.86972e-10
-1.31219e-10
-3.01955e-11
4.02909e-12
9.45402e-13
-1.43841e-13
-3.79972e-14
4.46674e-15
1.10243e-15
1.01372e-16
-9.81616e-18
-1.33409e-17
-5.78405e-18
-6.85269e-09
2.92632e-10
2.70184e-08
-3.63804e-07
2.49161e-06
-1.28754e-05
4.73108e-05
-9.1472e-05
-5.97059e-05
0.000765972
-0.00104451
-0.0029853
0.00612146
0.0145602
-0.0114163
-0.0608619
-0.053527
0.0278416
0.0788684
0.0467329
-0.030529
-0.0702464
-0.0472306
-0.00924374
0.0100658
0.00843888
0.00298067
7.51079e-05
-0.000164486
-3.51546e-06
3.06496e-05
1.02948e-05
-2.56121e-07
-4.73021e-07
-9.67182e-08
7.85668e-09
2.73957e-09
-2.48404e-10
-1.25572e-10
1.11563e-11
7.65688e-12
4.5692e-13
-1.37802e-13
1.77644e-15
1.04688e-14
1.22024e-15
9.53076e-18
-3.29973e-17
-1.88753e-17
-7.10919e-18
-3.55125e-08
6.00283e-08
-3.3428e-07
1.22016e-06
-2.31594e-06
-6.23222e-06
6.24894e-05
-0.000200685
0.000170962
0.000820048
-0.00205337
-0.00242958
0.00852357
0.0142446
-0.0138538
-0.0524804
-0.0418096
0.00132892
0.00938058
-0.0277672
-0.0670636
-0.059675
-0.0236126
0.00568968
0.0100165
0.00451886
0.000131949
-0.000545867
-8.42721e-05
6.53766e-05
3.38695e-05
3.88566e-06
-1.22129e-06
-4.69995e-07
4.07573e-09
1.31677e-08
1.79111e-09
-4.7578e-10
-5.41621e-11
3.57358e-11
9.01214e-12
-2.13035e-13
4.30764e-15
6.71529e-14
1.35972e-14
7.79163e-17
-1.44513e-16
-5.92212e-17
-2.37319e-17
-8.18743e-18
-3.13133e-08
1.2961e-07
-8.52141e-07
4.3404e-06
-1.39296e-05
2.19925e-05
3.92038e-05
-0.000285162
0.000514985
0.00058262
-0.00282607
-0.00183875
0.010208
0.0134442
-0.0133387
-0.0374675
-0.030323
-0.016594
-0.0269464
-0.0528408
-0.0582084
-0.0308372
-0.000372084
0.0103474
0.00549845
-1.6929e-05
-0.0012763
-0.000431747
6.22922e-05
8.83751e-05
2.70876e-05
-1.23162e-06
-1.15569e-06
-1.19831e-07
5.8536e-08
1.42308e-08
-1.65504e-09
-5.4418e-10
8.06185e-11
4.11722e-11
2.49543e-12
-3.11772e-13
1.84079e-13
8.81013e-14
6.32194e-15
-1.05161e-15
-2.63813e-16
-7.31993e-17
-2.59843e-17
-8.79481e-18
5.52698e-07
2.1053e-08
-5.65564e-07
6.30874e-06
-2.58509e-05
6.44891e-05
-3.97001e-05
-0.000294667
0.000837769
0.000224132
-0.00348249
-0.00126577
0.0106538
0.0119452
-0.00664903
-0.0194754
-0.0175694
-0.0202411
-0.0331634
-0.0417181
-0.0267337
-0.00269055
0.0104229
0.00651725
-0.00022448
-0.00261755
-0.00134494
-9.21423e-05
0.000169067
7.4869e-05
2.65934e-06
-3.5914e-06
-8.16493e-07
1.96588e-07
7.89917e-08
3.58607e-09
-2.22602e-09
-2.34709e-10
1.23257e-10
2.54759e-11
-4.01112e-12
-4.56449e-13
2.58372e-13
6.28325e-14
-6.58822e-15
-1.58115e-15
-2.55512e-16
-6.81178e-17
-2.55613e-17
-8.99014e-18
1.90628e-06
-6.43943e-07
2.37225e-06
1.19564e-06
-2.88898e-05
0.00010543
-0.000171961
-0.000194337
0.00113033
-0.000144992
-0.00393246
-0.00107216
0.00936331
0.0103974
0.00218651
-0.00232321
-0.00407106
-0.0105634
-0.0185871
-0.0140685
0.000734727
0.0115547
0.00860349
-2.22475e-05
-0.00420668
-0.00284011
-0.000639656
0.00021481
0.000138505
1.89596e-05
-1.00339e-05
-3.31346e-06
2.81323e-07
2.46227e-07
4.05168e-08
-9.42257e-09
-2.55038e-09
2.22733e-10
7.61668e-11
-2.08946e-11
-7.27092e-12
-1.88355e-13
9.06347e-14
-2.83155e-14
-1.21205e-14
-1.38114e-15
-1.53173e-16
-5.45699e-17
-2.47413e-17
-9.07338e-18
2.2883e-06
-2.68416e-06
7.91814e-06
-1.60693e-05
-4.43912e-06
0.000126944
-0.000308883
-4.96412e-05
0.00133029
-0.000339533
-0.00404549
-0.0014248
0.00616136
0.00947412
0.00977018
0.00963958
0.00666648
0.00115945
0.000165256
0.00696403
0.0135353
0.0110613
0.0013209
-0.00492886
-0.00437771
-0.00155874
0.000136443
0.000239305
5.25977e-05
-2.53351e-05
-1.09742e-05
-3.92244e-07
8.48058e-07
2.36185e-07
-2.73803e-08
-1.23949e-08
-8.10786e-10
2.22397e-10
-2.58657e-11
-3.65071e-11
-6.33269e-12
3.74769e-13
-4.8175e-14
-7.33975e-14
-1.27046e-14
-7.45396e-17
-5.97833e-17
-5.20718e-17
-2.62949e-17
-9.24567e-18
-5.12116e-06
-7.47594e-06
1.18752e-05
-3.99746e-05
4.17234e-05
0.000112039
-0.000427659
8.87109e-05
0.00145743
-0.000327234
-0.00375019
-0.00254275
0.00272044
0.00866711
0.0135908
0.0144316
0.0112821
0.0079067
0.009457
0.0130494
0.0116509
0.00323755
-0.00411855
-0.0051799
-0.0022972
3.04406e-05
0.000398984
9.57004e-05
-5.29469e-05
-2.99868e-05
-3.63205e-06
2.38115e-06
8.36084e-07
-3.79298e-08
-5.03467e-08
-1.07994e-08
9.62687e-10
1.68106e-10
-8.83749e-11
-2.78283e-11
2.54775e-12
5.65364e-13
-1.27626e-13
-5.35494e-14
-1.67081e-15
2.01702e-16
-1.02076e-16
-7.45068e-17
-3.05829e-17
-9.22387e-18
-2.10972e-05
-1.0835e-05
1.01063e-05
-5.74806e-05
9.80006e-05
7.47007e-05
-0.000513819
0.000183182
0.00151917
-0.000116904
-0.00339445
-0.00355171
0.00053801
0.00775287
0.0131199
0.0127196
0.00893733
0.00740482
0.00848732
0.00829137
0.00352788
-0.00249062
-0.0044367
-0.00215503
0.000184768
0.000654111
0.000170233
-9.47144e-05
-7.40444e-05
-1.49562e-05
5.36672e-06
2.50935e-06
1.70512e-07
-1.6205e-07
-4.57465e-08
3.94534e-09
1.73399e-09
8.46876e-11
-1.18749e-11
1.55788e-11
6.83662e-12
6.70893e-13
-4.64182e-14
4.57779e-15
4.18485e-15
-1.56634e-16
-2.93994e-16
-1.11855e-16
-3.37522e-17
-8.21608e-18
-2.46695e-05
6.22829e-06
9.75367e-06
-5.5457e-05
0.0001575
2.34022e-05
-0.00057023
0.000231442
0.00152051
9.20335e-05
-0.00310693
-0.00371599
0.0002861
0.00686537
0.00930273
0.00658268
0.00256708
0.00158054
0.00200692
0.00101932
-0.00158052
-0.00277193
-0.0010249
0.000861146
0.00112651
0.000338826
-0.000152621
-0.000156495
-4.19555e-05
9.46086e-06
6.30278e-06
8.76141e-07
-4.65192e-07
-1.5394e-07
9.5048e-09
9.74731e-09
1.9276e-09
2.64656e-11
6.57441e-11
3.82339e-11
6.52669e-12
-2.22548e-13
4.05421e-14
3.73564e-14
2.35511e-15
-1.66388e-15
-5.20928e-16
-1.29336e-16
-2.98335e-17
-5.51363e-18
3.39121e-05
6.65439e-05
2.34501e-05
-4.04841e-05
0.000198012
-3.70129e-05
-0.000585093
0.000275426
0.00134057
-1.5422e-05
-0.0026344
-0.00229141
0.00196998
0.00578245
0.00460956
0.0002864
-0.00288441
-0.00327565
-0.00277106
-0.0024267
-0.00172325
0.000186385
0.00186223
0.00180946
0.000639466
-0.000190204
-0.000263857
-8.56029e-05
1.41137e-05
1.48384e-05
2.89418e-06
-1.09868e-06
-4.32738e-07
4.0922e-09
3.73881e-08
9.59827e-09
-2.16067e-10
2.13191e-11
8.0807e-11
2.39271e-11
-9.24269e-13
-3.75375e-13
2.37288e-14
1.04603e-14
-6.02831e-15
-2.42926e-15
-5.09053e-16
-9.86288e-17
-1.66484e-17
-1.38783e-18
0.000112115
0.00012373
4.9226e-06
-4.68585e-05
0.000191958
-9.41763e-05
-0.000498751
0.000333207
0.000748206
-0.000567189
-0.00142237
0.000867564
0.00454412
0.00445358
0.00112274
-0.00268985
-0.0046318
-0.00471723
-0.00401267
-0.0023799
9.90109e-05
0.00208884
0.00220521
0.000958452
-0.000142188
-0.000340153
-0.000124894
2.37517e-05
3.06614e-05
6.76148e-06
-2.39887e-06
-1.1647e-06
-6.71042e-08
1.09932e-07
3.17713e-08
-1.36967e-09
-1.04275e-09
-8.20585e-11
1.61671e-11
-7.56694e-12
-4.55638e-12
-5.30429e-13
3.21266e-14
-1.08165e-14
-8.35499e-15
-2.01024e-15
-2.72858e-16
-3.31811e-17
6.37833e-19
2.66573e-18
5.07986e-05
4.59077e-05
-0.000114873
-0.000100378
0.000162132
-0.000107078
-0.00028357
9.18112e-05
-0.000246537
-0.000909142
0.000886019
0.00438284
0.0057536
0.00323594
-0.000353886
-0.00249719
-0.00342017
-0.00419069
-0.00387162
-0.00216518
0.000318886
0.00137568
0.000808233
-9.37565e-05
-0.000336043
-0.000111742
5.81898e-05
5.70632e-05
1.25475e-05
-5.31162e-06
-3.06247e-06
-3.4428e-07
2.55552e-07
7.60669e-08
-7.0047e-09
-6.26376e-09
-1.17759e-09
1.60093e-12
-3.85948e-11
-2.45717e-11
-4.17938e-12
3.09994e-13
3.37347e-14
-1.78141e-14
-5.57996e-15
-4.20422e-16
1.541e-17
2.67342e-17
1.30375e-17
4.83216e-18
-0.000110716
-0.000108927
-0.000237596
-8.64799e-05
0.000212304
3.42695e-05
-0.000167937
-0.000509072
-0.00112568
0.000108639
0.00396327
0.00641859
0.00499098
0.00152167
-0.000339034
-0.000836077
-0.00244924
-0.0046638
-0.00566583
-0.00413855
-0.00173945
-0.000524124
-0.000361053
-0.000281569
-2.08211e-05
0.000129834
9.69212e-05
2.01669e-05
-1.0974e-05
-6.86373e-06
-9.50982e-07
5.78663e-07
1.99054e-07
-1.32835e-08
-2.13411e-08
-4.90626e-09
1.67228e-10
-2.97248e-11
-5.51039e-11
-1.50424e-11
1.24353e-12
6.06218e-13
5.60267e-14
-3.83409e-15
1.28884e-16
3.79739e-16
1.5016e-16
4.89602e-17
1.50145e-17
4.35893e-18
-9.5348e-05
-0.00010819
-0.0001186
0.000151203
0.000366872
0.000104393
-0.000604686
-0.00135637
-0.00115998
0.00252626
0.00632579
0.00611066
0.0024935
0.000159209
0.000258288
-0.000577887
-0.00486474
-0.00958312
-0.0105011
-0.0078027
-0.00410741
-0.00154893
-0.000377349
0.000114153
0.000233014
0.000148118
2.61551e-05
-2.11727e-05
-1.31396e-05
-1.76021e-06
1.3608e-06
5.38369e-07
-4.27031e-09
-5.27527e-08
-1.15968e-08
1.79467e-09
5.90621e-10
-2.61465e-12
-1.90903e-11
5.02858e-12
3.83872e-12
6.76724e-13
-2.76236e-14
-2.66464e-15
1.21545e-15
4.70662e-16
1.27588e-16
3.27494e-17
8.24914e-18
2.0589e-18
0.000373658
0.000336044
0.00031571
0.000364858
0.000185809
-0.000707335
-0.00142404
-0.00147291
0.00129941
0.00532762
0.00647597
0.00342573
-7.36115e-05
-6.72454e-05
-0.000246073
-0.0056108
-0.014136
-0.0183305
-0.0165998
-0.0108053
-0.0049277
-0.00132382
0.000105754
0.00033255
0.000196821
2.39845e-05
-3.73535e-05
-2.19983e-05
-2.32596e-06
2.98107e-06
1.2443e-06
1.65381e-08
-1.25141e-07
-2.6007e-08
6.94857e-09
3.08352e-09
3.75882e-10
-5.55896e-11
9.61075e-12
1.4571e-11
3.3761e-12
-1.51251e-13
-4.54568e-14
-9.85911e-16
4.62761e-16
1.34218e-16
2.31838e-17
1.53914e-18
-7.75655e-19
-4.24694e-19
0.000714075
0.00047197
7.71394e-05
-0.000616648
-0.00139604
-0.0018477
-0.00132822
0.00142073
0.00504388
0.00619789
0.00365176
0.000860027
-0.000172224
0.000142562
-0.00684136
-0.019447
-0.0298308
-0.0298325
-0.0225533
-0.0123631
-0.00444009
-0.0005675
0.0002877
0.000174606
6.64149e-06
-5.38999e-05
-2.94095e-05
-1.20061e-06
5.71678e-06
2.2607e-06
-6.96474e-08
-3.07162e-07
-6.82268e-08
1.54682e-08
8.11775e-09
9.66853e-10
-3.45514e-10
-3.56552e-11
2.50557e-11
7.63747e-12
-7.27164e-13
-3.70647e-13
-5.29376e-14
1.8689e-15
-8.52281e-18
-1.13168e-16
-5.47039e-17
-2.00582e-17
-6.41693e-18
-1.84624e-18
-0.00255618
-0.00262139
-0.00287524
-0.00282641
-0.00220062
-0.000342644
0.00280609
0.00555189
0.00618898
0.0031758
0.000418689
0.000828894
0.00190084
-0.00434469
-0.0234147
-0.0434264
-0.0506213
-0.0435873
-0.0279659
-0.0128504
-0.00343433
-6.25423e-05
4.88365e-05
-3.11519e-05
-6.50872e-05
-2.91372e-05
4.35273e-06
1.03352e-05
3.67701e-06
-3.77857e-07
-6.7113e-07
-1.6179e-07
3.17266e-08
1.78878e-08
1.526e-09
-1.48208e-09
-3.60009e-10
1.15477e-11
2.82934e-12
-4.52919e-12
-2.10462e-12
-2.88964e-13
3.68409e-14
4.29374e-15
-3.20274e-16
-1.94899e-16
-7.50376e-17
-2.448e-17
-7.24084e-18
-1.98368e-18
-0.00313204
-0.00275899
-0.00168837
0.000185855
0.002657
0.00495191
0.00627371
0.00597613
0.00257432
-0.001164
-6.78693e-05
0.00486723
0.00319481
-0.0196864
-0.0539785
-0.0776526
-0.0761096
-0.0568477
-0.0317479
-0.0122823
-0.00232982
-2.33308e-05
-4.58806e-05
-6.11312e-05
-1.91434e-05
1.4062e-05
1.52835e-05
4.60027e-06
-1.19196e-06
-1.20085e-06
-2.49996e-07
9.11404e-08
4.54324e-08
3.60433e-09
-3.91969e-09
-1.10894e-09
3.5371e-12
1.95342e-11
-5.80778e-12
-5.25961e-12
-7.38435e-13
2.27344e-13
4.37653e-14
1.35838e-16
-4.69588e-16
-1.75334e-16
-5.84081e-17
-1.80061e-17
-5.13612e-18
-1.37184e-18
0.00493383
0.00537364
0.00598349
0.00666576
0.00656758
0.0057793
0.0038239
0.00101344
-0.00228851
-0.00211389
0.00450305
0.00843966
-0.0108026
-0.0555166
-0.100651
-0.117603
-0.101963
-0.066975
-0.03268
-0.0104622
-0.00115268
-7.33539e-05
-3.49147e-05
5.74054e-06
2.54709e-05
1.75063e-05
3.24953e-06
-2.89321e-06
-1.92605e-06
-2.83692e-07
2.16817e-07
9.80809e-08
5.904e-09
-8.81451e-09
-2.10394e-09
2.69218e-10
1.60113e-10
1.31038e-11
-6.90728e-12
-2.77982e-13
1.0482e-12
2.46681e-13
6.45672e-15
-3.55225e-15
-6.51083e-16
-1.26212e-16
-3.36073e-17
-9.39402e-18
-2.53285e-18
-6.49353e-19
0.00355978
0.00359483
0.00337461
0.00272452
0.00164563
2.00875e-05
-0.000871219
-0.00189898
-0.00259003
0.00246612
0.00859689
-0.00551607
-0.0503817
-0.114949
-0.160172
-0.157532
-0.120361
-0.0700668
-0.0296689
-0.00741153
-0.000340766
4.49684e-05
4.29327e-05
3.35058e-05
1.55941e-05
-5.37483e-07
-5.36942e-06
-2.79472e-06
-1.79459e-07
4.29974e-07
1.67828e-07
-3.01204e-09
-2.13452e-08
-4.92722e-09
7.91362e-10
4.69283e-10
7.12436e-11
-1.00964e-11
2.46448e-12
3.03739e-12
7.41489e-13
-2.16274e-14
-2.86003e-14
-4.65742e-15
-2.33665e-16
-3.73246e-17
-9.59487e-18
-2.58499e-18
-6.57605e-19
-1.52509e-19
0.000485459
0.000385831
9.5253e-05
-0.000221041
-0.000767303
-0.00128409
-2.52676e-06
-0.000443973
0.00233631
0.00737628
-0.0159888
-0.0678931
-0.137361
-0.199546
-0.219594
-0.188218
-0.125872
-0.0644329
-0.0233027
-0.00411359
8.91048e-05
4.50272e-05
2.16181e-05
5.91704e-06
-5.36603e-06
-6.87094e-06
-2.70905e-06
3.30907e-07
7.5321e-07
2.314e-07
-3.76993e-08
-4.29458e-08
-9.01182e-09
2.3052e-09
1.07493e-09
8.43972e-11
-6.98983e-11
-1.16537e-11
2.60738e-12
7.47288e-13
-2.17317e-13
-1.06917e-13
-1.70717e-14
6.07183e-16
1.15587e-16
2.44645e-17
5.03264e-18
1.05641e-18
2.5015e-19
7.16555e-20
-0.00037266
-0.000386785
-0.000557109
-0.000246452
-0.000838487
8.11459e-05
0.00176337
0.00398995
0.0094117
-0.0518322
-0.143191
-0.22809
-0.284321
-0.298936
-0.266244
-0.195436
-0.114452
-0.0512567
-0.0154779
-0.00151401
6.07969e-06
6.84155e-06
-2.33015e-06
-8.44134e-06
-6.31309e-06
-1.32063e-06
1.26658e-06
1.03322e-06
2.289e-07
-1.03103e-07
-6.66654e-08
-8.60981e-09
6.69161e-09
2.50211e-09
7.55479e-11
-1.98804e-10
-4.57872e-11
4.63915e-14
-1.11329e-12
-9.88884e-13
-2.86993e-13
-1.04449e-14
1.18569e-14
1.80265e-15
1.90262e-16
3.81915e-17
8.37871e-18
1.87567e-18
4.38744e-19
1.11874e-19
-0.000160956
1.69563e-05
-0.000345417
0.000894036
-0.00159037
0.00378291
0.00235113
0.0141362
-0.113335
-0.317363
-0.465118
-0.513353
-0.474938
-0.389175
-0.282966
-0.176377
-0.0895865
-0.0348769
-0.00867751
-0.000386938
-5.92969e-06
-8.35182e-06
-8.38691e-06
-3.95418e-06
6.69771e-07
2.07039e-06
1.10848e-06
6.42084e-08
-2.11592e-07
-9.42159e-08
-1.49406e-09
1.36089e-08
4.01625e-09
-3.25386e-10
-4.83157e-10
-1.12644e-10
-4.39394e-13
-1.88704e-12
-1.79614e-12
-5.07365e-13
6.57889e-14
4.97111e-14
1.0187e-14
6.03454e-16
6.39331e-17
1.56185e-17
4.09254e-18
1.0663e-18
2.75242e-19
7.32972e-20
-0.000304365
0.000116836
-0.000567578
0.0023423
-0.00529832
0.0083673
-0.0190011
-0.265049
-0.64204
-0.950882
-1.02138
-0.886784
-0.656817
-0.434589
-0.261663
-0.139066
-0.0616032
-0.0211368
-0.00436509
-6.85813e-05
-3.85008e-06
1.64821e-07
2.49028e-06
3.28807e-06
2.25033e-06
6.61338e-07
-2.43115e-07
-3.17145e-07
-1.02365e-07
1.59497e-08
2.16773e-08
5.06077e-09
-1.31125e-09
-8.12194e-10
-1.38197e-10
3.64062e-11
8.47883e-12
1.61673e-13
1.15598e-13
3.05149e-13
1.10167e-13
1.16618e-14
-2.47635e-15
-3.75764e-16
-5.36684e-17
-7.31977e-18
-4.85938e-19
1.47701e-19
8.36599e-20
2.92931e-20
-0.000968786
-0.000334946
-0.00084198
0.00547348
-0.111955
-0.407778
-0.849073
-1.37714
-1.85037
-1.97212
-1.71775
-1.23485
-0.756579
-0.414827
-0.210011
-0.0966995
-0.0382049
-0.0118288
-0.00200916
9.59117e-06
5.55287e-06
3.77147e-06
2.57553e-06
1.23151e-06
3.88977e-08
-4.4627e-07
-2.85003e-07
-4.18683e-08
4.57891e-08
2.45635e-08
1.94353e-09
-3.27368e-09
-1.14539e-09
7.93917e-11
1.7019e-10
5.17391e-11
4.03417e-12
7.82142e-13
7.03833e-13
1.95392e-13
-9.48376e-15
-1.35144e-14
-2.84815e-15
-3.35271e-16
-5.88199e-17
-1.07362e-17
-1.67045e-18
-1.90503e-19
-4.80219e-21
6.1318e-21
-0.061221
-0.246004
-0.661229
-1.45902
-2.32822
-2.97883
-3.39522
-3.68656
-3.63521
-3.15537
-2.30042
-1.40012
-0.729658
-0.340648
-0.14855
-0.0604197
-0.0215948
-0.00611072
-0.000877814
-1.0399e-06
4.63789e-07
6.20376e-07
2.65269e-07
-1.82177e-07
-3.05537e-07
-1.2915e-07
3.13881e-08
6.02788e-08
2.25256e-08
-1.81807e-09
-4.47606e-09
-1.20848e-09
2.16609e-10
1.85335e-10
4.23723e-11
-4.28428e-12
-1.84524e-12
-1.14377e-13
-5.12563e-14
-7.72274e-14
-2.3131e-14
-2.30966e-15
-1.16996e-16
-7.20861e-17
-2.22396e-17
-5.16911e-18
-9.71043e-19
-1.46338e-19
-1.57929e-20
-2.2411e-22
-4.34213
-5.38118
-6.58478
-7.95619
-8.59929
-8.23801
-7.39264
-6.4527
-5.35603
-3.97191
-2.51618
-1.34561
-0.61874
-0.255627
-0.0995529
-0.0367199
-0.0120486
-0.00313462
-0.000386407
-2.45821e-06
-9.81315e-07
-4.99031e-07
-2.14736e-07
-6.95912e-08
2.40322e-08
5.83853e-08
4.06844e-08
9.11946e-09
-4.9917e-09
-3.72452e-09
-7.47977e-10
3.34823e-10
1.63269e-10
2.05439e-11
-1.70709e-11
-7.35086e-12
-2.04113e-12
-5.89146e-13
-1.71676e-13
-2.15208e-14
6.60914e-15
2.10395e-15
2.65302e-16
2.20599e-17
-1.28625e-18
-1.05339e-18
-2.67285e-19
-4.71771e-20
-6.12836e-21
-4.20421e-22
)
;

boundaryField
{
    movingWall
    {
        type            zeroGradient;
    }
    fixedWalls
    {
        type            zeroGradient;
    }
    frontAndBack
    {
        type            empty;
    }
}

