/*--------------------------------*- C++ -*----------------------------------*\
| =========                 |                                                 |
| \\      /  F ield         | OpenFOAM: The Open Source CFD Toolbox           |
|  \\    /   O peration     | Version:  v2006                                 |
|   \\  /    A nd           | Website:  www.openfoam.com                      |
|    \\/     M anipulation  |                                                 |
\*---------------------------------------------------------------------------*/
FoamFile
{
    version     2.0;
    format      ascii;
    class       volScalarField;
    location    "0";
    object      f;
}
// * * * * * * * * * * * * * * * * * * * * * * * * * * * * * * * * * * * * * //

dimensions      [0 0 0 0 0 0 0];


internalField   nonuniform List<scalar> 
2500
(
-6.17323e-24
-6.1564e-24
-6.05516e-24
-5.76766e-24
-5.2317e-24
-4.45005e-24
-3.43541e-24
-2.17839e-24
-7.34373e-25
6.4799e-25
1.57116e-24
1.76178e-24
1.32318e-24
6.85163e-25
2.7499e-25
2.22962e-25
3.61569e-25
4.55029e-25
3.97803e-25
2.34208e-25
6.21773e-26
-5.25387e-26
-9.81683e-26
-9.57681e-26
-7.23311e-26
-4.64838e-26
-2.64618e-26
-1.36356e-26
-6.44342e-27
-2.81467e-27
-1.14174e-27
-4.30649e-28
-1.507e-28
-4.85479e-29
-1.41376e-29
-3.56091e-30
-6.75859e-31
-2.77386e-32
5.96208e-32
4.18141e-32
2.03302e-32
8.45833e-33
3.2039e-33
1.13556e-33
3.82215e-34
1.23283e-34
3.83369e-35
1.15425e-35
3.37525e-36
9.60868e-37
-2.68158e-23
-2.67463e-23
-2.63118e-23
-2.50369e-23
-2.26201e-23
-1.91251e-23
-1.4757e-23
-9.58894e-24
-3.77747e-24
1.84111e-24
5.72938e-24
6.67875e-24
4.95688e-24
2.27303e-24
4.73585e-25
2.2224e-25
8.72043e-25
1.40307e-24
1.31497e-24
7.58149e-25
1.33396e-25
-2.81988e-25
-4.33707e-25
-4.03607e-25
-2.9788e-25
-1.88585e-25
-1.06159e-25
-5.42164e-26
-2.54345e-26
-1.10469e-26
-4.4623e-27
-1.67918e-27
-5.87669e-28
-1.90047e-28
-5.593e-29
-1.44515e-29
-2.95841e-30
-2.68917e-31
1.60027e-31
1.32836e-31
6.74611e-32
2.861e-32
1.09514e-32
3.90732e-33
1.32136e-33
4.278e-34
1.33468e-34
4.03085e-35
1.18231e-35
3.37629e-36
-1.12271e-22
-1.12e-22
-1.10241e-22
-1.04866e-22
-9.44439e-23
-7.94039e-23
-6.12181e-23
-4.06935e-23
-1.813e-23
3.99963e-24
2.0005e-23
2.46545e-23
1.82594e-23
7.33648e-24
-3.51317e-25
-1.5557e-24
1.34579e-24
4.0456e-24
4.24211e-24
2.41166e-24
1.7415e-25
-1.31551e-24
-1.81309e-24
-1.63148e-24
-1.18184e-24
-7.38258e-25
-4.11111e-25
-2.08036e-25
-9.68243e-26
-4.17691e-26
-1.67783e-26
-6.28721e-27
-2.19499e-27
-7.0993e-28
-2.09866e-28
-5.49686e-29
-1.17216e-29
-1.3737e-30
4.20196e-31
4.18743e-31
2.20705e-31
9.50056e-32
3.6647e-32
1.31366e-32
4.45738e-33
1.44713e-33
4.52668e-34
1.37077e-34
4.03211e-35
1.15496e-35
-4.51907e-22
-4.50919e-22
-4.44246e-22
-4.2279e-22
-3.79897e-22
-3.17708e-22
-2.44656e-22
-1.66231e-22
-8.21182e-23
2.10299e-24
6.64402e-23
8.87232e-23
6.65571e-23
2.35751e-23
-8.50283e-24
-1.43066e-23
-1.9895e-24
1.07104e-23
1.34807e-23
7.66439e-24
-2.75548e-25
-5.59372e-24
-7.22235e-24
-6.34262e-24
-4.52351e-24
-2.79083e-24
-1.53743e-24
-7.70493e-25
-3.55473e-25
-1.52142e-25
-6.06879e-26
-2.26051e-26
-7.85422e-27
-2.53237e-27
-7.48242e-28
-1.96904e-28
-4.27922e-29
-5.57769e-30
1.12911e-30
1.31899e-30
7.12743e-31
3.09515e-31
1.19872e-31
4.3068e-32
1.46384e-32
4.76045e-33
1.49193e-33
4.5281e-34
1.33552e-34
3.83729e-35
-1.74434e-21
-1.74099e-21
-1.71757e-21
-1.63695e-21
-1.46888e-21
-1.22211e-21
-9.39478e-22
-6.52505e-22
-3.53392e-22
-4.48018e-23
2.07497e-22
3.11604e-22
2.41754e-22
7.84358e-23
-5.2581e-23
-8.07617e-23
-3.11845e-23
2.50464e-23
4.27716e-23
2.48896e-23
-3.15872e-24
-2.21446e-23
-2.75381e-23
-2.37597e-23
-1.6718e-23
-1.01914e-23
-5.55229e-24
-2.7537e-24
-1.25808e-24
-5.33552e-25
-2.11026e-25
-7.79889e-26
-2.69054e-26
-8.62094e-27
-2.53449e-27
-6.65041e-28
-1.44876e-28
-1.9469e-29
3.31925e-30
4.17157e-30
2.27118e-30
9.87356e-31
3.82249e-31
1.37265e-31
4.66476e-32
1.51767e-32
4.76194e-33
1.44804e-33
4.28208e-34
1.23439e-34
-6.43971e-21
-6.42915e-21
-6.35473e-21
-6.07208e-21
-5.44718e-21
-4.50816e-21
-3.45601e-21
-2.45615e-21
-1.45127e-21
-3.68163e-22
5.95753e-22
1.0685e-21
8.80201e-22
2.82383e-22
-2.42146e-22
-3.79076e-22
-1.90694e-22
4.6174e-23
1.3761e-22
8.4429e-23
-1.45781e-23
-8.25488e-23
-1.00827e-22
-8.58829e-23
-5.96931e-23
-3.5953e-23
-1.93573e-23
-9.49122e-24
-4.28869e-24
-1.79966e-24
-7.04559e-25
-2.57828e-25
-8.80968e-26
-2.79607e-26
-8.14143e-27
-2.11433e-27
-4.54679e-28
-5.93383e-29
1.1144e-29
1.32496e-29
7.12175e-30
3.07258e-30
1.18323e-30
4.23333e-31
1.43544e-31
4.6662e-32
1.46476e-32
4.46166e-33
1.32307e-33
3.82832e-34
-2.26741e-20
-2.26432e-20
-2.24374e-20
-2.15272e-20
-1.93323e-20
-1.59054e-20
-1.21348e-20
-8.84313e-21
-5.70554e-21
-2.09136e-21
1.48992e-21
3.57141e-21
3.22005e-21
1.12046e-21
-9.38332e-22
-1.59697e-21
-9.26352e-22
3.04337e-23
4.54529e-22
3.02322e-22
-4.76153e-23
-2.91751e-22
-3.55407e-22
-2.99886e-22
-2.05985e-22
-1.22497e-22
-6.51076e-23
-3.15176e-23
-1.40637e-23
-5.8292e-24
-2.25445e-24
-8.14982e-25
-2.7501e-25
-8.6136e-26
-2.471e-26
-6.29809e-27
-1.31394e-27
-1.54828e-28
4.14815e-29
4.20018e-29
2.18474e-29
9.26959e-30
3.53163e-30
1.2545e-30
4.23458e-31
1.37349e-31
4.31093e-32
1.31538e-32
3.91381e-33
1.13783e-33
-7.591e-20
-7.58242e-20
-7.53769e-20
-7.27647e-20
-6.55323e-20
-5.35184e-20
-4.04733e-20
-3.03474e-20
-2.15315e-20
-1.0209e-20
2.69861e-21
1.15684e-20
1.18029e-20
4.77799e-21
-3.13412e-21
-6.23746e-21
-4.0328e-21
-3.02246e-22
1.54656e-21
1.13476e-21
-1.04018e-22
-9.82292e-22
-1.20887e-21
-1.01254e-21
-6.87007e-22
-4.02883e-22
-2.1105e-22
-1.0069e-22
-4.42837e-23
-1.80914e-23
-6.8953e-24
-2.4553e-24
-8.15312e-25
-2.50828e-25
-7.04219e-26
-1.74244e-26
-3.44235e-27
-3.18787e-28
1.59041e-28
1.31222e-28
6.49272e-29
2.68423e-29
1.00574e-29
3.53255e-30
1.18391e-30
3.82606e-31
1.20029e-31
3.67095e-32
1.09743e-32
3.21175e-33
-2.40831e-19
-2.4059e-19
-2.40115e-19
-2.33925e-19
-2.11845e-19
-1.71211e-19
-1.2734e-19
-9.87533e-20
-7.81923e-20
-4.5674e-20
-6.89407e-22
3.58303e-20
4.30079e-20
2.09003e-20
-8.78668e-21
-2.29942e-20
-1.65062e-20
-2.38432e-21
5.3832e-21
4.3828e-21
-6.62259e-24
-3.16266e-21
-3.97684e-21
-3.30872e-21
-2.21433e-21
-1.27793e-21
-6.58358e-22
-3.08849e-22
-1.33555e-22
-5.36343e-23
-2.00829e-23
-7.01767e-24
-2.28227e-24
-6.85261e-25
-1.86524e-25
-4.40716e-26
-7.90802e-27
-3.47976e-28
5.89869e-28
3.96668e-28
1.84058e-28
7.34025e-29
2.68473e-29
9.27406e-30
3.07522e-30
9.8863e-31
3.10057e-31
9.52157e-32
2.86857e-32
8.48408e-33
-7.21348e-19
-7.20586e-19
-7.22433e-19
-7.13644e-19
-6.52794e-19
-5.19006e-19
-3.73717e-19
-3.02091e-19
-2.73746e-19
-1.92687e-19
-4.17563e-20
1.0326e-19
1.5412e-19
9.0281e-20
-1.80299e-20
-8.08957e-20
-6.51859e-20
-1.30487e-20
1.89305e-20
1.71023e-20
1.53029e-21
-9.77327e-21
-1.26853e-20
-1.04726e-20
-6.89431e-21
-3.90404e-21
-1.97215e-21
-9.07027e-22
-3.8444e-22
-1.51231e-22
-5.54011e-23
-1.88991e-23
-5.97844e-24
-1.73504e-24
-4.50967e-25
-9.88171e-26
-1.46469e-26
9.7649e-28
2.03403e-27
1.13128e-27
4.8515e-28
1.84065e-28
6.49453e-29
2.18622e-29
7.13024e-30
2.27524e-30
7.14454e-31
2.21365e-31
6.76982e-32
2.04105e-32
-2.03126e-18
-2.02844e-18
-2.04301e-18
-2.06262e-18
-1.92116e-18
-1.48507e-18
-1.00131e-18
-8.54304e-19
-9.23071e-19
-7.76915e-19
-2.92743e-19
2.61311e-19
5.37451e-19
3.77534e-19
-5.16214e-21
-2.73109e-19
-2.52106e-19
-6.39641e-20
6.6522e-20
6.67011e-20
1.12177e-20
-2.91173e-20
-3.93518e-20
-3.21302e-20
-2.07173e-20
-1.14634e-20
-5.65594e-21
-2.54034e-21
-1.05096e-21
-4.0303e-22
-1.43589e-22
-4.74447e-23
-1.44392e-23
-3.98358e-24
-9.60587e-25
-1.82632e-25
-1.53919e-26
8.32376e-27
6.32457e-27
2.92662e-27
1.13097e-27
3.96591e-28
1.31248e-28
4.20382e-29
1.32731e-29
4.18321e-30
1.32399e-30
4.20691e-31
1.33539e-31
4.20526e-32
-5.35161e-18
-5.34041e-18
-5.39628e-18
-5.64561e-18
-5.43515e-18
-3.98798e-18
-2.32595e-18
-2.15066e-18
-2.97372e-18
-3.00482e-18
-1.53891e-18
4.93448e-19
1.81135e-18
1.52215e-18
2.13692e-19
-8.83014e-19
-9.61276e-19
-2.98835e-19
2.32377e-19
2.59503e-19
5.94347e-20
-8.42519e-20
-1.19185e-19
-9.56155e-20
-5.99955e-20
-3.2253e-20
-1.54616e-20
-6.74654e-21
-2.70864e-21
-1.00549e-21
-3.45153e-22
-1.09014e-22
-3.12799e-23
-7.92596e-24
-1.65034e-24
-2.12579e-25
2.92655e-26
3.52512e-26
1.69775e-26
6.31865e-27
2.0312e-27
5.89053e-28
1.58941e-28
4.15379e-29
1.11985e-29
3.34948e-30
1.14271e-30
4.25612e-31
1.62006e-31
6.02974e-32
-1.31179e-17
-1.30757e-17
-1.31929e-17
-1.46525e-17
-1.4988e-17
-9.92543e-18
-3.91413e-18
-4.33281e-18
-8.94165e-18
-1.11174e-17
-7.03943e-18
1.36279e-19
5.91784e-18
5.97595e-18
1.59738e-18
-2.69234e-18
-3.61572e-18
-1.35486e-18
8.06621e-19
1.01199e-18
2.72711e-19
-2.40324e-19
-3.54367e-19
-2.76134e-19
-1.67014e-19
-8.65481e-20
-4.0027e-20
-1.68443e-20
-6.50673e-21
-2.31162e-21
-7.52002e-22
-2.21163e-22
-5.71189e-23
-1.2038e-23
-1.5562e-24
2.09288e-25
2.4459e-25
1.09446e-25
3.51774e-26
8.28229e-27
9.6057e-28
-3.52704e-28
-3.19785e-28
-1.54873e-28
-5.92411e-29
-1.93991e-29
-5.54342e-30
-1.3595e-30
-2.6362e-31
-2.59055e-32
-2.97088e-17
-2.95716e-17
-2.94223e-17
-3.61068e-17
-4.11917e-17
-2.21935e-17
6.71004e-19
-3.9791e-18
-2.38056e-17
-3.94132e-17
-2.94682e-17
-4.58357e-18
1.93628e-17
2.35116e-17
8.48803e-18
-7.42273e-18
-1.33948e-17
-5.98633e-18
2.76677e-18
3.98943e-18
1.14661e-18
-6.97489e-19
-1.04266e-18
-7.74005e-19
-4.45022e-19
-2.19883e-19
-9.71358e-20
-3.89957e-20
-1.42887e-20
-4.75616e-21
-1.41515e-21
-3.62011e-22
-7.13618e-23
-5.8511e-24
3.41088e-24
2.35776e-24
9.15455e-25
2.43833e-25
2.88016e-26
-1.55918e-26
-1.47177e-26
-7.92924e-27
-3.44751e-27
-1.31476e-27
-4.54605e-28
-1.44737e-28
-4.27125e-29
-1.16865e-29
-2.94492e-30
-6.7111e-31
-6.15713e-17
-6.12266e-17
-5.82463e-17
-8.38418e-17
-1.15852e-16
-4.18398e-17
4.87266e-17
2.08794e-17
-5.00181e-17
-1.40976e-16
-1.177e-16
-2.75018e-17
7.16242e-17
9.886e-17
3.89693e-17
-1.66912e-17
-4.90842e-17
-2.58574e-17
9.02723e-18
1.60572e-17
4.5081e-18
-2.18358e-18
-3.06943e-18
-2.10309e-18
-1.12638e-18
-5.22497e-19
-2.17246e-19
-8.16978e-20
-2.76181e-20
-8.19443e-21
-2.00178e-21
-3.18777e-22
2.62567e-23
4.95653e-23
2.57761e-23
9.29339e-24
2.35097e-24
2.04857e-25
-2.14632e-25
-1.83429e-25
-9.90879e-26
-4.41528e-26
-1.74453e-26
-6.3023e-27
-2.11471e-27
-6.64829e-28
-1.96735e-28
-5.4887e-29
-1.44188e-29
-3.54914e-30
-1.14969e-16
-1.14526e-16
-9.61782e-17
-1.79103e-16
-3.46375e-16
-6.34932e-17
3.3755e-16
1.68373e-16
-7.08203e-17
-6.44601e-16
-4.77321e-16
-9.66422e-17
6.87313e-16
5.41966e-16
1.63193e-16
-2.34724e-17
-1.85862e-16
-1.11361e-16
2.46277e-17
6.73573e-17
1.66457e-17
-7.93212e-18
-9.14914e-18
-5.5083e-18
-2.66807e-18
-1.13598e-18
-4.33828e-19
-1.47275e-19
-4.27329e-20
-9.38208e-21
-6.80812e-22
7.5247e-22
5.68886e-22
2.66332e-22
9.56933e-23
2.57213e-23
3.37328e-24
-1.5746e-24
-1.65794e-24
-9.63375e-25
-4.51891e-25
-1.868e-25
-7.04951e-26
-2.47263e-26
-8.1439e-27
-2.53436e-27
-7.4792e-28
-2.09687e-28
-5.58542e-29
-1.41096e-29
-1.87686e-16
-1.89049e-16
-1.04738e-16
-5.33401e-16
-1.26707e-15
6.93419e-16
2.20246e-15
7.68767e-16
-6.08456e-15
-2.94197e-15
-1.62533e-15
9.14999e-15
1.18777e-14
3.85961e-15
5.15205e-16
-8.95455e-17
-1.2216e-15
-5.1232e-16
4.87399e-17
3.3357e-16
5.82502e-17
-3.46721e-17
-2.77417e-17
-1.36452e-17
-5.72698e-18
-2.15957e-18
-7.20257e-19
-1.98007e-19
-3.41843e-20
5.28244e-21
8.81794e-21
5.39446e-21
2.45487e-21
9.07608e-22
2.6593e-22
4.92769e-23
-5.99899e-24
-1.21022e-23
-7.95088e-24
-3.99238e-24
-1.7379e-24
-6.86111e-25
-2.51056e-25
-8.61895e-26
-2.79704e-26
-8.62158e-27
-2.53184e-27
-7.09558e-28
-1.89879e-28
-4.8484e-29
-2.50362e-16
-2.60348e-16
2.08806e-16
-8.48472e-15
-4.76452e-15
3.65894e-14
5.77653e-15
-3.48255e-14
-1.38733e-13
5.34553e-14
2.25203e-13
2.02446e-13
4.73833e-14
1.13232e-14
-6.64351e-14
-3.67989e-14
-1.20138e-14
-1.85723e-15
5.74209e-15
2.54309e-15
1.80267e-16
-1.8476e-16
-8.3356e-17
-3.00635e-17
-1.02656e-17
-3.19052e-18
-7.79701e-19
-6.15551e-20
8.66355e-20
7.69496e-20
4.37221e-20
2.00063e-20
7.70749e-21
2.45217e-21
5.66869e-22
2.51773e-23
-7.18517e-23
-5.73179e-23
-3.13539e-23
-1.44646e-23
-5.98657e-24
-2.28467e-24
-8.1596e-25
-2.75166e-25
-8.81275e-26
-2.6909e-26
-7.8535e-27
-2.19426e-27
-5.8731e-28
-1.50559e-28
1.78488e-13
1.04153e-14
5.5031e-15
-4.01051e-14
2.64503e-13
1.93774e-13
-1.5394e-12
-1.49904e-12
-5.77603e-13
2.75213e-12
3.1215e-12
7.86533e-13
-1.62464e-12
-1.64013e-12
-7.54193e-13
-2.19825e-13
-3.74192e-14
1.38464e-13
7.19225e-14
9.73926e-15
-4.0055e-15
-1.23442e-15
-2.04273e-16
-4.62793e-17
-1.14472e-17
-2.01976e-18
4.38544e-19
7.69986e-19
5.56329e-19
3.08145e-19
1.44196e-19
5.82486e-20
1.99897e-20
5.38155e-21
7.45277e-22
-3.22177e-22
-3.6345e-22
-2.21722e-22
-1.09215e-22
-4.75124e-23
-1.89203e-23
-7.0239e-24
-2.45698e-24
-8.15391e-25
-2.57912e-25
-7.80007e-26
-2.26044e-26
-6.28579e-27
-1.67843e-27
-4.30348e-28
4.32313e-12
2.37849e-12
7.79274e-13
4.78843e-13
2.89322e-12
-2.32022e-12
-8.25778e-12
-6.76623e-12
9.08849e-12
9.17493e-12
7.85694e-12
-1.32901e-11
-2.63764e-11
-1.04398e-11
-1.86848e-12
-4.45092e-13
2.62917e-12
1.38484e-12
2.25194e-13
-1.16022e-13
-4.23504e-14
-3.65954e-15
4.95117e-17
1.65532e-17
8.90601e-18
7.16712e-18
5.40574e-18
3.44864e-18
1.89665e-18
9.1664e-19
3.90369e-19
1.44103e-19
4.36465e-20
8.77412e-21
-7.02345e-22
-2.01125e-21
-1.41897e-21
-7.53436e-22
-3.45657e-22
-1.43755e-22
-5.54527e-23
-2.00979e-23
-6.89932e-24
-2.25543e-24
-7.04763e-25
-2.11057e-25
-6.06878e-26
-1.67756e-26
-4.46077e-27
-1.14111e-27
1.53754e-11
1.69329e-11
1.53097e-11
1.90289e-11
8.96462e-12
-3.13157e-11
-1.65551e-11
-4.69954e-12
2.14747e-10
-4.05903e-11
-3.13727e-10
-2.71124e-10
-8.00518e-11
-1.41472e-11
6.32195e-11
5.66829e-11
2.24359e-11
3.72606e-12
-2.70813e-12
-1.06631e-12
-1.05869e-13
5.42761e-15
1.38198e-15
2.25256e-16
6.291e-17
3.06824e-17
1.80741e-17
1.00818e-17
5.08561e-18
2.30039e-18
9.16164e-19
3.07741e-19
7.67059e-20
5.15799e-21
-9.4389e-21
-8.21823e-21
-4.76543e-21
-2.315e-21
-1.00665e-21
-4.03407e-22
-1.51346e-22
-5.36674e-23
-1.81002e-23
-5.83133e-24
-1.8001e-24
-5.3362e-25
-1.52142e-25
-4.17636e-26
-1.10438e-26
-2.81339e-27
2.55339e-11
4.98071e-11
6.97527e-11
7.89178e-11
-4.04717e-11
-1.0914e-10
8.12485e-10
2.56894e-09
9.44618e-10
-3.06781e-09
-4.23836e-09
-1.32679e-09
6.10382e-10
1.86137e-09
1.0861e-09
3.55697e-10
5.45211e-11
-5.43259e-11
-2.284e-11
-2.50956e-12
1.24762e-13
3.67097e-14
2.85289e-15
9.85731e-17
7.32428e-17
6.55982e-17
4.40224e-17
2.41914e-17
1.17393e-17
5.08341e-18
1.8947e-18
5.55097e-19
8.59815e-20
-3.44943e-20
-4.28675e-20
-2.76724e-20
-1.43093e-20
-6.51408e-21
-2.71112e-21
-1.05175e-21
-3.84677e-22
-1.33622e-22
-4.43013e-23
-1.40679e-23
-4.28955e-24
-1.2582e-24
-3.55471e-25
-9.68125e-26
-2.54281e-26
-6.44084e-27
3.7561e-11
9.35665e-11
2.0444e-10
1.48124e-10
-4.20005e-10
4.52882e-09
1.4682e-08
1.38082e-08
-3.06015e-09
-1.40217e-08
-1.04333e-08
-2.77543e-09
1.49824e-08
1.0134e-08
3.55823e-09
7.2153e-10
-8.57765e-10
-3.9432e-10
-5.04459e-11
2.17486e-12
7.07383e-13
6.02923e-14
-1.58945e-15
-4.58393e-16
6.83308e-18
1.4063e-16
1.00965e-16
5.22012e-17
2.41822e-17
1.00732e-17
3.443e-18
7.66876e-19
-6.30839e-20
-1.98695e-19
-1.47563e-19
-8.18107e-20
-3.90374e-20
-1.68588e-20
-6.75137e-21
-2.54185e-21
-9.07475e-22
-3.08974e-22
-1.00722e-22
-3.1525e-23
-9.49267e-24
-2.75389e-24
-7.70473e-25
-2.0801e-25
-5.42033e-26
-1.36305e-26
7.95154e-11
1.17736e-10
3.231e-10
-3.53708e-11
-1.19274e-09
3.06807e-08
5.51952e-08
2.95598e-08
-5.9932e-08
-2.9866e-08
3.62211e-08
1.23997e-07
5.72245e-08
1.82134e-08
2.73528e-09
-1.37711e-08
-6.02379e-09
-8.26065e-10
3.10119e-11
1.08264e-11
1.09014e-12
-2.77501e-14
-7.96101e-15
-1.15012e-15
5.56581e-18
4.827e-16
2.41097e-16
1.00929e-16
4.39885e-17
1.80509e-17
5.39244e-18
4.31774e-19
-7.82855e-19
-7.21622e-19
-4.34382e-19
-2.17458e-19
-9.72126e-20
-4.00534e-20
-1.54702e-20
-5.65859e-21
-1.97292e-21
-6.58568e-22
-2.11103e-22
-6.51191e-23
-1.93594e-23
-5.55245e-24
-1.53735e-24
-4.11051e-25
-1.06132e-25
-2.64518e-26
-2.86521e-08
-6.75068e-08
-1.88249e-07
-7.57327e-08
-2.60758e-09
5.20084e-08
5.49901e-08
-6.862e-07
-4.27041e-07
7.28213e-07
1.81372e-06
9.12128e-07
2.46596e-08
-6.02594e-07
-4.42603e-07
-1.36458e-07
-1.31064e-08
3.34375e-10
1.32302e-10
1.69288e-11
-2.22857e-13
-7.62161e-14
-5.45678e-15
1.16068e-14
8.92494e-15
2.70229e-15
4.8259e-16
1.40512e-16
6.55138e-17
3.06316e-17
7.14033e-18
-2.0326e-18
-3.19625e-18
-2.16197e-18
-1.13694e-18
-5.22855e-19
-2.20011e-19
-8.65912e-20
-3.22668e-20
-1.14676e-20
-3.90523e-21
-1.27824e-21
-4.02958e-22
-1.22513e-22
-3.59551e-23
-1.01913e-23
-2.79057e-24
-7.38125e-25
-1.88531e-25
-4.64647e-26
-1.64985e-06
-1.73841e-06
-1.97832e-06
-1.58673e-06
-4.62425e-07
-1.28359e-06
-5.60668e-06
-5.60386e-06
-1.32393e-06
6.66054e-06
8.0555e-06
2.44365e-06
-7.09203e-06
-5.77547e-06
-2.30179e-06
-4.00935e-07
1.71473e-09
8.49255e-10
2.0452e-10
8.33282e-12
-2.07888e-13
1.10218e-13
3.32426e-13
2.33096e-13
7.92086e-14
8.92539e-15
5.22006e-18
6.55953e-18
7.3076e-17
6.28156e-17
8.85943e-18
-1.14682e-17
-1.02746e-17
-5.73066e-18
-2.66951e-18
-1.12691e-18
-4.4521e-19
-1.67077e-19
-6.00153e-20
-2.07232e-20
-6.89594e-21
-2.21474e-21
-6.87097e-22
-2.06e-22
-5.96936e-23
-1.67169e-23
-4.52286e-24
-1.18155e-24
-2.97774e-25
-7.22952e-26
-7.29847e-06
-6.83004e-06
-5.77288e-06
-6.07775e-06
-8.13295e-06
-1.83249e-05
-2.69547e-05
-1.89336e-05
8.42304e-06
2.34291e-05
1.65108e-05
-3.43213e-05
-3.57771e-05
-1.65875e-05
-4.73827e-06
-4.93299e-07
8.67814e-10
6.8563e-10
2.31828e-10
3.08647e-11
4.88451e-13
1.35329e-12
1.53881e-12
8.60716e-13
2.33106e-13
1.16082e-14
-1.15111e-15
-4.59011e-16
9.82987e-17
2.25099e-16
1.64832e-17
-4.63078e-17
-3.00751e-17
-1.36499e-17
-5.51014e-18
-2.10378e-18
-7.74247e-19
-2.76215e-19
-9.56406e-20
-3.21375e-20
-1.04745e-20
-3.30917e-21
-1.01262e-21
-2.99891e-22
-8.58781e-23
-2.37564e-23
-6.34112e-24
-1.6309e-24
-4.03405e-25
-9.57023e-26
-1.50486e-05
-1.36386e-05
-8.79687e-06
-1.11548e-05
-3.15511e-05
-5.72705e-05
-5.55829e-05
-3.13997e-05
6.31833e-05
4.65952e-05
-9.76152e-05
-0.000250821
-7.90281e-05
-2.05676e-05
-4.64019e-06
-1.69763e-07
2.14046e-09
9.8074e-10
6.12684e-10
9.71444e-10
1.86951e-10
4.32284e-12
3.12134e-12
1.53885e-12
3.32447e-13
-5.45913e-15
-7.96429e-15
-1.59053e-15
2.85223e-15
1.38167e-15
4.94167e-17
-2.04298e-16
-8.33665e-17
-2.77464e-17
-9.15109e-18
-3.07019e-18
-1.04293e-18
-3.54457e-19
-1.19212e-19
-3.93595e-20
-1.26871e-20
-3.97718e-21
-1.20888e-21
-3.55381e-22
-1.0081e-22
-2.75301e-23
-7.21922e-24
-1.81197e-24
-4.33333e-25
-9.80499e-26
-1.68637e-05
-1.47834e-05
-3.23249e-06
-8.78424e-06
-5.89719e-05
-8.2716e-05
-2.43628e-05
0.000290097
0.000195222
-0.00079337
-0.00175602
-0.000801783
0.00241362
0.00816234
0.0125413
0.0126797
0.00968789
0.00542129
0.0020618
0.000386041
3.45146e-07
1.01948e-11
4.32299e-12
1.35337e-12
1.10218e-13
-7.62299e-14
-2.77562e-14
6.02864e-14
3.67064e-14
5.42698e-15
-3.65935e-15
-1.23436e-15
-1.84762e-16
-3.46758e-17
-7.93396e-18
-2.18434e-18
-6.97763e-19
-2.40413e-19
-8.42779e-20
-2.91237e-20
-9.77435e-21
-3.16263e-21
-9.82144e-22
-2.9166e-22
-8.25067e-23
-2.21278e-23
-5.58758e-24
-1.31342e-24
-2.81309e-25
-5.23287e-26
0.000350304
0.000380188
0.000489012
0.000357936
-2.12558e-05
5.86573e-05
0.00140303
0.00198457
-0.000433128
-0.00528607
-0.00723092
0.00052042
0.0246786
0.0590518
0.0870399
0.0930413
0.0799869
0.0544541
0.0283994
0.0102885
0.00172352
3.45157e-07
1.8696e-10
4.88467e-13
-2.07939e-13
-2.22881e-13
1.09007e-12
7.07343e-13
1.24754e-13
-1.05863e-13
-4.23478e-14
-4.00522e-15
1.80239e-16
5.82421e-17
1.66431e-17
4.50726e-18
1.14634e-18
2.72633e-19
5.94166e-20
1.12154e-20
1.53112e-21
-5.76203e-24
-1.03536e-22
-4.73959e-23
-1.44894e-23
-3.12567e-24
-2.63998e-25
1.77979e-25
1.34607e-25
6.25453e-26
0.00203948
0.0021362
0.00239946
0.00185522
0.000610022
0.00198852
0.00601106
0.00601426
-0.0033286
-0.0162612
-0.016831
0.0128285
0.0816526
0.174412
0.252608
0.276071
0.246535
0.178138
0.101196
0.0421973
0.0102885
0.000386042
9.71491e-10
3.08641e-11
8.33208e-12
1.6928e-11
1.08259e-11
2.17475e-12
-2.50944e-12
-1.06625e-12
-1.16015e-13
9.7386e-15
2.54291e-15
3.33552e-16
6.73541e-17
1.60564e-17
3.98923e-18
1.01196e-18
2.59506e-19
6.67084e-20
1.71072e-20
4.3853e-21
1.13587e-21
3.02777e-22
8.46017e-23
2.49513e-23
7.68534e-24
2.41845e-24
7.60265e-25
2.34842e-25
0.00527435
0.00547677
0.00589854
0.00457155
0.00257141
0.00614908
0.0143947
0.0123845
-0.00962058
-0.0340498
-0.0271161
0.0400818
0.17454
0.349137
0.500318
0.555157
0.508159
0.380492
0.226592
0.101196
0.0283994
0.0020618
6.12728e-10
2.31833e-10
2.04517e-10
1.32298e-10
3.10106e-11
-5.04436e-11
-2.2839e-11
-2.708e-12
2.2518e-13
7.19179e-14
5.74171e-15
4.87484e-17
2.46298e-17
9.02775e-18
2.76696e-18
8.0672e-19
2.32431e-19
6.6549e-20
1.89432e-20
5.3887e-21
1.54881e-21
4.55392e-22
1.37925e-22
4.28811e-23
1.35171e-23
4.25375e-24
1.31855e-24
3.98864e-25
0.0089083
0.0092308
0.00973182
0.00762313
0.00482504
0.0111454
0.0241414
0.0192133
-0.0180579
-0.0539627
-0.0350273
0.0756639
0.278376
0.534004
0.760991
0.856477
0.800708
0.616769
0.380492
0.178138
0.0544541
0.0054213
9.80773e-10
6.85663e-10
8.49259e-10
3.34366e-10
-8.26026e-10
-3.94304e-10
-5.43237e-11
3.72585e-12
1.38476e-12
1.38455e-13
-1.8571e-15
-5.12283e-16
-1.11354e-16
-2.58551e-17
-5.98553e-18
-1.35454e-18
-2.98698e-19
-6.39048e-20
-1.30236e-20
-2.37404e-21
-2.98235e-22
3.19292e-23
4.67073e-23
2.52287e-23
1.07702e-23
4.06449e-24
1.40882e-24
4.56721e-25
0.0105207
0.0109051
0.0114873
0.00887745
0.00548556
0.0135128
0.0298754
0.0231127
-0.0244547
-0.0680686
-0.0393018
0.101488
0.346613
0.651093
0.930097
1.06403
1.01472
0.800708
0.508159
0.246535
0.0799869
0.00968789
2.14059e-09
8.67871e-10
1.71497e-09
-1.31057e-08
-6.02353e-09
-8.57734e-10
5.45182e-11
2.24347e-11
2.62902e-12
-3.74167e-14
-1.20129e-14
-1.22153e-15
-1.85856e-16
-4.90817e-17
-1.33937e-17
-3.61523e-18
-9.61056e-19
-2.52009e-19
-6.51451e-20
-1.64897e-20
-4.02645e-21
-9.2401e-22
-1.89867e-22
-3.09044e-23
-1.89825e-24
1.37442e-24
8.80709e-25
3.64104e-25
0.00805418
0.00842563
0.00913503
0.00664907
0.00276774
0.0100963
0.0271937
0.0222416
-0.024713
-0.0694612
-0.0416457
0.0997113
0.344799
0.651599
0.941774
1.0962
1.06403
0.856477
0.555157
0.276071
0.0930413
0.0126797
-1.69741e-07
-4.93269e-07
-4.00915e-07
-1.36453e-07
-1.37707e-08
7.21495e-10
3.55679e-10
5.66798e-11
-4.45066e-13
-2.19812e-13
-3.67964e-14
-8.95405e-17
-2.34734e-17
-1.66906e-17
-7.42197e-18
-2.69184e-18
-8.82747e-19
-2.72982e-19
-8.084e-20
-2.29713e-20
-6.22855e-21
-1.59368e-21
-3.77913e-22
-8.03686e-23
-1.41789e-23
-1.51574e-24
2.34298e-25
2.26478e-25
0.00158109
0.00181752
0.00259244
0.0011696
-0.00258908
0.000667329
0.0141407
0.0154009
-0.0153081
-0.0539077
-0.0443879
0.0538968
0.248217
0.513194
0.781852
0.941774
0.930097
0.760991
0.500318
0.252608
0.0870398
0.0125412
-4.64003e-06
-4.73812e-06
-2.30172e-06
-4.4259e-07
2.73516e-09
3.55808e-09
1.08604e-09
6.32159e-11
-1.86841e-12
-7.54153e-13
-6.64302e-14
5.15182e-16
1.63184e-16
3.89681e-17
8.48838e-18
1.59782e-18
2.13975e-19
-5.01579e-21
-1.79627e-20
-8.75833e-21
-3.12294e-21
-9.34163e-22
-2.40668e-22
-5.208e-23
-8.33994e-24
-3.00375e-25
4.88945e-25
2.79462e-25
-0.00369197
-0.00367728
-0.00306099
-0.00299994
-0.00570389
-0.00712976
-0.00090393
0.00708982
-4.91466e-05
-0.0257499
-0.0433832
-0.0125554
0.100778
0.295624
0.513194
0.651599
0.651093
0.534004
0.349137
0.174412
0.0590518
0.00816233
-2.05672e-05
-1.65872e-05
-5.77533e-06
-6.02577e-07
1.82129e-08
1.01336e-08
1.86127e-09
-1.41486e-11
-1.04395e-11
-1.64001e-12
1.1323e-14
3.85946e-15
5.41931e-16
9.88558e-17
2.35116e-17
5.97637e-18
1.52245e-18
3.77694e-19
9.03561e-20
2.09324e-20
4.79079e-21
1.12526e-21
2.8409e-22
7.90157e-23
2.37638e-23
7.39554e-24
2.29083e-24
6.90343e-25
-0.00390443
-0.00401908
-0.00374466
-0.00291595
-0.00369547
-0.00734539
-0.007714
0.00111613
0.0104356
0.000357262
-0.0327763
-0.0531459
-0.014768
0.100778
0.248217
0.344799
0.346613
0.278376
0.17454
0.0816526
0.0246786
0.00241362
-7.90271e-05
-3.57766e-05
-7.09187e-06
2.4667e-08
5.72239e-08
1.49818e-08
6.10281e-10
-8.00486e-11
-2.63749e-11
-1.62442e-12
4.73828e-14
1.18773e-14
6.87236e-16
7.16199e-17
1.93632e-17
5.91841e-18
1.8117e-18
5.37628e-19
1.54201e-19
4.30421e-20
1.18165e-20
3.22511e-21
8.82001e-22
2.42364e-22
6.67556e-23
1.83214e-23
4.97556e-24
1.32861e-24
-0.0004185
-0.000560145
-0.000741481
0.000122677
0.00104006
-0.00139441
-0.00520225
-0.00137216
0.0106416
0.0120765
-0.0123182
-0.0479568
-0.0531459
-0.0125554
0.0538968
0.0997113
0.101488
0.0756639
0.0400818
0.0128286
0.000520453
-0.000801778
-0.000250819
-3.43208e-05
2.44363e-06
9.1212e-07
1.23995e-07
-2.77562e-09
-1.32681e-09
-2.7111e-10
-1.32867e-11
7.8649e-13
2.02436e-13
9.14935e-15
-9.66325e-17
-2.74977e-17
-4.58167e-18
1.37188e-19
4.93878e-19
2.61507e-19
1.03344e-19
3.58648e-20
1.15818e-20
3.57635e-21
1.07023e-21
3.12189e-22
8.89125e-23
2.47134e-23
6.69643e-24
1.76691e-24
0.00176778
0.00171285
0.00140932
0.00160242
0.00282223
0.00290669
0.000138484
-0.00151456
0.00315286
0.00952572
0.00556337
-0.0123182
-0.0327763
-0.0433832
-0.0443879
-0.0416457
-0.0393018
-0.0350273
-0.027116
-0.016831
-0.0072309
-0.00175601
-9.76135e-05
1.65105e-05
8.05537e-06
1.81369e-06
3.62195e-08
-1.0433e-08
-4.23822e-09
-3.13712e-10
7.85652e-12
3.12134e-12
2.25187e-13
-1.62523e-15
-4.77292e-16
-1.17693e-16
-2.94655e-17
-7.03829e-18
-1.53842e-18
-2.92535e-19
-4.16714e-20
-6.5613e-22
2.71109e-21
1.49441e-21
5.97302e-22
2.0801e-22
6.66044e-23
2.00556e-23
5.74447e-24
1.57551e-24
0.000707307
0.000747686
0.00063327
0.000307651
0.000652367
0.00191573
0.0018607
-0.000911035
-0.00284185
0.00113678
0.00952572
0.0120765
0.000357264
-0.0257499
-0.0539077
-0.0694612
-0.0680686
-0.0539627
-0.0340498
-0.0162612
-0.00528608
-0.000793369
4.65943e-05
2.34287e-05
6.66046e-06
7.28205e-07
-2.9865e-08
-1.40213e-08
-3.0677e-09
-4.05846e-11
9.17487e-12
2.75206e-12
5.34478e-14
-2.94194e-15
-6.4458e-16
-1.4097e-16
-3.94105e-17
-1.11162e-17
-3.00429e-18
-7.76698e-19
-1.92602e-19
-4.5642e-20
-1.01975e-20
-2.08738e-21
-3.66836e-22
-4.43739e-23
2.23651e-24
4.04e-24
1.85295e-24
6.51361e-25
-0.00099886
-0.000947389
-0.000872036
-0.00116822
-0.00155106
-0.00087817
0.000381727
-0.000300999
-0.00292751
-0.00284185
0.00315286
0.0106416
0.0104356
-4.91496e-05
-0.0153081
-0.024713
-0.0244547
-0.0180579
-0.00962061
-0.00332862
-0.000433144
0.000195216
6.31816e-05
8.42274e-06
-1.32392e-06
-4.27031e-07
-5.99301e-08
-3.06e-09
9.44588e-10
2.14739e-10
9.08802e-12
-5.77582e-13
-1.38727e-13
-6.08414e-15
-7.08179e-17
-5.00147e-17
-2.38031e-17
-8.94032e-18
-2.97312e-18
-9.22822e-19
-2.73651e-19
-7.81581e-20
-2.15198e-20
-5.7017e-21
-1.45005e-21
-3.53018e-22
-8.20067e-23
-1.80976e-23
-3.76829e-24
-7.31834e-25
-0.00108645
-0.00107194
-0.00101581
-0.00108893
-0.00134962
-0.00134219
-0.000783343
-0.000230011
-0.000301001
-0.000911031
-0.00151455
-0.00137217
0.00111611
0.00708982
0.015401
0.0222416
0.0231127
0.0192133
0.0123845
0.00601424
0.00198456
0.000290091
-3.14001e-05
-1.89339e-05
-5.6039e-06
-6.86188e-07
2.95591e-08
1.38079e-08
2.56889e-09
-4.69866e-12
-6.766e-12
-1.49901e-12
-3.48241e-14
7.68704e-16
1.68369e-16
2.08842e-17
-3.9754e-18
-4.33087e-18
-2.14979e-18
-8.53958e-19
-3.01963e-19
-9.8709e-20
-3.03329e-20
-8.8386e-21
-2.45479e-21
-6.52111e-22
-1.6612e-22
-4.06631e-23
-9.58078e-24
-2.17624e-24
-0.000710755
-0.000704125
-0.000746227
-0.000814946
-0.000711935
-0.000527543
-0.000686807
-0.000783346
0.000381723
0.00186071
0.000138491
-0.00520226
-0.00771402
-0.00090393
0.0141408
0.0271938
0.0298755
0.0241413
0.0143947
0.00601103
0.00140301
-2.43672e-05
-5.55847e-05
-2.69552e-05
-5.60676e-06
5.49896e-08
5.51944e-08
1.46817e-08
8.12482e-10
-1.65543e-11
-8.25755e-12
-1.53938e-12
5.77435e-15
2.20217e-15
3.37546e-16
4.87365e-17
6.77613e-19
-3.91088e-18
-2.32457e-18
-1.00077e-18
-3.73524e-19
-1.27275e-19
-4.04527e-20
-1.21286e-20
-3.4542e-21
-9.38976e-22
-2.44521e-22
-6.11827e-23
-1.47479e-23
-3.43314e-24
-0.00113089
-0.00109863
-0.00115645
-0.00140037
-0.00131364
-0.000623072
-0.000527541
-0.00134219
-0.000878173
0.00191574
0.0029067
-0.00139442
-0.00734541
-0.00712976
0.000667365
0.0100964
0.0135128
0.0111454
0.00614904
0.00198848
5.8639e-05
-8.27223e-05
-5.72741e-05
-1.83258e-05
-1.28363e-06
5.20083e-08
3.06807e-08
4.5289e-09
-1.09135e-10
-3.13136e-11
-2.32014e-12
1.93768e-13
3.65874e-14
6.9331e-16
-6.34541e-17
-4.18162e-17
-2.21817e-17
-9.92016e-18
-3.98584e-18
-1.48426e-18
-5.18722e-19
-1.71117e-19
-5.34891e-20
-1.58967e-20
-4.50569e-21
-1.22144e-21
-3.17531e-22
-7.93586e-23
-1.91138e-23
-4.44731e-24
-0.00166816
-0.00162299
-0.00163074
-0.00194323
-0.00206135
-0.00131364
-0.000711932
-0.00134962
-0.00155106
0.000652371
0.00282223
0.00104005
-0.00369549
-0.00570389
-0.00258904
0.00276779
0.00548558
0.00482502
0.00257136
0.000609973
-2.1276e-05
-5.89814e-05
-3.15554e-05
-8.13401e-06
-4.62438e-07
-2.60454e-09
-1.19225e-09
-4.19983e-10
-4.04709e-11
8.96534e-12
2.89351e-12
2.64506e-13
-4.76413e-15
-1.26694e-15
-3.46309e-16
-1.15817e-16
-4.11748e-17
-1.49806e-17
-5.43216e-18
-1.92005e-18
-6.52409e-19
-2.1172e-19
-6.54935e-20
-1.93209e-20
-5.44399e-21
-1.46802e-21
-3.79675e-22
-9.43877e-23
-2.26063e-23
-5.22841e-24
-0.00157551
-0.00153834
-0.00152753
-0.00177655
-0.00194323
-0.00140037
-0.000814942
-0.00108893
-0.00116822
0.000307655
0.00160242
0.00012267
-0.00291597
-0.00299994
0.00116963
0.00664912
0.00887747
0.00762311
0.0045715
0.00185518
0.000357907
-8.79013e-06
-1.11582e-05
-6.07884e-06
-1.5868e-06
-7.5704e-08
-3.54574e-11
1.48124e-10
7.89173e-11
1.90293e-11
4.79012e-13
-4.00961e-14
-8.48341e-15
-5.33412e-16
-1.79033e-16
-8.37957e-17
-3.60844e-17
-1.46428e-17
-5.64179e-18
-2.06123e-18
-7.13167e-19
-2.33771e-19
-7.27179e-20
-2.15136e-20
-6.06831e-21
-1.63594e-21
-4.22531e-22
-1.04801e-22
-2.50212e-23
-5.76393e-24
-0.00133861
-0.001307
-0.0013103
-0.00152753
-0.00163074
-0.00115645
-0.000746223
-0.00101581
-0.000872037
0.000633274
0.00140932
-0.000741489
-0.00374468
-0.00306099
0.00259248
0.00913507
0.0114873
0.0097318
0.00589849
0.00239941
0.000488987
-3.23631e-06
-8.79899e-06
-5.77398e-06
-1.97854e-06
-1.88221e-07
3.23214e-10
2.04488e-10
6.97587e-11
1.53095e-11
7.79151e-13
5.50229e-15
2.09074e-16
-1.04536e-16
-9.60597e-17
-5.81863e-17
-2.93949e-17
-1.31815e-17
-5.39186e-18
-2.04142e-18
-7.21894e-19
-2.39943e-19
-7.53248e-20
-2.24224e-20
-6.35058e-21
-1.71647e-21
-4.43964e-22
-1.10171e-22
-2.6295e-23
-6.05117e-24
-0.00133095
-0.00129762
-0.001307
-0.00153833
-0.00162298
-0.00109862
-0.00070412
-0.00107194
-0.00094739
0.00074769
0.00171286
-0.000560153
-0.0040191
-0.00367729
0.00181755
0.00842568
0.0109051
0.00923078
0.00547672
0.00213615
0.000380161
-1.47876e-05
-1.36415e-05
-6.8312e-06
-1.73854e-06
-6.74798e-08
1.17796e-10
9.35954e-11
4.98127e-11
1.69332e-11
2.37828e-12
1.04129e-14
-2.60055e-16
-1.88834e-16
-1.14401e-16
-6.11627e-17
-2.95425e-17
-1.30635e-17
-5.33572e-18
-2.02675e-18
-7.20018e-19
-2.40409e-19
-7.57697e-20
-2.26276e-20
-6.42485e-21
-1.73985e-21
-4.50629e-22
-1.11928e-22
-2.6729e-23
-6.15232e-24
-0.00136515
-0.00133095
-0.00133861
-0.00157551
-0.00166816
-0.00113089
-0.000710749
-0.00108645
-0.000998861
0.000707312
0.00176779
-0.000418508
-0.00390445
-0.00369197
0.00158112
0.00805423
0.0105208
0.00890828
0.0052743
0.00203943
0.000350278
-1.68679e-05
-1.50517e-05
-7.29963e-06
-1.64997e-06
-2.86374e-08
7.95243e-11
3.75663e-11
2.55369e-11
1.53765e-11
4.32322e-12
1.78459e-13
-2.50078e-16
-1.87472e-16
-1.14842e-16
-6.15067e-17
-2.96793e-17
-1.31056e-17
-5.34686e-18
-2.02955e-18
-7.20773e-19
-2.40649e-19
-7.5855e-20
-2.26584e-20
-6.43537e-21
-1.7432e-21
-4.51615e-22
-1.12199e-22
-2.67985e-23
-6.16914e-24
)
;

boundaryField
{
    movingWall
    {
        type            zeroGradient;
    }
    fixedWalls
    {
        type            zeroGradient;
    }
    frontAndBack
    {
        type            empty;
    }
}

