/*--------------------------------*- C++ -*----------------------------------*\
| =========                 |                                                 |
| \\      /  F ield         | OpenFOAM: The Open Source CFD Toolbox           |
|  \\    /   O peration     | Version:  v2006                                 |
|   \\  /    A nd           | Website:  www.openfoam.com                      |
|    \\/     M anipulation  |                                                 |
\*---------------------------------------------------------------------------*/
FoamFile
{
    version     2.0;
    format      ascii;
    class       volScalarField;
    location    "0";
    object      f;
}
// * * * * * * * * * * * * * * * * * * * * * * * * * * * * * * * * * * * * * //

dimensions      [0 0 0 0 0 0 0];


internalField   nonuniform List<scalar> 
2500
(
-2.79472e-50
1.46218e-40
-7.07062e-35
4.24719e-31
-7.72078e-29
-3.64576e-26
1.46138e-24
2.3718e-24
-1.35322e-22
-5.53217e-21
3.36932e-20
1.3891e-19
-4.86084e-19
-3.71367e-18
-8.62017e-18
-1.29965e-18
1.57783e-17
8.52818e-17
1.3713e-16
-4.16059e-16
-6.13592e-16
-1.10408e-15
-2.09561e-16
9.88357e-17
7.99682e-16
1.7957e-14
1.19371e-15
-3.59717e-14
-9.25832e-15
5.24506e-14
1.64867e-14
-2.2656e-14
-3.92446e-14
4.28679e-15
1.96252e-14
-2.32533e-15
-3.66441e-15
7.02745e-16
6.5023e-16
6.356e-17
-4.13663e-17
-2.20197e-17
-5.78722e-18
-5.76902e-19
3.35894e-19
2.61525e-19
1.17467e-19
4.13518e-20
1.20095e-20
9.22405e-22
-2.73421e-48
4.44294e-39
-1.27346e-33
5.42892e-30
-6.60334e-28
-2.51328e-25
6.28449e-24
5.47709e-23
-2.72492e-22
-2.90268e-20
8.10885e-20
4.85827e-19
-3.83147e-19
-6.81548e-18
-2.02055e-17
-1.23843e-17
2.53347e-17
2.01117e-16
2.08224e-16
-2.96645e-16
-2.58207e-15
-1.06724e-14
-6.45761e-16
5.08437e-15
9.17777e-14
7.9073e-14
1.86314e-15
-2.81344e-13
-1.66343e-14
3.31772e-13
1.71493e-14
-3.78359e-13
-7.58055e-14
6.69853e-14
4.22589e-14
-5.59556e-16
-3.46412e-15
6.0186e-16
5.88453e-16
3.03902e-17
-4.91763e-17
-2.18457e-17
-5.22059e-18
-5.02107e-19
2.50113e-19
1.87942e-19
8.07983e-20
2.73901e-20
7.75037e-21
7.58552e-22
-2.08681e-46
1.0992e-37
-1.9817e-32
5.96539e-29
-4.11271e-27
-1.50821e-24
1.6472e-23
4.29655e-22
8.95948e-22
-1.33014e-19
1.4006e-19
1.50181e-18
1.19306e-18
-1.14114e-17
-4.74769e-17
-5.76242e-17
3.53239e-17
5.23647e-16
4.28011e-16
-1.47562e-16
-2.34244e-14
-5.97046e-14
1.85693e-14
1.3777e-12
1.47765e-12
2.28158e-13
-3.58379e-12
-9.75099e-13
-2.40298e-14
1.08386e-12
-5.39426e-13
-1.59893e-12
-1.48062e-13
4.02849e-13
1.09592e-13
-1.05052e-15
-8.62381e-15
9.74196e-16
9.93856e-16
2.89719e-17
-8.82385e-17
-3.58483e-17
-7.90911e-18
-5.98526e-19
4.36017e-19
2.94119e-19
1.21381e-19
4.01526e-20
1.12161e-20
1.20848e-21
-1.52638e-44
2.78537e-36
-3.22703e-31
6.45465e-28
-1.5869e-26
-8.75314e-24
-2.57452e-23
2.49151e-21
1.50599e-20
-5.48147e-19
-4.58935e-20
3.76746e-18
7.98766e-18
-9.20043e-18
-9.27247e-17
-2.20288e-16
1.92384e-17
2.36968e-15
1.20672e-15
-8.19879e-15
-1.03074e-13
-1.44698e-13
2.66211e-12
7.14117e-12
5.71195e-12
3.70996e-13
-2.26137e-11
-2.29736e-12
1.47346e-11
2.52952e-12
-9.631e-12
-4.55884e-12
-1.81388e-13
1.36399e-12
2.01436e-13
-4.34219e-14
-2.42475e-14
1.65216e-15
1.67919e-15
1.35493e-17
-1.54466e-16
-5.71048e-17
-1.13793e-17
-5.06231e-19
7.76071e-19
4.6344e-19
1.8241e-19
5.86839e-20
1.61534e-20
1.88431e-21
-1.07059e-42
7.48724e-35
-5.44306e-30
6.6896e-27
6.96051e-26
-4.69655e-23
-8.45836e-22
1.19076e-20
1.19545e-19
-2.02751e-18
-1.94919e-18
5.97395e-18
2.62558e-17
3.903e-17
-1.35537e-16
-8.65125e-16
-7.94635e-17
1.819e-14
2.49331e-15
-6.37601e-13
-2.18394e-13
1.18966e-12
1.36224e-11
1.65585e-11
1.13968e-11
-1.55105e-10
-7.00726e-11
-3.2891e-12
9.18902e-11
3.77961e-12
-3.89013e-11
-9.81196e-12
2.38812e-12
3.77333e-12
2.49622e-13
-2.3224e-13
-6.41837e-14
3.33341e-15
2.93116e-15
-3.11608e-17
-2.65456e-16
-8.83987e-17
-1.5435e-17
2.47988e-20
1.37331e-18
7.28305e-19
2.72731e-19
8.51943e-20
2.30889e-20
2.87951e-21
-7.25329e-41
2.1911e-33
-9.2962e-29
6.41116e-26
2.44925e-24
-2.08016e-22
-8.4941e-21
4.71179e-20
7.5662e-19
-6.61056e-18
-1.19042e-17
-7.65667e-18
5.44504e-17
3.09997e-16
-2.94275e-16
-3.73935e-15
8.9292e-14
5.97065e-14
-1.49778e-12
-3.07959e-12
9.73238e-12
1.26114e-10
4.1685e-11
2.05509e-11
-1.30179e-10
-1.22745e-09
-1.17455e-10
1.07301e-09
3.11376e-10
-5.67079e-11
-1.09421e-10
-1.50071e-11
2.07701e-11
8.93021e-12
-3.94307e-13
-8.14101e-13
-1.3992e-13
8.59712e-15
5.51377e-15
-1.33073e-16
-4.49939e-16
-1.32826e-16
-1.94136e-17
1.41611e-18
2.37719e-18
1.13185e-18
4.03451e-19
1.22356e-19
3.2651e-20
4.3124e-21
-4.8672e-39
6.95993e-32
-1.5642e-27
5.3481e-25
3.4612e-23
-4.34526e-22
-6.42399e-20
1.42756e-19
4.22428e-18
-1.82162e-17
-5.09456e-17
-1.31429e-16
1.10235e-16
1.29348e-15
-5.70757e-14
-3.33203e-15
5.88023e-13
-1.53945e-13
-8.33089e-12
-6.78674e-12
3.88406e-10
5.91815e-10
8.89559e-11
-7.17142e-09
-1.23756e-08
-4.41634e-09
3.89105e-09
6.81148e-09
7.22644e-10
-4.25202e-10
-2.43202e-10
-8.65327e-12
8.23182e-11
1.78386e-11
-3.69232e-12
-2.30723e-12
-2.54943e-13
2.36041e-14
1.15757e-14
-3.4545e-16
-7.55767e-16
-1.9311e-16
-2.18347e-17
4.32364e-18
3.99014e-18
1.72745e-18
5.8745e-19
1.73143e-19
4.55322e-20
6.32381e-21
-3.43585e-37
2.32568e-30
-2.51998e-26
3.28022e-24
3.65594e-22
5.21524e-21
-4.06452e-19
2.02857e-19
2.16545e-17
-3.76657e-17
-1.61372e-16
-9.293e-16
2.175e-14
-7.1241e-14
-3.43615e-13
6.32688e-12
1.63463e-12
-8.07138e-11
-1.96222e-11
1.02005e-09
1.62499e-09
1.10804e-09
-2.45166e-08
-7.32284e-08
-6.1094e-08
-1.09653e-08
7.97602e-08
2.28316e-08
1.0253e-09
-1.61428e-09
-4.09674e-10
3.2253e-10
2.65577e-10
2.92148e-11
-1.16312e-11
-5.47595e-12
-3.96012e-13
6.34453e-14
2.55734e-14
-8.03904e-16
-1.26437e-15
-2.70063e-16
-1.99366e-17
9.69005e-18
6.46491e-18
2.57507e-18
8.38092e-19
2.40489e-19
6.24152e-20
9.06894e-21
-2.7981e-35
7.85568e-29
-3.75595e-25
1.26766e-24
3.11738e-21
9.82251e-20
-2.17449e-18
-1.32851e-18
1.05351e-16
-2.2547e-17
-1.9686e-15
-3.23495e-15
1.4716e-13
-2.52141e-12
-6.54362e-13
3.65978e-11
-3.54179e-10
-4.59567e-10
3.27189e-09
8.00762e-09
2.93338e-09
-4.34639e-08
-1.86144e-07
-2.39296e-07
-1.66632e-07
-1.64191e-08
3.36611e-07
5.06822e-08
8.51744e-10
-5.3368e-09
-4.20989e-10
1.53558e-09
7.22278e-10
3.64877e-11
-2.82144e-11
-1.11755e-11
-5.03517e-13
1.65297e-13
5.36859e-14
-1.97052e-15
-2.12939e-15
-3.59714e-16
-9.14171e-18
1.87537e-17
1.00842e-17
3.7332e-18
1.16696e-18
3.26749e-19
8.38601e-20
1.27022e-20
-2.76332e-33
2.59349e-27
-4.88049e-24
-3.93879e-22
2.06756e-20
1.10231e-18
-9.46678e-18
-1.60579e-17
5.63572e-16
3.09215e-16
-3.14532e-14
4.72913e-13
3.26579e-13
-8.69956e-12
1.64321e-10
9.32356e-11
-3.54519e-09
-1.09096e-09
5.07319e-08
1.7609e-08
-3.07195e-07
-8.55281e-07
-6.18624e-07
-4.74379e-07
-2.60089e-07
2.42075e-06
9.42585e-07
6.58212e-08
-2.12917e-08
-1.58014e-08
2.76515e-09
4.83918e-09
1.67809e-09
2.25738e-11
-6.06893e-11
-2.01983e-11
-4.56776e-13
4.08315e-13
1.00979e-13
-5.30431e-15
-3.70119e-15
-4.48558e-16
1.7313e-17
3.29607e-17
1.51134e-17
5.2454e-18
1.58064e-18
4.33006e-19
1.10162e-19
1.7355e-20
-3.12581e-31
8.15003e-26
-4.65402e-23
-8.3557e-21
7.99269e-20
1.01421e-17
-2.99315e-17
-1.08592e-16
3.8972e-15
-3.76545e-14
-1.22764e-13
5.06601e-12
-5.63855e-11
3.99746e-11
9.68922e-10
-9.07925e-09
-8.98534e-09
1.94198e-07
1.9305e-07
-8.8002e-07
-4.84436e-06
-3.18525e-06
-1.24288e-06
-6.09657e-07
1.07913e-05
1.63434e-05
1.71017e-06
-4.47194e-08
-1.3347e-07
-4.1122e-08
1.36249e-08
1.25559e-08
3.47778e-09
-4.46932e-11
-1.19172e-10
-3.29623e-11
4.67735e-13
9.58581e-13
1.66281e-13
-1.38569e-14
-6.61006e-15
-5.05801e-16
6.7987e-17
5.37082e-17
2.17219e-17
7.12241e-18
2.07704e-18
5.58329e-19
1.41202e-19
2.31098e-20
-3.67477e-29
2.37317e-24
-5.64188e-24
-1.20694e-19
-4.09957e-19
8.54965e-17
-1.1354e-16
-3.61279e-16
1.32391e-14
-4.04107e-13
3.44241e-12
1.31956e-11
-3.52016e-10
3.31035e-09
2.52565e-09
-7.91057e-08
1.42333e-07
1.09457e-06
1.65619e-07
-1.84913e-05
-1.68732e-05
-5.19503e-06
1.83053e-05
0.000272001
0.000262291
6.05032e-05
1.11261e-06
-7.43956e-07
-5.00191e-07
-9.08861e-08
3.85027e-08
2.82521e-08
6.49003e-09
-1.96072e-10
-2.187e-10
-4.89694e-11
2.83222e-12
2.10659e-12
2.43133e-13
-3.1441e-14
-1.17527e-14
-4.75675e-16
1.51025e-16
8.18252e-17
2.98777e-17
9.32338e-18
2.64213e-18
6.992e-19
1.76332e-19
2.99732e-20
-4.20377e-27
6.12465e-23
1.52483e-20
-1.35875e-18
-1.33323e-17
8.5695e-16
-1.36718e-14
1.37244e-13
-7.66718e-13
-1.4032e-12
4.58349e-11
-3.94496e-10
-7.45518e-10
1.61879e-08
-1.05716e-07
-1.97238e-07
3.03378e-06
2.37912e-06
-3.83294e-05
-6.99098e-05
-2.86485e-05
0.000475808
0.00226005
0.00243714
0.00111386
0.000152899
-3.08872e-06
-2.91704e-06
-1.47062e-06
-1.79923e-07
8.76545e-08
5.5726e-08
1.0747e-08
-5.06358e-10
-3.8437e-10
-6.47073e-11
8.33716e-12
4.22468e-12
2.91751e-13
-6.6261e-14
-1.97046e-14
-2.40531e-16
2.69062e-16
1.16766e-16
3.92452e-17
1.17435e-17
3.24858e-18
8.49354e-19
2.14331e-19
3.7855e-20
-4.52495e-25
1.23962e-21
5.29113e-19
-1.14989e-17
-1.39218e-16
5.37948e-15
-8.99105e-14
1.10235e-12
-1.02553e-11
4.79766e-11
1.48974e-10
-3.97344e-09
2.55049e-08
3.51087e-08
-7.1437e-07
8.59042e-07
1.16485e-05
-1.89923e-05
-0.000195894
-0.000124806
0.00142906
0.00802741
0.0112493
0.00822997
0.0030427
0.000307204
-9.52427e-06
-8.51762e-06
-3.62622e-06
-3.05882e-07
1.70449e-07
9.82443e-08
1.54738e-08
-1.08225e-09
-6.44456e-10
-7.06793e-11
1.96037e-11
7.50252e-12
2.08502e-13
-1.33215e-13
-2.91713e-14
3.72848e-16
4.14367e-16
1.56024e-16
4.91532e-17
1.42173e-17
3.85775e-18
1.00023e-18
2.53452e-19
4.65557e-20
-4.49205e-23
8.37011e-21
1.33238e-17
-1.00216e-16
-3.87984e-16
1.06691e-14
-1.69247e-13
2.2493e-12
-2.64837e-11
2.95306e-10
-4.9932e-10
-9.95363e-09
1.74843e-07
-6.87095e-07
-1.77677e-06
2.29457e-05
2.25955e-05
-0.000325345
-0.000535142
0.00136544
0.0160681
0.0307724
0.0316812
0.0198326
0.00660728
0.000545083
-2.50748e-05
-2.08617e-05
-7.74339e-06
-4.22528e-07
3.04269e-07
1.56515e-07
1.86579e-08
-2.10259e-09
-1.03098e-09
-4.10039e-11
4.21137e-11
1.15431e-11
-1.78252e-13
-2.50377e-13
-3.56361e-14
1.26402e-15
5.95791e-16
1.95988e-16
5.86985e-17
1.65449e-17
4.42533e-18
1.142e-18
2.91564e-19
5.57634e-20
-4.03068e-21
-9.34154e-19
3.29482e-16
-8.48976e-15
1.34605e-13
-1.60299e-12
1.40115e-11
-7.67631e-11
1.52211e-10
8.12273e-10
-1.51092e-08
4.18046e-08
3.80016e-07
-4.91233e-06
1.36096e-06
8.98003e-05
-0.000144823
-0.00121064
-0.000670368
0.0196068
0.0555292
0.0773483
0.068776
0.0391209
0.0121422
0.000849235
-5.80957e-05
-4.47633e-05
-1.44375e-05
-4.38924e-07
5.11275e-07
2.24183e-07
1.82002e-08
-4.25855e-09
-1.52507e-09
6.05606e-11
8.45389e-11
1.45264e-11
-8.56247e-13
-4.3054e-13
-3.76175e-14
1.77326e-15
7.64335e-16
2.31687e-16
6.69497e-17
1.85358e-17
4.90952e-18
1.26488e-18
3.26306e-19
6.5054e-20
-3.17417e-19
-3.34043e-17
2.72245e-15
-6.31399e-14
9.72026e-13
-1.24801e-11
1.30992e-10
-1.0224e-09
5.78246e-09
-9.02502e-09
-6.41451e-08
8.60668e-07
-9.27005e-07
-1.41603e-05
7.34967e-05
0.000177319
-0.00138849
-0.00269629
0.0121196
0.0682194
0.132528
0.155302
0.124761
0.0660727
0.0192859
0.00112692
-0.000120996
-8.56462e-05
-2.34686e-05
2.29043e-08
8.22867e-07
2.836e-07
5.1138e-09
-8.5351e-09
-1.9172e-09
2.65026e-10
1.51861e-10
1.49942e-11
-1.71719e-12
-6.34776e-13
-3.10902e-14
2.3811e-15
9.13593e-16
2.58955e-16
7.32117e-17
2.00558e-17
5.27823e-18
1.36006e-18
3.55204e-19
7.38931e-20
-2.46432e-17
4.8894e-16
-1.11791e-16
-1.24617e-13
1.87969e-12
-2.50709e-11
2.92074e-10
-2.97586e-09
2.50686e-08
-1.22315e-07
-7.35148e-08
3.12718e-06
-1.78583e-05
-1.63639e-05
0.000283369
-5.47037e-05
-0.00460159
-0.002662
0.0538616
0.161872
0.254882
0.265005
0.195986
0.0972494
0.0265809
0.00120719
-0.000232275
-0.000146837
-3.27719e-05
1.16201e-06
1.28248e-06
3.1369e-07
-2.09294e-08
-1.61399e-08
-1.79774e-09
6.00207e-10
2.27386e-10
8.75772e-12
-3.03991e-12
-8.05922e-13
-1.02388e-14
3.05523e-15
1.01077e-15
2.74859e-16
7.72516e-17
2.10562e-17
5.51147e-18
1.41982e-18
3.7569e-19
8.16433e-20
-1.96784e-15
3.25787e-14
-4.97114e-13
5.88748e-12
-5.94712e-11
4.27584e-10
-1.63655e-09
-4.93679e-10
4.65897e-08
-4.70765e-07
2.41227e-06
4.39408e-06
-6.35307e-05
0.00018005
0.00064833
-0.00300338
-0.0105651
0.0174938
0.136112
0.307982
0.416817
0.395641
0.270712
0.12549
0.0315752
0.000829376
-0.000416179
-0.000222993
-3.76037e-05
3.04133e-06
1.92106e-06
2.71033e-07
-6.31028e-08
-2.63095e-08
-3.20502e-10
1.07768e-09
2.74195e-10
-3.55866e-12
-5.05348e-12
-8.31332e-13
9.58763e-15
3.60647e-15
1.00566e-15
2.80059e-16
7.94382e-17
2.15644e-17
5.59598e-18
1.43649e-18
3.85082e-19
8.75973e-20
-9.58883e-15
1.35825e-13
-2.34257e-12
3.82039e-11
-5.16833e-10
4.9117e-09
-3.59561e-08
1.83919e-07
-4.99027e-07
-7.31145e-07
1.12767e-05
-3.86839e-05
-0.000111176
0.000818708
0.000718269
-0.0102095
-0.015229
0.0650184
0.267457
0.498334
0.596968
0.521891
0.330267
0.141652
0.0319912
-3.56023e-05
-0.000695802
-0.000292159
-2.99846e-05
5.60129e-06
2.50898e-06
5.50906e-08
-1.22931e-07
-3.22433e-08
2.47084e-09
1.84017e-09
2.73467e-10
-1.61527e-11
-7.20074e-12
-6.91098e-13
5.38449e-15
3.07117e-15
9.71378e-16
2.82577e-16
8.05861e-17
2.16221e-17
5.51292e-18
1.40123e-18
3.80742e-19
9.10727e-20
1.22599e-13
-6.11773e-13
1.27046e-12
5.69777e-11
-1.13953e-09
1.28496e-08
-1.25543e-07
8.42583e-07
-3.9854e-06
7.53087e-06
2.34067e-05
-0.000188156
2.58488e-05
0.00208133
-0.00229017
-0.0228182
-0.00782343
0.146384
0.439547
0.704021
0.760043
0.610968
0.356847
0.14064
0.0250274
-0.00127202
-0.00105702
-0.000321468
-4.95894e-06
1.01783e-05
2.68838e-06
-3.10035e-07
-2.13235e-07
-2.62433e-08
6.26155e-09
2.67005e-09
1.90577e-10
-1.91382e-11
-7.556e-12
-5.03822e-13
4.78039e-16
2.15803e-15
9.14306e-16
2.86811e-16
8.1211e-17
2.11763e-17
5.22464e-18
1.30393e-18
3.60644e-19
9.15943e-20
1.57227e-12
-9.07645e-12
8.23024e-11
-6.49614e-10
3.17201e-09
-1.61769e-09
-1.69279e-07
1.63584e-06
-1.15932e-05
3.78617e-05
2.96292e-06
-0.000462444
0.000956719
0.00352699
-0.00971071
-0.0366084
0.0217706
0.262121
0.626927
0.879859
0.864474
0.640422
0.341966
0.113277
0.0117928
-0.00235265
-0.00136823
-0.000258997
3.0343e-05
1.73977e-05
1.50925e-06
-7.89089e-07
-2.97959e-07
-6.44716e-09
9.69882e-09
2.9132e-09
6.46984e-11
-2.17568e-11
-6.29835e-12
-2.7963e-13
-1.58426e-14
1.5179e-15
9.15607e-16
2.98839e-16
8.11097e-17
1.9996e-17
4.67249e-18
1.13628e-18
3.24505e-19
8.91446e-20
3.67297e-12
-2.08782e-11
2.26084e-10
-2.61804e-09
2.88731e-08
-2.21394e-07
8.74391e-07
2.45484e-07
-1.76139e-05
0.00010346
-0.000206923
-0.000619261
0.00284472
0.0038492
-0.0229951
-0.0430558
0.0696543
0.392761
0.788883
0.975397
0.890365
0.59535
0.270932
0.0672217
-0.00139088
-0.00354107
-0.0013847
-4.52159e-05
6.97345e-05
2.1983e-05
-7.9167e-07
-1.25343e-06
-2.90689e-07
1.85014e-08
1.38923e-08
2.42159e-09
-3.83205e-11
-1.87694e-11
-3.04017e-12
-2.42813e-13
-5.38923e-14
1.141e-15
1.04691e-15
3.19832e-16
7.86552e-17
1.76494e-17
3.79562e-18
8.98582e-19
2.75209e-19
8.43779e-20
-9.3136e-11
4.37765e-10
-2.39587e-09
4.61665e-09
5.39037e-08
-6.44095e-07
4.40491e-06
-1.4016e-05
7.06411e-06
0.000168006
-0.000675357
-0.000136481
0.00569797
-0.000786575
-0.0398597
-0.0379172
0.136577
0.513106
0.884154
0.986454
0.806574
0.465084
0.168915
0.0197094
-0.00851738
-0.00459401
-0.000758215
0.000217612
0.000114387
1.46608e-05
-3.61434e-06
-1.74413e-06
-1.81836e-07
3.35882e-08
1.53487e-08
1.56902e-09
1.22278e-11
2.26964e-12
-7.52039e-13
-5.45707e-13
-1.20451e-13
1.40084e-15
1.36051e-15
3.38613e-16
7.04337e-17
1.36203e-17
2.57597e-18
6.08721e-19
2.19773e-19
7.8615e-20
-6.13659e-10
2.41069e-09
-1.38284e-08
6.10358e-08
-1.44421e-07
-4.95961e-07
7.57928e-06
-4.17601e-05
0.00010975
0.000117513
-0.00130443
0.00150803
0.00817726
-0.00979179
-0.0537145
-0.0217233
0.205851
0.593183
0.89314
0.879192
0.626751
0.296629
0.0683773
-0.0125885
-0.0098324
-0.00332524
0.000253278
0.000412121
0.000129606
6.97472e-07
-5.1723e-06
-1.69586e-06
-3.32199e-08
3.3016e-08
1.0688e-08
5.84049e-10
9.66403e-11
2.40931e-11
-1.73188e-14
-6.93669e-13
-1.62855e-13
2.60798e-15
1.82656e-15
3.25279e-16
5.20458e-17
7.63494e-18
1.10251e-18
3.08734e-19
1.68706e-19
7.34317e-20
-9.14058e-10
3.71292e-09
-2.13099e-08
1.29321e-07
-7.05248e-07
3.33864e-06
-1.96234e-06
-5.63341e-05
0.000274977
-0.000336304
-0.00158196
0.0044004
0.0086075
-0.0230296
-0.0641502
0.00293065
0.259894
0.613702
0.783307
0.68551
0.403821
0.13497
-0.00371042
-0.0205637
-0.0099458
-0.000405267
0.00126486
0.000578852
7.65742e-05
-1.31366e-05
-6.55888e-06
-9.59195e-07
7.5058e-08
3.27035e-08
3.99163e-09
2.14616e-10
2.0993e-10
4.45734e-11
-1.08482e-12
-8.76141e-13
-1.11568e-13
1.05423e-14
2.49637e-15
2.3214e-16
2.07933e-17
1.77454e-19
-3.72479e-19
6.20685e-20
1.32844e-19
6.97997e-20
1.28958e-08
-3.95979e-08
1.94463e-07
-4.76134e-07
-7.75992e-07
1.04189e-05
-4.13351e-05
2.2324e-05
0.000385007
-0.00116824
-0.000754032
0.00797444
0.00375527
-0.0377233
-0.0685433
0.0268724
0.284372
0.556421
0.604638
0.436713
0.191344
0.0168066
-0.0332318
-0.0189528
-0.00259062
0.00273755
0.00177778
0.000502271
6.68929e-06
-1.4564e-05
-5.32577e-06
-3.07375e-07
2.81329e-08
2.68492e-09
-1.19638e-09
6.3399e-10
3.56208e-10
4.6189e-11
-2.75572e-12
-9.49668e-13
5.12265e-15
1.86171e-14
2.42705e-15
3.56838e-17
-1.89663e-17
-6.9853e-18
-1.43746e-18
-6.54822e-20
1.17699e-19
6.70407e-20
6.20516e-08
-2.05344e-07
9.71295e-07
-3.12454e-06
5.04052e-06
1.37883e-05
-0.000100823
0.000239604
0.000205878
-0.00213121
0.0014331
0.0106293
-0.00270986
-0.0504011
-0.0673536
0.0411747
0.271521
0.416795
0.376106
0.208267
0.0363484
-0.0431166
-0.0311187
-0.00831334
0.00458575
0.00450896
0.00188458
0.000242438
-3.65865e-05
-1.57345e-05
-1.88576e-06
1.29078e-07
-1.75895e-08
-2.18001e-08
-2.41462e-09
1.07678e-09
4.10735e-10
2.05482e-11
-4.24778e-12
-6.94856e-13
9.44659e-14
2.80454e-14
6.36616e-16
-2.00528e-16
-5.29627e-17
-1.0864e-17
-1.66576e-18
-4.38664e-20
1.17193e-19
6.22031e-20
-1.809e-08
-3.76339e-07
1.66453e-06
-6.77695e-06
1.97353e-05
-1.5723e-05
-0.000129504
0.00054133
-0.000473247
-0.00262127
0.00473738
0.0121744
-0.00983089
-0.058582
-0.0633256
0.0430957
0.196885
0.241397
0.16765
0.0368741
-0.049592
-0.0493931
-0.0183792
0.00572532
0.00880599
0.00476576
0.00116636
-4.46013e-06
-2.23619e-05
-5.3951e-06
1.36009e-07
-1.2535e-07
-1.15992e-07
-3.11752e-08
1.64459e-09
1.62195e-09
2.91456e-10
-1.97271e-11
-6.82727e-12
-9.78381e-14
1.1809e-13
1.7088e-14
-1.61308e-15
-3.40807e-16
-5.77396e-17
-8.83541e-18
-9.40619e-19
7.7253e-20
1.11021e-19
5.06464e-20
-9.05027e-07
1.80233e-07
-3.05847e-07
-7.41597e-06
3.8823e-05
-0.000107625
3.0176e-05
0.000757017
-0.00170298
-0.00222573
0.00838777
0.0125661
-0.0143195
-0.0590959
-0.0553151
0.0240407
0.0980899
0.0859508
0.0127392
-0.0570107
-0.0674609
-0.0327953
0.00151023
0.0125328
0.00893459
0.00324903
0.000367777
-6.07736e-05
-1.431e-05
4.10741e-06
1.02528e-06
-2.74207e-07
-1.70114e-07
-2.29002e-08
4.66449e-09
1.75354e-09
4.45414e-11
-3.17515e-11
-6.39593e-12
3.67698e-13
1.18855e-13
-1.07544e-14
-3.06559e-15
-2.8823e-16
-2.74303e-17
-1.71186e-18
2.32735e-19
1.57208e-19
7.09991e-20
2.82842e-20
-2.59174e-06
2.74643e-06
-9.01126e-06
1.07437e-05
4.02241e-05
-0.000235926
0.000416131
0.000629137
-0.00294898
-0.00154074
0.0109484
0.0126041
-0.0146994
-0.049292
-0.0425636
-0.00395444
0.00959589
-0.0169305
-0.0611086
-0.0753577
-0.046263
-0.00679366
0.0143835
0.0127135
0.00599008
0.00114095
-0.00011921
-1.14024e-05
1.7161e-05
6.66285e-06
1.1565e-08
-5.32817e-07
-1.64951e-07
4.676e-09
4.7153e-09
6.6164e-10
-1.30421e-10
-3.64243e-11
1.37489e-12
6.01582e-13
-7.86367e-15
-2.40467e-14
-3.19004e-15
2.43625e-18
2.38822e-17
5.88084e-18
8.45159e-19
2.83505e-20
-2.18644e-20
-5.15967e-21
-8.19517e-08
7.20636e-06
-2.03333e-05
5.48252e-05
-3.13998e-05
-0.00030069
0.000876249
0.000296412
-0.00400969
-0.000902794
0.0116999
0.0125105
-0.00909729
-0.0296839
-0.027596
-0.0204739
-0.0307832
-0.0544154
-0.067581
-0.049126
-0.0131502
0.0126142
0.0153111
0.00837572
0.00194595
-0.000201213
-5.16192e-05
3.04342e-05
2.43255e-05
4.65256e-06
-1.1131e-06
-5.70291e-07
-5.0531e-08
1.58151e-08
4.64987e-09
-3.43697e-10
-1.58741e-10
-7.42444e-12
4.84712e-12
6.92639e-13
-1.39018e-13
-2.82323e-14
8.73889e-16
3.21235e-16
5.78934e-17
7.10904e-18
-1.64273e-20
-3.78033e-19
-1.57789e-19
-4.40149e-20
1.8247e-05
9.8337e-06
-2.13842e-05
0.000114287
-0.000190517
-0.000229846
0.00134366
-0.000145595
-0.00466223
-0.000972209
0.0104944
0.0123826
0.00190143
-0.00752408
-0.0115874
-0.020021
-0.0327235
-0.0433452
-0.035315
-0.0111527
0.0106705
0.0155387
0.00871873
0.00178599
-0.00063957
-0.00026325
6.63765e-05
8.51039e-05
2.47059e-05
-2.29826e-06
-1.68124e-06
-3.28233e-07
3.84909e-08
1.45936e-08
-8.57929e-10
-7.27973e-10
-1.21732e-10
2.29139e-11
5.59921e-12
-4.86303e-13
-1.67787e-13
2.46667e-15
3.19941e-15
4.37633e-16
3.69032e-17
-1.2742e-18
-2.26134e-18
-9.2505e-19
-2.9304e-19
-7.82736e-20
4.0549e-05
-9.41061e-06
4.1534e-06
0.000150496
-0.000390852
-6.95332e-05
0.00172813
-0.000504118
-0.00496381
-0.00176791
0.00780117
0.012997
0.0121171
0.0087839
0.00242381
-0.00560963
-0.0128728
-0.0117901
-0.00107321
0.0109316
0.0137374
0.00653829
-0.000181986
-0.00211063
-0.000934341
7.36029e-05
0.00020483
8.15304e-05
3.2529e-06
-4.08384e-06
-1.45225e-06
3.90338e-08
4.68327e-08
4.99409e-09
-2.95547e-09
-7.23332e-10
8.08934e-11
2.7537e-11
-8.38957e-13
-9.42471e-13
-1.17286e-13
2.54462e-14
4.13669e-15
4.12509e-17
-3.53745e-17
-1.43008e-17
-4.48375e-18
-1.31128e-18
-3.7327e-19
-9.96609e-20
-7.52138e-06
-8.1516e-05
4.77077e-05
0.000121904
-0.000577355
0.00018056
0.00191129
-0.00083709
-0.0050131
-0.0026022
0.00567469
0.0133449
0.0164104
0.0143615
0.00945113
0.00594057
0.00573427
0.00924129
0.0129019
0.0113607
0.00319502
-0.00357491
-0.00480273
-0.00232883
-0.000109675
0.000381445
0.000202759
2.78563e-05
-9.55925e-06
-3.86064e-06
-3.14608e-08
1.76685e-07
3.14555e-08
-1.03341e-08
-3.26854e-09
1.53833e-10
1.12527e-10
1.03504e-11
-5.55115e-12
-1.04377e-12
1.2438e-13
2.92452e-14
-5.86382e-16
-4.0446e-16
-9.3562e-17
-2.05109e-17
-4.8655e-18
-1.29723e-18
-3.77671e-19
-1.08752e-19
-0.00012061
-0.00015704
0.000122257
5.03753e-05
-0.000660987
0.000451757
0.00165262
-0.00140405
-0.00469295
-0.00212082
0.00536886
0.0122167
0.0134918
0.0103613
0.00790891
0.00813714
0.0102947
0.011463
0.00841947
0.000397574
-0.0065324
-0.007394
-0.00391131
-0.000458857
0.000607978
0.00036969
7.01159e-05
-2.02052e-05
-8.71861e-06
-4.01804e-07
5.75248e-07
1.3279e-07
-2.11202e-08
-8.0646e-09
3.54961e-10
5.24775e-10
7.18816e-11
-2.53142e-11
-6.12493e-12
4.63927e-13
1.57432e-13
1.29426e-15
-3.87903e-15
-6.25444e-16
-7.83316e-17
-1.29228e-17
-2.97824e-18
-9.66378e-19
-3.48516e-19
-1.1656e-19
-0.000126056
-7.20652e-05
0.000297098
1.66198e-05
-0.000583326
0.000543154
0.000668892
-0.00202363
-0.00242014
0.00137102
0.00642025
0.0081063
0.00529767
0.00156223
0.0009217
0.00306201
0.0053198
0.00436499
-0.000839784
-0.00645802
-0.00758095
-0.00432422
-0.000589848
0.000861014
0.000542553
0.00011084
-4.47269e-05
-2.21312e-05
-2.53329e-06
1.73553e-06
5.63641e-07
-1.8237e-08
-2.34186e-08
-1.91885e-09
2.10039e-09
5.04146e-10
-6.32118e-11
-2.26111e-11
1.131e-12
9.47647e-13
1.2831e-13
-2.66116e-14
-4.81178e-15
-1.26074e-16
9.73518e-18
2.66041e-18
-6.20698e-19
-7.36222e-19
-3.67093e-19
-1.36307e-19
0.00019648
0.00030271
0.000561026
7.68253e-06
-0.000540156
-0.000414494
-0.000787043
-0.000626131
0.00224418
0.00593392
0.0065202
0.0028093
-0.00206304
-0.00444567
-0.00398747
-0.00169404
0.00017728
-0.000558469
-0.00331257
-0.00445946
-0.00251815
9.53389e-05
0.00114012
0.000630348
6.18352e-05
-0.000119452
-5.59907e-05
-5.43465e-06
5.13973e-06
1.72861e-06
-3.52349e-08
-9.29206e-08
-1.3007e-08
6.4136e-09
1.92236e-09
-1.56158e-10
-6.73864e-11
2.21257e-12
5.4716e-12
9.65222e-13
-1.33465e-13
-2.79979e-14
1.06169e-15
4.27753e-16
8.08987e-17
1.01889e-17
-5.37503e-19
-1.01535e-18
-4.79956e-19
-1.69728e-19
0.000684551
0.000598387
0.000338412
-0.000901011
-0.00175478
-0.00172143
-0.000463138
0.00325143
0.00736625
0.00768409
0.0038534
-0.00124371
-0.00404634
-0.00445191
-0.00398754
-0.00244413
-0.000541034
7.71694e-05
0.000109734
0.00082127
0.00156406
0.00141667
0.000496839
-0.000173849
-0.000281583
-0.000118374
-6.48666e-06
1.27899e-05
4.32499e-06
-9.31563e-08
-3.21813e-07
-6.7063e-08
1.07686e-08
3.39209e-09
-5.65181e-10
-2.79788e-10
-1.19504e-11
2.20885e-11
5.02031e-12
-5.4168e-13
-1.44474e-13
6.12821e-15
4.05553e-15
6.13058e-16
5.94186e-17
-2.93591e-19
-3.58564e-18
-1.75172e-18
-6.36121e-19
-2.00085e-19
-0.00219812
-0.00232867
-0.00258202
-0.00295231
-0.00245458
-3.52313e-05
0.00392489
0.00796826
0.00839195
0.0047596
0.000116246
-0.00191268
-0.00133979
-0.00141347
-0.00232914
-0.00183896
0.000100724
0.00199168
0.00295379
0.00271801
0.00159883
0.00020418
-0.00053616
-0.000489032
-0.000190541
4.45603e-07
2.98376e-05
1.06379e-05
8.67445e-10
-9.74607e-07
-2.6914e-07
1.56807e-08
7.69884e-09
-6.90964e-10
-1.05362e-09
-1.54611e-10
4.89867e-11
1.04553e-11
-2.52336e-12
-7.24668e-13
-1.55849e-14
2.53782e-14
4.56126e-15
5.80023e-17
-4.64431e-17
-2.11922e-17
-7.42576e-18
-2.36603e-18
-7.08597e-19
-2.01696e-19
-0.00364412
-0.00309584
-0.00207057
1.35334e-05
0.00306668
0.00617032
0.00836142
0.00807739
0.00406278
-0.000411973
-0.00167972
0.000187883
0.00108844
-0.000573668
-0.00301928
-0.00326363
-0.00104867
0.00155192
0.00217675
0.0013158
-2.79845e-05
-0.000749564
-0.000593754
-0.000199774
3.6066e-05
5.90404e-05
1.98234e-05
-9.59941e-07
-2.38338e-06
-5.73146e-07
8.92255e-08
3.78813e-08
1.26514e-09
-3.30819e-09
-7.52002e-10
8.9875e-11
1.57989e-11
-8.54169e-12
-3.08179e-12
-1.44244e-13
1.27261e-13
2.35669e-14
-2.03185e-15
-5.34519e-16
-1.26658e-16
-3.21259e-17
-8.38128e-18
-2.23245e-18
-5.99559e-19
-1.60969e-19
0.00580263
0.00635923
0.00723809
0.00817564
0.00855482
0.00788671
0.00539328
0.00155314
-0.00176287
-0.00254815
-0.000613364
0.00125861
0.000246634
-0.00436443
-0.00777649
-0.00735782
-0.00408014
-0.000781044
0.000258573
-9.21857e-05
-0.000520872
-0.000385515
-6.64877e-05
0.000111989
8.79145e-05
2.28524e-05
-6.2216e-06
-5.06717e-06
-1.00935e-06
2.92626e-07
1.31112e-07
1.33425e-08
-6.61781e-09
-1.27899e-09
4.38116e-10
9.70098e-11
-1.64254e-11
-8.71642e-12
-4.5031e-13
5.01749e-13
7.70324e-14
-1.54033e-14
-3.76544e-15
-5.41906e-16
-1.05327e-16
-2.313e-17
-5.32646e-18
-1.30261e-18
-3.3623e-19
-9.04061e-20
0.00512453
0.00526829
0.00510836
0.00433744
0.00299593
0.00091956
-0.00126835
-0.0024659
-0.00194685
-0.000106951
0.00037165
-0.00266865
-0.00812067
-0.0130423
-0.0142693
-0.0112913
-0.00618846
-0.00200248
-0.00028074
-7.72924e-05
6.01359e-05
0.000188308
0.00020675
0.000106837
1.00677e-05
-1.84424e-05
-9.96834e-06
-1.54505e-06
7.16542e-07
3.08338e-07
3.27499e-08
-1.61943e-08
-1.80643e-09
1.66807e-09
5.50714e-10
2.48183e-11
-7.78946e-12
7.08237e-13
1.82426e-12
2.98525e-13
-4.36168e-14
-1.25543e-14
-1.66078e-15
-1.75484e-16
-2.60499e-17
-3.89237e-18
-6.32254e-19
-1.50393e-19
-5.31149e-20
-2.06936e-20
0.000918739
0.000771794
0.000356362
-0.000328923
-0.000928502
-0.00165612
-0.00169223
-0.000487447
0.0019779
0.00167969
-0.0057318
-0.0169364
-0.0247529
-0.0260072
-0.0214886
-0.0138925
-0.00659532
-0.00179632
0.000127007
0.000394284
0.000364113
0.000233311
7.16901e-05
-2.38842e-05
-3.66742e-05
-1.57184e-05
-8.16986e-07
1.99541e-06
7.20062e-07
2.34722e-08
-5.60382e-08
-1.15929e-08
3.42138e-09
1.71089e-09
2.49127e-10
-2.41858e-11
4.89163e-12
5.39386e-12
9.65519e-13
-1.43968e-13
-3.65267e-14
-2.13353e-15
6.52371e-16
1.61088e-16
3.91688e-17
9.96361e-18
2.47837e-18
5.76646e-19
1.21039e-19
2.21969e-20
-0.000600741
-0.000688325
-0.000870375
-0.000859906
-0.000738693
-0.00056222
-0.000324405
0.00206342
0.00407092
-0.00523024
-0.025995
-0.0453277
-0.0511999
-0.0434949
-0.029087
-0.0153689
-0.00602314
-0.00116486
0.000303627
0.000312139
0.000157667
-1.40556e-06
-6.67378e-05
-4.78068e-05
-1.42535e-05
2.87249e-06
3.96712e-06
1.19519e-06
-9.94972e-08
-1.37547e-07
-2.58114e-08
7.30646e-09
3.04091e-09
1.1858e-12
-2.69381e-10
-4.22528e-11
4.88543e-12
8.9775e-13
-5.50771e-13
-1.57952e-13
-8.20212e-15
3.5609e-15
9.31691e-16
1.81654e-16
4.33861e-17
1.11523e-17
2.84126e-18
6.89733e-19
1.56285e-19
3.33329e-20
-0.000128671
-9.73527e-05
-0.000117305
0.00012081
0.000287551
0.000501039
-0.000157154
0.0037101
-0.00414874
-0.0309209
-0.0678028
-0.0895184
-0.0852163
-0.0616521
-0.0347945
-0.0155184
-0.004935
-0.000630437
7.8344e-05
3.8808e-05
-4.20813e-05
-6.72708e-05
-3.72336e-05
-3.05432e-06
9.24974e-06
5.51182e-06
1.04509e-06
-4.45674e-07
-2.56461e-07
-4.60628e-08
1.05188e-08
1.88001e-09
-1.35766e-09
-9.68437e-10
-2.41053e-10
-5.76061e-12
-3.39822e-13
-1.1369e-12
-4.16674e-13
-4.76981e-14
6.08847e-15
8.98345e-16
1.23164e-16
4.82617e-17
1.80945e-17
5.93097e-18
1.73296e-18
4.58731e-19
1.11057e-19
2.53776e-20
8.74234e-05
0.000146441
-4.86379e-05
0.000858177
0.000380665
0.00102553
-0.00616781
-0.0224407
-0.0473716
-0.0901603
-0.133407
-0.142544
-0.116697
-0.073042
-0.0357666
-0.0132579
-0.00329567
-0.000184738
-1.7456e-05
-2.88125e-05
-2.62059e-05
-2.00874e-06
1.43948e-05
1.38267e-05
5.61114e-06
-2.61931e-08
-1.12502e-06
-4.45749e-07
-2.05228e-08
4.51113e-08
1.28715e-08
-5.67513e-10
-1.19801e-09
-3.02406e-10
3.32761e-11
1.62061e-11
3.41823e-12
1.72305e-13
4.44598e-14
1.97616e-14
1.00467e-16
-3.92791e-16
-8.44471e-17
-7.0704e-18
2.81597e-18
1.8571e-18
6.99868e-19
2.11761e-19
5.57464e-20
1.36037e-20
-1.18155e-05
4.93453e-05
-0.00116486
0.00291514
-0.011934
-0.0686703
-0.120558
-0.142643
-0.157515
-0.187271
-0.207361
-0.188536
-0.133554
-0.0738414
-0.0307769
-0.00944568
-0.0016728
3.91167e-05
2.74286e-05
2.07995e-05
2.25028e-05
2.01702e-05
1.16646e-05
2.16568e-06
-1.84634e-06
-1.47257e-06
-4.22575e-07
5.88584e-08
7.67113e-08
2.06382e-08
-1.69385e-09
-1.26486e-09
-1.23581e-11
2.61498e-10
9.3293e-11
1.26991e-11
-4.57253e-13
1.42607e-13
8.33805e-14
9.28768e-15
-4.36576e-16
-1.43265e-16
-4.04284e-17
-7.7897e-18
-4.61255e-19
3.84287e-19
2.18154e-19
7.71182e-20
2.20205e-20
5.67323e-21
-0.00746116
-0.0315268
-0.0717199
-0.141994
-0.267196
-0.409658
-0.454487
-0.400626
-0.331573
-0.296228
-0.266206
-0.206557
-0.128822
-0.0619218
-0.0224179
-0.00585052
-0.000675833
2.16164e-05
2.36035e-05
2.02134e-05
1.19516e-05
3.34276e-06
-1.87319e-06
-2.7239e-06
-1.29651e-06
-9.40697e-08
2.08257e-07
9.34107e-08
7.85696e-09
-8.44999e-09
-2.71841e-09
-1.10743e-10
1.53586e-10
2.52288e-11
-8.92089e-12
-2.42154e-12
2.91482e-13
6.0453e-14
-4.98416e-14
-1.22281e-14
-6.37101e-16
-7.41551e-17
-1.74413e-17
-3.19758e-18
-2.33776e-19
1.22039e-19
7.38893e-20
2.64275e-20
7.56581e-21
1.95657e-21
-0.506687
-0.630482
-0.720899
-0.811394
-0.989418
-1.0951
-0.984366
-0.72421
-0.497241
-0.37007
-0.285648
-0.196002
-0.108309
-0.0464512
-0.0150801
-0.0035264
-0.000338696
8.56385e-06
7.79537e-06
3.90755e-06
-1.82476e-07
-2.18624e-06
-1.71039e-06
-5.48196e-07
1.26883e-07
1.98173e-07
6.8018e-08
-2.34228e-09
-9.36918e-09
-2.6814e-09
-1.43685e-10
8.0705e-12
-9.0462e-11
-5.61368e-11
-9.98267e-12
1.11471e-12
1.14683e-13
-1.55496e-13
-4.62941e-14
-1.59683e-15
3.14387e-17
4.71461e-18
5.56375e-19
2.14172e-19
1.47844e-19
7.24913e-20
2.6908e-20
8.24188e-21
2.19108e-21
5.43661e-22
)
;

boundaryField
{
    movingWall
    {
        type            zeroGradient;
    }
    fixedWalls
    {
        type            zeroGradient;
    }
    frontAndBack
    {
        type            empty;
    }
}

