/*--------------------------------*- C++ -*----------------------------------*\
| =========                 |                                                 |
| \\      /  F ield         | OpenFOAM: The Open Source CFD Toolbox           |
|  \\    /   O peration     | Version:  v2006                                 |
|   \\  /    A nd           | Website:  www.openfoam.com                      |
|    \\/     M anipulation  |                                                 |
\*---------------------------------------------------------------------------*/
FoamFile
{
    version     2.0;
    format      ascii;
    class       volScalarField;
    location    "0";
    object      f;
}
// * * * * * * * * * * * * * * * * * * * * * * * * * * * * * * * * * * * * * //

dimensions      [0 0 0 0 0 0 0];


internalField   nonuniform List<scalar> 
2500
(
-5.87946e-102
1.0369e-83
-2.06835e-74
1.96003e-67
9.40887e-63
2.25429e-59
1.19999e-56
1.2637e-54
2.18117e-53
1.84416e-52
8.50504e-52
2.47466e-51
5.15743e-51
8.39136e-51
1.11744e-50
1.24522e-50
1.17728e-50
9.56721e-51
6.76109e-51
4.18846e-51
2.28452e-51
1.09986e-51
4.68594e-52
1.773e-52
5.98518e-53
1.81235e-53
4.95117e-54
1.22749e-54
2.77743e-55
5.76693e-56
1.10441e-56
1.95998e-57
3.23749e-58
4.99738e-59
7.23537e-60
9.85915e-61
1.26834e-61
1.5449e-62
1.78642e-63
1.96587e-64
2.06347e-65
2.07026e-66
1.98923e-67
1.83387e-68
1.62483e-69
1.38579e-70
1.13939e-71
9.04364e-73
6.9386e-74
4.03243e-75
-2.84015e-99
1.66664e-81
-1.88978e-72
1.24447e-65
4.60815e-61
9.00591e-58
4.03639e-55
3.68599e-53
5.68314e-52
4.37901e-51
1.86155e-50
5.03002e-50
9.79425e-50
1.49736e-49
1.88399e-49
1.9938e-49
1.79814e-49
1.39925e-49
9.49984e-50
5.66982e-50
2.98655e-50
1.39146e-50
5.74734e-51
2.11156e-51
6.93126e-52
2.04351e-52
5.44201e-53
1.31662e-53
2.91015e-54
5.90823e-55
1.1073e-55
1.9247e-56
3.11622e-57
4.71828e-58
6.70524e-59
8.97384e-60
1.13453e-60
1.35883e-61
1.54583e-62
1.67439e-63
1.73072e-64
1.71069e-65
1.62006e-66
1.47259e-67
1.28693e-68
1.08299e-69
8.78881e-71
6.88757e-72
5.21905e-73
3.0668e-74
-1.29081e-96
2.53141e-79
-1.6335e-70
7.49942e-64
2.14999e-59
3.44294e-56
1.30507e-53
1.03833e-51
1.43748e-50
1.0147e-49
3.99596e-49
1.00743e-48
1.84093e-48
2.65588e-48
3.17046e-48
3.1992e-48
2.76299e-48
2.06654e-48
1.3528e-48
7.80586e-49
3.98425e-49
1.80224e-49
7.23931e-50
2.59035e-50
8.29206e-51
2.38694e-51
6.21315e-52
1.47075e-52
3.18369e-53
6.33556e-54
1.16482e-54
1.9877e-55
3.16168e-56
4.70611e-57
6.57887e-58
8.66615e-59
1.07898e-59
1.2733e-60
1.42793e-61
1.52539e-62
1.55565e-63
1.51773e-64
1.41924e-65
1.27428e-66
1.10039e-67
9.15301e-69
7.34429e-70
5.69235e-71
4.2672e-72
2.52874e-73
-5.73587e-94
3.76007e-77
-1.37896e-68
4.41193e-62
9.78542e-58
1.28408e-54
4.1167e-52
2.8541e-50
3.55006e-49
2.29756e-48
8.38773e-48
1.97417e-47
3.38717e-47
4.61327e-47
5.22708e-47
5.03124e-47
4.16277e-47
2.99378e-47
1.89037e-47
1.05495e-47
5.21953e-48
2.29295e-48
8.95948e-49
3.12295e-49
9.75089e-50
2.74096e-50
6.97455e-51
1.61553e-51
3.42515e-52
6.68155e-53
1.20515e-53
2.01905e-54
3.15524e-55
4.61719e-56
6.34942e-57
8.23239e-58
1.0094e-58
1.17369e-59
1.29751e-60
1.36697e-61
1.37547e-62
1.32455e-63
1.22301e-64
1.08466e-65
9.25495e-67
7.6091e-68
6.0366e-69
4.62735e-70
3.43164e-71
2.04703e-72
-2.48989e-91
5.45709e-75
-1.13583e-66
2.53167e-60
4.34038e-56
4.66754e-53
1.26565e-50
7.64776e-49
8.55221e-48
5.07893e-47
1.72017e-46
3.78201e-46
6.09562e-46
7.84111e-46
8.43623e-46
7.74898e-46
6.14481e-46
4.25111e-46
2.59029e-46
1.39864e-46
6.71021e-47
2.86375e-47
1.08879e-47
3.69784e-48
1.12638e-48
3.09237e-49
7.69319e-50
1.74392e-50
3.62159e-51
6.92583e-52
1.2256e-52
2.01601e-53
3.09536e-54
4.45319e-55
6.02429e-56
7.68816e-57
9.28363e-58
1.06361e-58
1.1591e-59
1.20433e-60
1.19563e-61
1.13644e-62
1.0361e-63
9.07648e-65
7.65234e-66
6.21854e-67
4.87769e-68
3.69782e-69
2.71285e-70
1.62631e-71
-1.05488e-88
7.73118e-73
-9.11958e-65
1.41566e-58
1.87423e-54
1.65181e-51
3.78852e-49
1.99565e-47
2.00769e-46
1.09507e-45
3.44355e-45
7.07681e-45
1.07201e-44
1.30299e-44
1.33175e-44
1.16787e-44
8.87995e-45
5.9123e-45
3.47787e-45
1.8177e-45
8.45965e-46
3.5086e-46
1.29834e-46
4.29753e-47
1.27732e-47
3.42552e-48
8.33297e-49
1.84879e-49
3.76107e-50
7.05165e-51
1.22437e-51
1.97748e-52
2.98321e-53
4.21961e-54
5.61558e-55
7.05416e-56
8.38889e-57
9.47004e-58
1.01736e-58
1.0425e-59
1.02114e-60
9.58002e-62
8.62414e-63
7.4624e-64
6.21653e-65
4.99314e-66
3.87223e-67
2.90321e-68
2.10699e-69
1.26757e-70
-4.35759e-86
1.06809e-70
-7.12996e-63
7.70663e-57
7.86991e-53
5.68485e-50
1.1029e-47
5.06568e-46
4.58799e-45
2.30056e-44
6.72234e-44
1.29216e-43
1.84064e-43
2.11494e-43
2.05443e-43
1.72084e-43
1.25521e-43
8.04678e-44
4.57189e-44
2.31393e-44
1.04509e-44
4.21379e-45
1.51812e-45
4.89856e-46
1.42097e-46
3.7231e-47
8.85725e-48
1.92355e-48
3.83372e-49
7.04762e-50
1.2007e-50
1.90422e-51
2.82266e-52
3.92547e-53
5.13945e-54
6.35493e-55
7.4429e-56
8.27896e-57
8.76774e-58
8.86074e-59
8.5633e-60
7.92963e-61
7.04847e-62
6.02426e-63
4.95866e-64
3.93656e-65
3.0183e-66
2.23801e-67
1.60674e-68
9.68793e-70
-1.75327e-83
1.4374e-68
-5.42204e-61
4.08008e-55
3.20954e-51
1.90037e-48
3.11879e-46
1.24934e-44
1.01942e-43
4.70403e-43
1.27838e-42
2.29992e-42
3.08242e-42
3.34981e-42
3.09411e-42
2.47673e-42
1.73394e-42
1.07083e-42
5.87929e-43
2.88293e-43
1.26415e-43
4.95696e-44
1.73925e-44
5.47235e-45
1.5496e-45
3.96744e-46
9.23182e-47
1.96275e-47
3.83279e-48
6.90901e-49
1.15507e-49
1.79886e-50
2.62018e-51
3.58284e-52
4.61496e-53
5.61718e-54
6.47934e-55
7.10165e-56
7.41423e-57
7.38981e-58
7.04643e-59
6.44042e-60
5.65263e-61
4.77205e-62
3.8811e-63
3.04533e-64
2.30853e-65
1.69284e-66
1.20225e-67
7.25715e-69
-6.86314e-81
1.88208e-66
-4.00572e-59
2.09843e-53
1.26961e-49
6.16244e-47
8.55581e-45
2.98988e-43
2.19961e-42
9.35061e-42
2.36555e-41
3.98608e-41
5.02919e-41
5.17183e-41
4.54466e-41
3.4783e-41
2.33849e-41
1.39199e-41
7.3894e-42
3.5123e-42
1.49595e-42
5.70696e-43
1.95079e-43
5.98673e-44
1.65524e-44
4.14194e-45
9.42825e-46
1.96261e-46
3.75548e-47
6.63869e-48
1.08921e-48
1.66583e-49
2.3844e-50
3.20595e-51
4.06285e-52
4.86799e-53
5.53038e-54
5.97292e-55
6.14748e-56
6.04304e-57
5.68539e-58
5.12912e-59
4.44504e-60
3.70661e-61
2.97864e-62
2.31006e-63
1.73133e-64
1.25556e-65
8.82086e-67
5.32514e-68
-2.61063e-78
2.39463e-64
-2.87131e-57
1.04722e-51
4.86452e-48
1.93575e-45
2.2738e-43
6.93361e-42
4.60272e-41
1.80464e-40
4.25411e-40
6.71898e-40
7.98509e-40
7.77451e-40
6.50289e-40
4.76145e-40
3.07589e-40
1.7658e-40
9.06837e-41
4.18044e-41
1.7303e-41
6.42484e-42
2.14032e-42
6.40842e-43
1.73042e-43
4.23282e-44
9.42704e-45
1.92159e-45
3.60347e-46
6.24733e-47
1.00598e-47
1.51102e-48
2.12549e-49
2.81021e-50
3.504e-51
4.13302e-52
4.62466e-53
4.92183e-54
4.99401e-55
4.8418e-56
4.49456e-57
4.00233e-58
3.42489e-59
2.82098e-60
2.23992e-61
1.71699e-62
1.27227e-63
9.12462e-65
6.34135e-66
3.82526e-67
-9.63716e-76
2.95654e-62
-1.99413e-55
5.06468e-50
1.80254e-46
5.88124e-44
5.84526e-42
1.55578e-40
9.32663e-40
3.37696e-39
7.42537e-39
1.10008e-38
1.23223e-38
1.1365e-38
9.05372e-39
6.34583e-39
3.94141e-39
2.18356e-39
1.08552e-39
4.85619e-40
1.95432e-40
7.06618e-41
2.29495e-41
6.70609e-42
1.76891e-42
4.23064e-43
9.22024e-44
1.84064e-44
3.38305e-45
5.75282e-46
9.09242e-47
1.34138e-47
1.85442e-48
2.41109e-49
2.95807e-50
3.43491e-51
3.78572e-52
3.97031e-53
3.97165e-54
3.79785e-55
3.47859e-56
3.05759e-57
2.58357e-58
2.10199e-59
1.64916e-60
1.24947e-61
9.15374e-63
6.49252e-64
4.4635e-65
2.68821e-66
-3.44767e-73
3.53689e-60
-1.33981e-53
2.37064e-48
6.44892e-45
1.7254e-42
1.45111e-40
3.37223e-39
1.82719e-38
6.11781e-38
1.25615e-37
1.74707e-37
1.84559e-37
1.61344e-37
1.2249e-37
8.22374e-38
4.91424e-38
2.6291e-38
1.26607e-38
5.49988e-39
2.15327e-39
7.58477e-40
2.40255e-40
6.8538e-41
1.76651e-41
4.1317e-42
8.81314e-43
1.72331e-43
3.10479e-44
5.17903e-45
8.03505e-46
1.16436e-46
1.58212e-47
2.02299e-48
2.44221e-49
2.79198e-50
3.03099e-51
3.1326e-52
3.08951e-53
2.91393e-54
2.63354e-55
2.28495e-56
1.90649e-57
1.53217e-58
1.1878e-59
8.895e-61
6.4429e-62
4.51939e-63
3.07355e-64
1.84682e-65
-1.19349e-70
4.09301e-58
-8.69437e-52
1.07241e-46
2.2236e-43
4.87902e-41
3.47272e-39
7.04847e-38
3.45491e-37
1.07127e-36
2.0564e-36
2.6872e-36
2.67899e-36
2.22123e-36
1.60809e-36
1.03489e-36
5.95416e-37
3.07843e-37
1.43706e-37
6.06607e-38
2.31185e-38
7.93741e-39
2.45319e-39
6.83434e-40
1.72166e-40
3.93883e-41
8.22456e-42
1.57549e-42
2.78272e-43
4.55383e-44
6.93584e-45
9.87325e-46
1.31868e-46
1.65834e-47
1.97006e-48
2.21745e-49
2.3713e-50
2.41529e-51
2.34861e-52
2.18493e-53
1.94853e-54
1.66885e-55
1.375e-56
1.09156e-57
8.36176e-59
6.18936e-60
4.43253e-61
3.07496e-62
2.06873e-63
1.23938e-64
-3.99123e-68
4.57376e-56
-5.4395e-50
4.68129e-45
7.37455e-42
1.3272e-39
7.99575e-38
1.41789e-36
6.293e-36
1.80992e-35
3.25223e-35
3.99651e-35
3.76266e-35
2.96077e-35
2.0455e-35
1.26278e-35
7.0006e-36
3.50069e-36
1.5854e-36
6.50778e-37
2.41588e-37
8.0892e-38
2.44045e-38
6.64196e-39
1.63581e-39
3.66152e-40
7.48568e-41
1.40498e-41
2.43316e-42
3.90677e-43
5.84207e-44
8.17011e-45
1.07267e-45
1.32682e-46
1.55119e-47
1.71914e-48
1.81104e-49
1.818e-50
1.74305e-51
1.59953e-52
1.40763e-53
1.19011e-54
9.68305e-56
7.59357e-57
5.74803e-58
4.20555e-59
2.97789e-60
2.04313e-61
1.35979e-62
8.1178e-64
-1.28712e-65
4.92562e-54
-3.27457e-48
1.96864e-43
2.34738e-40
3.4655e-38
1.76741e-36
2.73926e-35
1.10188e-34
2.94469e-34
4.95977e-34
5.73683e-34
5.10437e-34
3.81449e-34
2.51675e-34
1.49167e-34
7.97523e-35
3.86062e-35
1.69771e-35
6.78221e-36
2.4542e-36
8.01868e-37
2.36255e-37
6.28387e-38
1.51348e-38
3.31526e-39
6.63739e-40
1.22081e-40
2.07325e-41
3.26657e-42
4.79639e-43
6.59049e-44
8.50661e-45
1.03502e-45
1.19091e-46
1.29964e-47
1.34881e-48
1.33452e-49
1.26165e-50
1.14209e-51
9.91839e-53
8.27836e-54
6.65164e-55
5.15305e-56
3.85458e-57
2.78772e-58
1.95176e-59
1.32441e-60
8.72005e-62
5.18476e-63
-3.99487e-63
5.10116e-52
-1.89272e-46
7.96106e-42
7.15422e-39
8.66521e-37
3.74175e-35
5.0705e-34
1.8504e-33
4.60369e-33
7.27895e-33
7.93263e-33
6.67527e-33
4.74099e-33
2.98982e-33
1.70288e-33
8.78884e-34
4.12256e-34
1.76204e-34
6.85679e-35
2.4204e-35
7.72169e-36
2.2229e-36
5.78031e-37
1.36191e-37
2.92017e-38
5.72648e-39
1.03234e-39
1.71947e-40
2.65881e-41
3.83383e-42
5.17635e-43
6.56906e-44
7.8628e-45
8.90477e-46
9.56975e-47
9.78514e-48
9.54294e-49
8.89653e-50
7.94476e-51
6.80914e-52
5.61078e-53
4.45232e-54
3.40755e-55
2.5189e-56
1.80081e-57
1.24667e-58
8.36704e-60
5.45007e-61
3.22591e-62
-1.19078e-60
5.06824e-50
-1.04789e-44
3.0897e-40
2.08222e-37
2.06933e-35
7.56719e-34
8.96945e-33
2.97258e-32
6.89977e-32
1.02573e-31
1.05432e-31
8.39751e-32
5.67286e-32
3.42255e-32
1.87516e-32
9.35245e-33
4.25555e-33
1.76974e-33
6.71488e-34
2.31415e-34
7.21336e-35
2.03001e-35
5.16289e-36
1.19036e-36
2.49901e-37
4.80108e-38
8.48469e-39
1.38627e-39
2.10402e-40
2.97971e-41
3.95369e-42
4.93366e-43
5.8099e-44
6.4769e-45
6.85513e-46
6.9065e-47
6.63963e-48
6.10433e-49
5.3781e-50
4.54922e-51
3.70102e-52
2.90059e-53
2.19324e-54
1.60226e-55
1.13238e-56
7.75181e-58
5.14591e-59
3.3162e-60
1.95324e-61
-3.40083e-58
4.81805e-48
-5.54216e-43
1.14824e-38
5.77032e-36
4.70585e-34
1.45763e-32
1.51188e-31
4.55501e-31
9.88741e-31
1.38444e-30
1.34366e-30
1.01382e-30
6.5199e-31
3.76708e-31
1.98763e-31
9.5914e-32
4.23873e-32
1.71717e-32
6.35964e-33
2.14171e-33
6.52736e-34
1.79675e-34
4.47129e-35
1.00913e-35
2.07484e-36
3.90612e-37
6.76844e-38
1.08495e-38
1.61655e-39
2.2488e-40
2.93272e-41
3.59894e-42
4.1701e-43
4.57661e-44
4.77095e-45
4.73655e-46
4.48908e-47
4.07045e-48
3.53833e-49
2.95417e-50
2.37303e-51
1.83696e-52
1.37236e-53
9.90869e-55
6.92317e-56
4.68664e-57
3.07738e-58
1.96213e-59
1.14959e-60
-9.28196e-56
4.36937e-46
-2.79166e-41
4.07595e-37
1.51761e-34
1.01571e-32
2.66559e-31
2.42043e-30
6.63649e-30
1.35074e-29
1.78483e-29
1.6376e-29
1.17157e-29
7.17933e-30
3.97707e-30
2.02346e-30
9.45979e-31
4.06588e-31
1.60669e-31
5.81513e-32
1.91553e-32
5.71248e-33
1.53893e-33
3.74888e-34
8.28513e-35
1.6688e-35
3.07932e-36
5.23276e-37
8.23077e-38
1.2041e-38
1.64561e-39
2.10959e-40
2.54622e-41
2.90332e-42
3.13719e-43
3.22152e-44
3.15196e-45
2.94528e-46
2.63418e-47
2.25946e-48
1.86212e-49
1.47704e-50
1.12941e-51
8.33726e-53
5.9498e-54
4.11004e-55
2.75153e-56
1.78722e-57
1.1275e-58
6.56895e-60
-2.41408e-53
3.76743e-44
-1.33459e-39
1.37798e-35
3.77408e-33
2.07304e-31
4.6107e-30
3.66689e-29
9.16008e-29
1.75335e-28
2.19108e-28
1.90294e-28
1.29209e-28
7.55275e-29
4.01667e-29
1.97347e-29
8.95196e-30
3.74786e-30
1.44682e-30
5.12412e-31
1.65277e-31
4.82678e-32
1.27338e-32
3.03794e-33
6.57678e-34
1.29811e-34
2.34833e-35
3.91435e-36
6.04281e-37
8.68127e-38
1.16578e-38
1.46929e-39
1.74446e-40
1.9577e-41
2.08304e-42
2.10733e-43
2.0322e-44
1.87247e-45
1.65201e-46
1.39836e-47
1.13771e-48
8.91202e-50
6.73189e-51
4.91072e-52
3.46409e-53
2.36603e-54
1.56657e-55
1.00662e-56
6.28378e-58
3.6395e-59
-5.964e-51
3.0768e-42
-6.0302e-38
4.42189e-34
8.8377e-32
3.98394e-30
7.5119e-29
5.23498e-28
1.19282e-27
2.15447e-27
2.55235e-27
2.10124e-27
1.35554e-27
7.56715e-28
3.86922e-28
1.83885e-28
8.10753e-29
3.31218e-29
1.25121e-29
4.34262e-30
1.37312e-30
3.93041e-31
1.01606e-31
2.37511e-32
5.03867e-33
9.74853e-34
1.72938e-34
2.82822e-35
4.28599e-36
6.0478e-37
7.98144e-38
9.89149e-39
1.15543e-39
1.27638e-40
1.33753e-41
1.33326e-42
1.26742e-43
1.15167e-44
1.00245e-45
8.37469e-47
6.72723e-48
5.20461e-49
3.88414e-50
2.80016e-51
1.95268e-52
1.31882e-53
8.63682e-55
5.49053e-56
3.39169e-57
1.95241e-58
-1.39462e-48
2.36971e-40
-2.56199e-36
1.34143e-32
1.93948e-30
7.17433e-29
1.14724e-27
7.0091e-27
1.45848e-26
2.49527e-26
2.81006e-26
2.19635e-26
1.34775e-26
7.19486e-27
3.54322e-27
1.632e-27
7.0078e-28
2.79929e-28
1.03678e-28
3.53207e-29
1.0962e-29
3.07823e-30
7.80273e-31
1.78801e-31
3.71845e-32
7.05413e-33
1.22748e-33
1.96999e-34
2.93126e-35
4.06343e-36
5.27121e-37
6.42486e-38
7.385e-39
8.0319e-40
8.29057e-41
8.14414e-42
7.63295e-43
6.84107e-44
5.87562e-45
4.84531e-46
3.8433e-47
2.93707e-48
2.1658e-49
1.54324e-50
1.06398e-51
7.10646e-53
4.60362e-54
2.89563e-55
1.77022e-56
1.01257e-57
-3.07447e-46
1.71258e-38
-1.01651e-34
3.82824e-31
3.96717e-29
1.20387e-27
1.63329e-26
8.75236e-26
1.66529e-25
2.71045e-25
2.91077e-25
2.16373e-25
1.26459e-25
6.46588e-26
3.07311e-26
1.37492e-26
5.76319e-27
2.25625e-27
8.21111e-28
2.75077e-28
8.39086e-29
2.31372e-29
5.75461e-30
1.29333e-30
2.63773e-31
4.90804e-32
8.37957e-33
1.32009e-33
1.92908e-34
2.62773e-35
3.35141e-36
4.01834e-37
4.54599e-38
4.86871e-39
4.95117e-40
4.794e-41
4.43063e-42
3.91738e-43
3.32043e-44
2.70329e-45
2.11765e-46
1.59877e-47
1.16505e-48
8.2062e-50
5.59427e-51
3.69556e-52
2.36837e-53
1.47407e-54
8.91923e-56
5.06866e-57
-6.36103e-44
1.1545e-36
-3.72902e-33
1.02163e-29
7.51575e-28
1.87009e-26
2.15358e-25
1.01269e-24
1.7642e-24
2.7452e-24
2.82183e-24
1.99894e-24
1.11434e-24
5.46714e-25
2.51387e-25
1.0954e-25
4.49427e-26
1.72914e-26
6.19887e-27
2.0462e-27
6.14358e-28
1.66514e-28
4.06643e-29
8.96799e-30
1.79437e-30
3.27588e-31
5.4892e-32
8.49071e-33
1.21888e-33
1.63189e-34
2.04679e-35
2.4147e-36
2.68932e-37
2.8369e-38
2.84291e-39
2.7138e-40
2.47374e-41
2.1581e-42
1.8056e-43
1.45153e-44
1.12316e-45
8.37851e-47
6.03461e-48
4.20234e-49
2.83305e-50
1.85124e-51
1.17384e-52
7.23025e-54
4.33044e-55
2.44458e-56
-1.22884e-41
7.20789e-35
-1.2442e-31
2.53042e-28
1.30895e-26
2.66853e-25
2.6098e-24
1.07734e-23
1.72095e-23
2.57456e-23
2.54458e-23
1.72172e-23
9.17025e-24
4.32652e-24
1.93037e-24
8.21813e-25
3.31089e-25
1.25592e-25
4.44802e-26
1.44996e-26
4.29157e-27
1.14449e-27
2.74618e-28
5.94582e-29
1.1676e-29
2.09215e-30
3.44173e-31
5.22869e-32
7.37569e-33
9.70858e-34
1.19783e-34
1.39084e-35
1.52536e-36
1.58528e-37
1.56589e-38
1.47403e-39
1.32555e-40
1.1413e-41
9.42749e-43
7.48513e-44
5.72209e-45
4.21845e-46
3.00355e-47
2.06821e-48
1.37907e-49
8.9152e-51
5.59388e-52
3.41028e-53
2.02205e-54
1.13376e-55
-2.20347e-39
4.12939e-33
-3.65847e-30
5.76211e-27
2.07717e-25
3.46582e-24
2.8801e-23
1.04402e-22
1.53173e-22
2.21708e-22
2.119e-22
1.37321e-22
7.00165e-23
3.18515e-23
1.38397e-23
5.77846e-24
2.29469e-24
8.61469e-25
3.02426e-25
9.75946e-26
2.85217e-26
7.49167e-27
1.76741e-27
3.75864e-28
7.24683e-29
1.27491e-29
2.05972e-30
3.07429e-31
4.26274e-32
5.5183e-33
6.69952e-34
7.65863e-35
8.27367e-36
8.47415e-37
8.25314e-38
7.66337e-39
6.80056e-40
5.78026e-41
4.71521e-42
3.69833e-43
2.79383e-44
2.03594e-45
1.43328e-46
9.76094e-48
6.43859e-49
4.11854e-50
2.55758e-51
1.54348e-52
9.06119e-54
5.04592e-55
-3.64185e-37
2.14201e-31
-8.79267e-29
1.1918e-25
2.971e-24
4.05213e-23
2.8625e-22
9.11136e-22
1.2301e-21
1.735e-21
1.61581e-21
1.00617e-21
4.92203e-22
2.16608e-22
9.20736e-23
3.78767e-23
1.48943e-23
5.55925e-24
1.94194e-24
6.22045e-25
1.79792e-25
4.65595e-26
1.08064e-26
2.25832e-27
4.27664e-28
7.38967e-29
1.17287e-29
1.72054e-30
2.34586e-31
2.98774e-32
3.5706e-33
4.02011e-34
4.27952e-35
4.32128e-36
4.151e-37
3.80325e-38
3.3316e-39
2.79633e-40
2.25332e-41
1.74642e-42
1.30405e-43
9.39573e-45
6.54161e-46
4.40693e-47
2.87627e-48
1.82084e-49
1.11928e-50
6.68769e-52
3.88785e-53
2.15016e-54
-5.50004e-35
9.82143e-30
-1.30111e-27
2.20423e-24
3.77856e-23
4.21082e-22
2.52879e-21
7.05941e-21
8.79057e-21
1.21778e-20
1.11707e-20
6.70995e-21
3.15705e-21
1.34956e-21
5.64418e-22
2.30064e-22
9.00907e-23
3.36156e-23
1.17357e-23
3.74198e-24
1.0714e-24
2.73788e-25
6.25531e-26
1.28511e-26
2.39124e-27
4.05975e-28
6.33278e-29
9.13407e-30
1.22512e-30
1.5358e-31
1.80751e-32
2.00519e-33
2.10431e-34
2.09571e-35
1.98638e-36
1.79653e-37
1.55406e-38
1.28851e-39
1.02601e-40
7.86022e-42
5.80307e-43
4.13511e-44
2.84799e-45
1.8984e-46
1.22623e-47
7.68415e-49
4.67658e-50
2.76703e-51
1.5932e-52
8.75044e-54
-7.49771e-33
3.74869e-28
1.83741e-26
3.57103e-23
4.19871e-22
3.84036e-21
1.95871e-20
4.76863e-20
5.49242e-20
7.53708e-20
6.92319e-20
4.02898e-20
1.82787e-20
7.62914e-21
3.1623e-21
1.2863e-21
5.05145e-22
1.89678e-22
6.65065e-23
2.11699e-23
6.01325e-24
1.5175e-24
3.41447e-25
6.89875e-26
1.26177e-26
2.10564e-27
3.22955e-28
4.58222e-29
6.04903e-30
7.46755e-31
8.65968e-32
9.4707e-33
9.80289e-34
9.63365e-35
9.01412e-36
8.05124e-37
6.88044e-38
5.63769e-39
4.43769e-40
3.36165e-41
2.45471e-42
1.73044e-43
1.17933e-44
7.78036e-46
4.97492e-47
3.08669e-48
1.86031e-49
1.0902e-50
6.2183e-52
3.39185e-53
-9.02299e-31
9.31179e-27
2.41647e-24
4.92981e-22
3.98033e-21
3.06433e-20
1.32577e-19
2.74541e-19
2.93263e-19
4.02092e-19
3.80179e-19
2.15198e-19
9.43146e-20
3.86839e-20
1.60425e-20
6.57181e-21
2.61204e-21
9.94799e-22
3.52153e-22
1.12205e-22
3.1656e-23
7.89334e-24
1.74968e-24
3.47773e-25
6.25457e-26
1.02643e-26
1.54874e-27
2.16284e-28
2.81186e-29
3.42055e-30
3.91084e-31
4.21915e-32
4.31002e-33
4.18203e-34
3.86511e-35
3.41114e-36
2.88132e-37
2.33423e-38
1.81712e-39
1.36166e-40
9.83799e-42
6.86348e-43
4.63007e-44
3.02414e-45
1.91475e-46
1.17657e-47
7.02388e-49
4.07786e-50
2.3046e-51
1.24849e-52
-9.02168e-29
-1.83665e-25
1.12796e-22
5.58353e-21
3.1076e-20
2.22293e-19
8.31561e-19
1.31563e-18
1.29866e-18
1.79179e-18
1.83306e-18
1.00949e-18
4.27101e-19
1.73534e-19
7.28912e-20
3.04543e-20
1.24077e-20
4.83499e-21
1.73628e-21
5.54865e-22
1.55582e-22
3.8338e-23
8.37327e-24
1.63773e-24
2.89745e-25
4.67854e-26
6.94904e-27
9.55856e-28
1.22475e-28
1.46925e-29
1.6575e-30
1.76527e-31
1.781e-32
1.70744e-33
1.55973e-34
1.36099e-35
1.13694e-36
9.11151e-38
7.01827e-39
5.20485e-40
3.72238e-41
2.57106e-42
1.71744e-43
1.11094e-44
6.96724e-46
4.24118e-47
2.5086e-48
1.44321e-49
8.08332e-51
4.34951e-52
-5.60015e-27
-4.87803e-23
3.50122e-21
4.91632e-20
1.85546e-19
1.64925e-18
6.15364e-18
5.32046e-18
4.59536e-18
6.37437e-18
7.76557e-18
4.10899e-18
1.66583e-18
6.77166e-19
2.92772e-19
1.27191e-19
5.42017e-20
2.17703e-20
7.94891e-21
2.54858e-21
7.10008e-22
1.72852e-22
3.71956e-23
7.16065e-24
1.24684e-24
1.98227e-25
2.90069e-26
3.93353e-27
4.97208e-28
5.88771e-29
6.55996e-30
6.90338e-31
6.88487e-32
6.52697e-33
5.8977e-34
5.09176e-35
4.20951e-36
3.33928e-37
2.54647e-38
1.86997e-39
1.32443e-40
9.06077e-42
5.99564e-43
3.84237e-44
2.3877e-45
1.44034e-46
8.44343e-48
4.81477e-49
2.67328e-50
1.42889e-51
4.97963e-25
-4.30306e-21
7.19151e-20
3.09865e-19
3.39499e-19
1.21772e-17
7.08894e-17
2.56098e-17
1.26727e-17
1.69266e-17
2.93929e-17
1.43431e-17
5.45563e-18
2.24692e-18
1.02151e-18
4.77295e-19
2.21385e-19
9.1398e-20
3.37411e-20
1.08185e-20
2.98916e-21
7.18314e-22
1.5226e-22
2.88592e-23
4.94893e-24
7.754e-25
1.11908e-25
1.49787e-26
1.87008e-27
2.18857e-28
2.41115e-29
2.51002e-30
2.47716e-31
2.32451e-32
2.07953e-33
1.77784e-34
1.45569e-35
1.14383e-36
8.64114e-38
6.28689e-39
4.41208e-40
2.99109e-41
1.96152e-42
1.24591e-43
7.67423e-45
4.58911e-46
2.66704e-47
1.50789e-48
8.30166e-50
4.4084e-51
2.72426e-22
-2.50075e-19
7.92823e-19
1.18751e-18
-5.57536e-17
1.12119e-16
1.47075e-15
3.29607e-16
5.11333e-17
3.41986e-17
9.81134e-17
4.18512e-17
1.43685e-17
6.08302e-18
2.99726e-18
1.60983e-18
8.97044e-19
3.65439e-19
1.32905e-19
4.21889e-20
1.15154e-20
2.7273e-21
5.69285e-22
1.06286e-22
1.79683e-23
2.77815e-24
3.96048e-25
5.24062e-26
6.47287e-27
7.49835e-28
8.18058e-29
8.43585e-30
8.24894e-31
7.67085e-32
6.80137e-33
5.76347e-34
4.67785e-35
3.64374e-36
2.72887e-37
1.9683e-38
1.36949e-39
9.20496e-41
5.98522e-42
3.76957e-43
2.3024e-44
1.36533e-45
7.86919e-47
4.41256e-48
2.40954e-49
1.27139e-50
4.826e-20
-1.47922e-17
2.26206e-15
-1.08004e-13
-4.92845e-15
1.8932e-13
1.30038e-14
-3.17992e-14
9.08781e-15
3.42824e-15
5.9959e-16
9.45446e-17
2.76077e-17
1.14084e-17
6.62371e-18
4.79009e-18
4.14354e-18
1.45493e-18
4.87166e-19
1.49875e-19
4.01522e-20
9.35455e-21
1.92281e-21
3.53969e-22
5.90898e-23
9.03368e-24
1.27482e-24
1.67131e-25
2.04653e-26
2.35138e-27
2.54503e-28
2.6041e-29
2.52682e-30
2.3317e-31
2.05147e-32
1.72494e-33
1.38911e-34
1.07352e-35
7.97626e-37
5.70746e-38
3.93942e-39
2.6267e-40
1.69426e-41
1.05853e-42
6.41371e-44
3.77308e-45
2.15739e-46
1.20018e-47
6.5023e-49
3.4097e-50
7.82245e-17
-3.37468e-15
8.05733e-14
-5.28447e-12
1.62322e-10
8.9307e-12
-7.30971e-11
-2.02746e-12
1.39185e-12
4.57118e-13
2.00495e-14
4.00079e-17
2.96462e-17
-1.28201e-17
3.82732e-18
1.09441e-17
2.55954e-17
6.04872e-18
1.65397e-18
4.77379e-19
1.24671e-19
2.85486e-20
5.78526e-21
1.05245e-21
1.73973e-22
2.63801e-23
3.69668e-24
4.81613e-25
5.86299e-26
6.69815e-27
7.2087e-28
7.33333e-29
7.07327e-30
6.48676e-31
5.67069e-32
4.73659e-33
3.78845e-34
2.90733e-35
2.14474e-36
1.52354e-37
1.04384e-38
6.9082e-40
4.42244e-41
2.74218e-42
1.64892e-43
9.62676e-45
5.46269e-46
3.01596e-47
1.62164e-48
8.45255e-50
2.99651e-13
-1.61522e-11
-1.05618e-11
9.29527e-10
1.19666e-09
-5.5698e-08
-1.05037e-08
3.32075e-10
2.33433e-10
5.98379e-11
4.57413e-12
5.08857e-16
4.89787e-17
-6.20413e-16
-5.98015e-17
3.17967e-17
2.23738e-16
2.45499e-17
4.90426e-18
1.31015e-18
3.35313e-19
7.58696e-20
1.5229e-20
2.75083e-21
4.52486e-22
6.83804e-23
9.55825e-24
1.24255e-24
1.50923e-25
1.71977e-26
1.84524e-27
1.87048e-28
1.7968e-29
1.64027e-30
1.4267e-31
1.1852e-32
9.42447e-34
7.1883e-35
5.269e-36
3.71821e-37
2.53025e-38
1.66297e-39
1.05711e-40
6.5081e-42
3.88539e-43
2.25201e-44
1.26865e-45
6.95343e-47
3.71164e-48
1.9234e-49
3.13504e-11
-1.99176e-09
8.71021e-08
5.06176e-08
-1.28019e-06
-3.96725e-07
-4.53696e-08
5.08548e-08
3.39512e-08
8.30157e-09
1.84415e-10
-5.70091e-14
6.29642e-17
-5.18782e-15
3.44965e-14
3.48413e-14
2.09781e-15
3.93535e-17
9.22949e-18
2.75749e-18
7.40863e-19
1.70098e-19
3.42839e-20
6.2094e-21
1.02488e-21
1.55491e-22
2.1817e-23
2.84497e-24
3.46279e-25
3.94966e-26
4.2371e-27
4.28976e-28
4.11175e-29
3.74218e-30
3.24268e-31
2.68198e-32
2.1222e-33
1.61002e-34
1.17341e-35
8.23087e-37
5.56619e-38
3.63477e-39
2.29533e-40
1.40365e-41
8.32295e-43
4.79095e-44
2.68028e-45
1.45885e-46
7.73289e-48
3.98471e-49
-5.07724e-07
4.88925e-06
4.37447e-06
-0.000151846
-1.24398e-06
0.00167546
0.00793951
0.0140287
0.0097749
0.00235351
1.38169e-05
-1.46866e-12
8.83877e-10
5.18098e-11
4.31094e-12
2.09217e-13
2.35915e-16
2.71417e-17
-3.05892e-18
2.93311e-18
1.20809e-18
3.07877e-19
6.43791e-20
1.19043e-20
1.99729e-21
3.07305e-22
4.36235e-23
5.7407e-24
7.03409e-25
8.05855e-26
8.66614e-27
8.78052e-28
8.41069e-29
7.64078e-30
6.60247e-31
5.44129e-32
4.28742e-33
3.23722e-34
2.34712e-35
1.63728e-36
1.10079e-37
7.1449e-39
4.48391e-40
2.7246e-41
1.60511e-42
9.17895e-44
5.10115e-45
2.75799e-46
1.45213e-47
7.44198e-49
-0.000131942
0.000767181
-0.00289748
-0.00341402
0.0364058
0.0965201
0.163766
0.205992
0.169596
0.0818518
0.0180802
0.000297041
1.86926e-08
4.1413e-10
1.84686e-11
2.14693e-14
8.92657e-16
9.90023e-18
-1.79956e-16
-6.11839e-18
1.16419e-18
4.37233e-19
1.00062e-19
1.93206e-20
3.34332e-21
5.27085e-22
7.62478e-23
1.01759e-23
1.25932e-24
1.45229e-25
1.56791e-26
1.59142e-27
1.52449e-28
1.38317e-29
1.19239e-30
9.79527e-32
7.68801e-33
5.77901e-34
4.16956e-35
2.89331e-36
1.93451e-37
1.2484e-38
7.78808e-40
4.70355e-41
2.75376e-42
1.56485e-43
8.64122e-45
4.64196e-46
2.42825e-47
1.23787e-48
-0.000572785
0.00325035
-0.0168793
0.0214921
0.198931
0.412069
0.571534
0.656193
0.581562
0.339309
0.11116
0.0109091
5.10303e-08
1.33842e-09
1.12061e-11
2.1803e-13
3.98012e-15
-4.0407e-14
-1.98702e-15
-1.95119e-18
1.68929e-18
6.02603e-19
1.39376e-19
2.75707e-20
4.90816e-21
7.93606e-22
1.17084e-22
1.58486e-23
1.98021e-24
2.29737e-25
2.48835e-26
2.52859e-27
2.4212e-28
2.19306e-29
1.88559e-30
1.54372e-31
1.20678e-32
9.03079e-34
6.48413e-35
4.47625e-36
2.97673e-37
1.91023e-38
1.18482e-39
7.11343e-41
4.13966e-42
2.33808e-43
1.28314e-44
6.84998e-46
3.56081e-47
1.80584e-48
0.00741696
-0.0134982
-0.0140907
0.125971
0.419158
0.73915
0.915353
1.02039
0.994277
0.678798
0.273645
0.0441074
1.59266e-05
3.11059e-09
4.54376e-11
7.28393e-13
-5.53121e-12
-3.6194e-13
1.19137e-15
9.53365e-17
9.27389e-18
1.24196e-18
2.05517e-19
3.70776e-20
6.52416e-21
1.0634e-21
1.58419e-22
2.16004e-23
2.71102e-24
3.15203e-25
3.4153e-26
3.46705e-27
3.31298e-28
2.99223e-29
2.56373e-30
2.09052e-31
1.62705e-32
1.21183e-33
8.65759e-35
5.94555e-36
3.93253e-37
2.50961e-38
1.54777e-39
9.23886e-41
5.34502e-42
3.00092e-43
1.63701e-44
8.68601e-46
4.48759e-47
2.26428e-48
0.0138168
-0.0233244
-0.0226634
0.196686
0.581463
0.897794
0.998894
1.05386
1.08127
0.836577
0.389628
0.0811614
0.000740675
6.49183e-09
1.05466e-10
-4.98623e-10
-4.31067e-11
9.57449e-14
8.90596e-15
3.53978e-17
6.99861e-18
1.30039e-18
2.31853e-19
4.25235e-20
7.53916e-21
1.23434e-21
1.84241e-22
2.51218e-23
3.14888e-24
3.65297e-25
3.94664e-26
3.99283e-27
3.80091e-28
3.41876e-29
2.9163e-30
2.36701e-31
1.83336e-32
1.35866e-33
9.65659e-35
6.59657e-36
4.33955e-37
2.7541e-38
1.68903e-39
1.00247e-40
5.76619e-42
3.21848e-43
1.74533e-44
9.20557e-46
4.72743e-47
2.37331e-48
0.0113898
-0.0135155
-0.0409721
0.15788
0.58683
0.911627
0.984578
1.0076
1.01972
0.808547
0.391775
0.0875892
0.00143467
1.12305e-08
-3.63999e-08
-4.03586e-09
5.55526e-12
9.25941e-13
-4.59318e-16
-4.12418e-17
-2.28634e-18
2.49608e-19
1.3403e-19
3.4061e-20
6.7501e-21
1.14612e-21
1.72836e-22
2.35908e-23
2.95006e-24
3.40999e-25
3.66892e-26
3.6956e-27
3.50202e-28
3.13527e-29
2.66174e-30
2.14988e-31
1.6569e-32
1.22166e-33
8.63791e-35
5.86958e-36
3.84058e-37
2.42414e-38
1.47844e-39
8.7256e-41
4.99043e-42
2.76946e-43
1.49311e-44
7.82907e-46
3.99676e-47
1.99649e-48
0.0025738
0.00363054
-0.0382704
0.0344736
0.354912
0.720115
0.928193
1.00146
0.946675
0.69509
0.32072
0.0691802
0.000907982
-1.90163e-06
-4.73481e-07
-6.37168e-09
3.76767e-11
3.20953e-12
-2.01141e-15
-1.1955e-16
-7.07127e-18
-2.30702e-19
6.61315e-20
2.24406e-20
4.71733e-21
8.12338e-22
1.22646e-22
1.66907e-23
2.07828e-24
2.39118e-25
2.56069e-26
2.56727e-27
2.42145e-28
2.15771e-29
1.82317e-30
1.46551e-31
1.12396e-32
8.24603e-34
5.80103e-35
3.92163e-36
2.55259e-37
1.60261e-38
9.72137e-40
5.70609e-41
3.24542e-42
1.79098e-43
9.60116e-45
5.00562e-46
2.54068e-47
1.26297e-48
-0.00219874
0.00611338
-0.00705032
-0.0421825
0.0595556
0.345471
0.665331
0.775286
0.682627
0.446093
0.185866
0.0353901
0.000111166
-1.21804e-05
-1.447e-06
2.27442e-09
2.13956e-10
-3.89969e-13
-2.4584e-14
9.77512e-19
-5.48279e-20
1.11816e-19
5.02399e-20
1.2637e-20
2.4559e-21
4.06941e-22
5.99226e-23
8.0083e-24
9.83596e-25
1.11969e-25
1.18891e-26
1.18361e-27
1.10967e-28
9.83487e-30
8.26861e-31
6.61499e-32
5.04981e-33
3.68788e-34
2.58251e-35
1.73778e-36
1.12585e-37
7.03511e-39
4.24704e-40
2.48076e-41
1.40403e-42
7.70961e-44
4.11221e-45
2.13303e-46
1.0771e-47
5.33134e-49
0.000492017
-0.00229078
0.00828127
-0.0086247
-0.0408484
0.0337506
0.210827
0.32911
0.302177
0.16029
0.0424112
-0.000677144
-0.00021825
-2.70948e-05
1.77834e-07
1.7775e-08
-2.92758e-11
-2.55382e-12
2.00731e-15
1.07854e-16
6.1781e-18
5.22899e-19
6.04985e-20
8.16001e-21
1.11865e-21
1.4746e-22
1.84557e-23
2.19303e-24
2.47755e-25
2.66189e-26
2.71879e-27
2.63893e-28
2.43456e-29
2.13641e-30
1.78554e-31
1.42357e-32
1.08466e-33
7.91297e-35
5.53786e-36
3.72482e-37
2.41214e-38
1.50649e-39
9.08843e-41
5.30415e-42
2.99885e-43
1.64466e-44
8.76005e-46
4.53676e-47
2.28696e-48
1.13087e-49
-6.26259e-05
0.000391009
-0.00204169
0.00594824
-0.00270515
-0.0212524
-0.01761
0.00610752
0.0135417
-0.0050501
-0.0102214
-0.00379125
-0.000522432
5.48733e-06
8.44711e-07
-1.64115e-09
-1.59366e-10
1.9114e-13
1.37663e-14
1.92458e-17
3.53942e-18
5.74966e-19
7.37189e-20
8.59132e-21
9.30424e-22
9.29013e-23
8.49221e-24
7.09441e-25
5.42154e-26
3.79416e-27
2.43077e-28
1.42167e-29
7.54599e-31
3.60326e-32
1.53829e-33
6.02653e-35
2.55511e-36
1.64086e-37
1.5455e-38
1.53447e-39
1.40163e-40
1.16085e-41
8.82045e-43
6.23167e-44
4.13867e-45
2.60554e-46
1.56497e-47
9.01276e-49
4.99662e-50
2.69773e-51
5.04658e-06
-3.83547e-05
0.000244113
-0.000947716
0.001258
0.00383202
-0.00424073
-0.0212814
-0.0288708
-0.0156178
-0.00217969
0.000562125
0.000205305
1.62622e-05
-5.22154e-08
-6.08682e-09
9.19439e-12
7.45641e-13
-5.61238e-16
-2.68697e-17
-2.3622e-19
2.23272e-19
4.61883e-20
6.49809e-21
7.55864e-22
7.73984e-23
7.2006e-24
6.21148e-25
5.04595e-26
3.91133e-27
2.92675e-28
2.13524e-29
1.53048e-30
1.08284e-31
7.57431e-33
5.23247e-34
3.56037e-35
2.37846e-36
1.5552e-37
9.92917e-39
6.17954e-40
3.74538e-41
2.20983e-42
1.26927e-43
7.09931e-45
3.86876e-46
2.05539e-47
1.06533e-48
5.39084e-50
2.68821e-51
-5.35999e-07
4.34159e-06
-3.00391e-05
0.000131916
-0.000220412
-0.000664648
0.00144412
0.00662576
0.0102711
0.00691558
0.00187824
5.85447e-06
-3.43196e-05
-6.98055e-06
-2.59762e-08
5.46128e-10
2.99742e-11
-3.21018e-14
-2.27078e-15
-4.102e-17
-3.74143e-18
-2.70585e-19
-1.73725e-20
-1.11548e-21
-7.76526e-23
-5.86554e-24
-4.46458e-25
-3.10147e-26
-1.7073e-27
-4.04166e-29
6.5463e-30
1.3735e-30
1.73963e-31
1.80721e-32
1.66523e-33
1.40693e-34
1.10947e-35
8.2561e-37
5.84071e-38
3.94931e-39
2.56279e-40
1.60118e-41
9.65698e-43
5.63469e-44
3.18667e-45
1.74963e-46
9.33935e-48
4.85289e-49
2.4575e-50
1.22547e-51
)
;

boundaryField
{
    movingWall
    {
        type            zeroGradient;
    }
    fixedWalls
    {
        type            zeroGradient;
    }
    frontAndBack
    {
        type            empty;
    }
}

