/*--------------------------------*- C++ -*----------------------------------*\
| =========                 |                                                 |
| \\      /  F ield         | OpenFOAM: The Open Source CFD Toolbox           |
|  \\    /   O peration     | Version:  v2006                                 |
|   \\  /    A nd           | Website:  www.openfoam.com                      |
|    \\/     M anipulation  |                                                 |
\*---------------------------------------------------------------------------*/
FoamFile
{
    version     2.0;
    format      ascii;
    class       volScalarField;
    location    "0";
    object      f;
}
// * * * * * * * * * * * * * * * * * * * * * * * * * * * * * * * * * * * * * //

dimensions      [0 0 0 0 0 0 0];


internalField   nonuniform List<scalar> 
2500
(
5.08611e-62
-9.22507e-49
4.60089e-42
-5.83196e-39
5.48797e-35
-5.38183e-33
-1.03055e-29
-3.13506e-28
2.94775e-27
1.11849e-25
5.69054e-25
1.71679e-24
4.08653e-23
2.90075e-22
9.97266e-22
7.85127e-22
-6.93557e-21
-2.74931e-20
-2.60443e-20
9.69317e-20
4.33969e-19
9.00756e-19
1.26424e-18
1.35877e-18
1.21771e-18
8.27029e-19
-1.15863e-19
-1.54349e-18
-2.36701e-18
-1.79855e-18
-6.05102e-19
5.3161e-20
1.31189e-19
5.28913e-20
7.58374e-21
-1.19459e-21
6.64926e-22
2.12624e-21
1.99965e-21
1.30288e-21
6.91822e-22
3.19521e-22
1.3272e-22
5.05612e-23
1.78892e-23
5.92889e-24
1.85203e-24
5.47815e-25
1.54e-25
1.46851e-26
1.14233e-59
-3.33442e-47
9.31581e-41
-7.9752e-38
3.52492e-34
-2.69546e-33
-6.24632e-29
-1.74884e-27
9.15563e-27
4.18505e-25
1.74629e-24
1.2301e-24
7.12941e-23
5.67204e-22
2.13658e-21
2.53534e-21
-1.02626e-20
-4.87597e-20
-5.74437e-20
1.14663e-19
5.9837e-19
1.25118e-18
1.7274e-18
1.81057e-18
1.65804e-18
1.37797e-18
4.98851e-19
-1.2608e-18
-2.62038e-18
-2.21354e-18
-7.19848e-19
1.57338e-19
2.2185e-19
8.31444e-20
1.11073e-20
-2.24421e-21
3.25411e-22
2.35497e-21
2.26777e-21
1.45858e-21
7.58891e-22
3.43057e-22
1.39592e-22
5.2171e-23
1.8136e-23
5.91329e-24
1.81902e-24
5.30191e-25
1.46904e-25
1.62192e-26
1.57491e-57
-9.93735e-46
1.56672e-39
-6.53224e-37
1.28363e-33
2.31257e-31
-3.30126e-28
-8.81678e-27
2.44163e-26
1.57141e-24
5.85346e-24
-5.06721e-24
8.91491e-23
1.0353e-21
4.70916e-21
7.288e-21
-1.65903e-20
-1.00138e-19
-1.31826e-19
1.82344e-19
1.09793e-18
2.33248e-18
3.21371e-18
3.30743e-18
3.04334e-18
2.82006e-18
1.70721e-18
-1.38102e-18
-4.34128e-18
-4.11571e-18
-1.36934e-18
3.93605e-19
4.91233e-19
1.76578e-19
2.08931e-20
-6.16466e-21
-1.97105e-22
4.18396e-21
4.14665e-21
2.6553e-21
1.3675e-21
6.11481e-22
2.46304e-22
9.12273e-23
3.14629e-23
1.0187e-23
3.11383e-24
9.02192e-25
2.48517e-25
2.95856e-26
1.78794e-55
-2.88059e-44
2.55358e-38
-1.49461e-37
-2.91722e-33
2.81957e-30
-1.63678e-27
-4.2994e-26
4.79226e-26
5.93021e-24
2.09656e-23
-3.23469e-23
-8.52379e-23
1.15593e-21
8.89683e-21
1.7907e-20
-2.19887e-20
-1.93212e-19
-2.72504e-19
2.89109e-19
1.97573e-18
4.24853e-18
5.84838e-18
5.8554e-18
5.31056e-18
5.38682e-18
4.41496e-18
-6.92204e-19
-6.83434e-18
-7.55192e-18
-2.65967e-18
8.88886e-19
1.0496e-18
3.61253e-19
3.52337e-20
-1.63194e-20
-2.08271e-21
7.31795e-21
7.48767e-21
4.76461e-21
2.42437e-21
1.07069e-21
4.26419e-22
1.56382e-22
5.34723e-23
1.71832e-23
5.21684e-24
1.50191e-24
4.11117e-25
5.22138e-26
1.82469e-53
-8.11437e-43
4.01536e-37
1.37936e-34
-1.32201e-31
2.36724e-29
-7.38049e-27
-2.03518e-25
-3.39282e-26
2.21189e-23
7.79131e-23
-1.1185e-22
-1.15213e-21
-1.75707e-21
1.20578e-20
3.65987e-20
-1.89625e-20
-3.47402e-19
-5.03993e-19
4.79755e-19
3.48874e-18
7.54968e-18
1.04362e-17
1.00614e-17
8.74778e-18
9.57156e-18
9.91074e-18
2.12328e-18
-1.00383e-17
-1.36486e-17
-5.28472e-18
1.86348e-18
2.17748e-18
7.1461e-19
5.05733e-20
-4.12353e-20
-7.23179e-21
1.26712e-20
1.33798e-20
8.43478e-21
4.23025e-21
1.84184e-21
7.24289e-22
2.62731e-22
8.89996e-23
2.83682e-23
8.54999e-24
2.44465e-24
6.64613e-25
8.92555e-26
1.73465e-51
-2.21575e-41
6.02971e-36
3.83567e-33
-1.90725e-30
1.59264e-28
-2.81711e-26
-9.33203e-25
-1.20927e-24
8.00967e-23
2.89616e-22
-2.54521e-22
-5.39658e-21
-1.77465e-20
-6.23601e-22
5.41277e-20
4.20333e-21
-5.75921e-19
-8.12224e-19
8.76216e-19
6.03633e-18
1.30492e-17
1.83482e-17
1.68741e-17
1.34759e-17
1.56078e-17
2.01518e-17
9.71236e-18
-1.32581e-17
-2.42154e-17
-1.07095e-17
3.67122e-18
4.40862e-18
1.37036e-18
5.07456e-20
-9.94762e-20
-1.94551e-20
2.18857e-20
2.37117e-20
1.47451e-20
7.26749e-21
3.11295e-21
1.20683e-21
4.32515e-22
1.45024e-22
4.58205e-23
1.37014e-23
3.88842e-24
1.04919e-24
1.4787e-25
1.56455e-49
-5.83304e-40
8.47621e-35
7.64318e-32
-2.13308e-29
8.26219e-28
-7.02712e-26
-4.11357e-24
-9.75962e-24
2.76654e-22
1.04351e-21
-1.60842e-22
-1.92216e-20
-7.80997e-20
-8.24535e-20
1.19437e-20
4.2796e-20
-8.70266e-19
-1.06873e-18
1.76897e-18
1.01781e-17
2.18136e-17
3.20252e-17
2.79934e-17
1.92083e-17
2.25745e-17
3.76481e-17
2.7008e-17
-1.43071e-17
-4.19573e-17
-2.1973e-17
6.82416e-18
8.75338e-18
2.55248e-18
-1.34041e-20
-2.29794e-19
-4.58061e-20
3.80572e-20
4.17646e-20
2.54734e-20
1.2296e-20
5.16917e-21
1.9723e-21
6.9751e-22
2.3129e-22
7.2382e-23
2.14593e-23
6.04039e-24
1.61621e-24
2.37458e-25
1.35253e-47
-1.46327e-38
1.06943e-33
1.29685e-30
-2.07816e-28
2.12762e-27
1.3339e-25
-1.72045e-23
-5.89238e-23
8.95481e-22
3.55549e-21
2.07344e-21
-5.80248e-20
-2.67035e-19
-3.88201e-19
-3.03666e-19
-1.7301e-20
-1.19703e-18
-9.43085e-19
3.72225e-18
1.6521e-17
3.48896e-17
5.59989e-17
4.70957e-17
2.51645e-17
2.62944e-17
6.45623e-17
6.26441e-17
-7.89933e-18
-7.0442e-17
-4.5216e-17
1.19268e-17
1.71282e-17
4.62541e-18
-2.69706e-19
-5.09938e-19
-9.82199e-20
6.7272e-20
7.3239e-20
4.35117e-20
2.04893e-20
8.43208e-21
3.16077e-21
1.10166e-21
3.60921e-22
1.1179e-22
3.2835e-23
9.15907e-24
2.42751e-24
3.69547e-25
1.12549e-45
-3.40933e-37
1.07992e-32
1.9714e-29
-1.81969e-27
-2.08095e-26
3.58643e-24
-6.69964e-23
-2.96185e-22
2.66813e-21
1.11964e-20
1.40347e-20
-1.52647e-19
-7.78586e-19
-1.29583e-18
-1.50314e-18
-7.01122e-19
-1.58623e-18
-1.55622e-21
7.46174e-18
2.52265e-17
5.23176e-17
9.85584e-17
8.3168e-17
3.08215e-17
1.50355e-17
9.98745e-17
1.30864e-16
1.7305e-17
-1.13239e-16
-9.24908e-17
1.92749e-17
3.31971e-17
8.16414e-18
-1.02309e-18
-1.09001e-18
-1.94608e-19
1.21797e-19
1.27997e-19
7.3489e-20
3.36164e-20
1.35068e-20
4.96536e-21
1.70355e-21
5.50924e-22
1.68757e-22
4.90661e-23
1.3549e-23
3.55206e-24
5.57061e-25
8.99025e-44
-6.91054e-36
4.44617e-32
2.73768e-28
-1.4346e-26
-4.50542e-25
3.32935e-23
-2.3698e-22
-1.23303e-21
7.21395e-21
3.16223e-20
5.58375e-20
-3.51917e-19
-1.97111e-18
-3.5579e-18
-5.01641e-18
-3.76207e-18
-2.54634e-18
1.37406e-18
1.25868e-17
3.4744e-17
7.06012e-17
1.72649e-16
1.58652e-16
3.86908e-17
-3.83199e-17
1.32442e-16
2.53308e-16
8.41831e-17
-1.7103e-16
-1.8691e-16
2.73514e-17
6.40542e-17
1.40443e-17
-2.96245e-18
-2.24874e-18
-3.56759e-19
2.26485e-19
2.22919e-19
1.2265e-19
5.4264e-20
2.12311e-20
7.64199e-21
2.57817e-21
8.22414e-22
2.48956e-22
7.1587e-23
1.95446e-23
5.05915e-24
8.12647e-25
6.79001e-42
-9.50847e-35
-1.71529e-30
3.4974e-27
-9.96068e-26
-5.51281e-24
2.34482e-22
-7.4355e-22
-3.84097e-21
1.79588e-20
7.57939e-20
1.37713e-19
-7.23603e-19
-4.24218e-18
-8.16236e-18
-1.34878e-17
-1.40863e-17
-6.41453e-18
-1.07345e-18
1.19472e-17
3.95632e-17
7.8056e-17
2.88911e-16
3.28322e-16
5.9808e-17
-1.83284e-16
1.27663e-16
4.55498e-16
2.38295e-16
-2.34922e-16
-3.72501e-16
2.81078e-17
1.23692e-16
2.35446e-17
-7.58973e-18
-4.48265e-18
-5.98357e-19
4.31076e-19
3.86327e-19
2.01977e-19
8.60594e-20
3.27105e-20
1.15133e-20
3.81686e-21
1.20036e-21
3.58875e-22
1.01961e-22
2.7481e-23
7.00702e-24
1.14577e-24
4.64031e-40
9.56744e-34
-6.99298e-29
4.1118e-26
-5.6721e-25
-5.51702e-23
1.39652e-21
-2.14238e-21
-4.65709e-21
4.76316e-20
1.33665e-19
-3.56987e-20
-1.51093e-18
-7.14762e-18
-1.43382e-17
-3.00346e-17
-4.31023e-17
-2.11565e-17
-2.19433e-17
-2.66989e-17
2.80408e-17
5.08671e-17
4.25189e-16
7.38847e-16
1.17685e-16
-4.74203e-16
1.10269e-18
7.33209e-16
5.76822e-16
-2.75881e-16
-7.34971e-16
-5.87033e-18
2.40611e-16
3.84792e-17
-1.81054e-17
-8.63351e-18
-8.87798e-19
8.32611e-19
6.64288e-19
3.27361e-19
1.33793e-19
4.93083e-20
1.69593e-20
5.52408e-21
1.71265e-21
5.05524e-22
1.41772e-22
3.76517e-23
9.42705e-24
1.55833e-24
2.47898e-38
1.57817e-31
-1.79593e-27
4.43019e-25
-1.95056e-24
-4.88948e-22
7.22324e-21
-7.90303e-21
4.52265e-20
1.91938e-19
7.51115e-20
-2.90133e-18
-4.66561e-18
-6.9234e-18
-9.57158e-18
-5.3162e-17
-1.09378e-16
-6.98129e-17
-9.18596e-17
-2.20064e-16
-1.62865e-17
-4.03973e-17
5.43666e-16
2.31811e-15
2.27874e-16
-3.2351e-15
-4.73651e-16
1.10449e-15
1.38507e-15
-2.39408e-16
-1.51063e-15
-1.55084e-16
4.76491e-16
6.1603e-17
-4.125e-17
-1.60346e-17
-1.05324e-18
1.61371e-18
1.12831e-18
5.20227e-19
2.03225e-19
7.25348e-20
2.43836e-20
7.80948e-21
2.38835e-21
6.95997e-22
1.92481e-22
5.02549e-23
1.23036e-23
2.03866e-24
2.17182e-37
9.05021e-30
-3.81766e-26
4.33756e-24
9.17942e-24
-3.92615e-21
3.23909e-20
-5.75414e-20
4.46754e-19
1.19921e-18
-4.62387e-19
-2.13592e-17
-2.37831e-17
4.65622e-18
7.05424e-17
-6.19046e-17
-2.08937e-16
-2.03928e-16
-2.24983e-16
-2.06919e-15
-1.02826e-16
-2.12939e-16
1.15082e-14
1.22743e-14
-4.3898e-14
-3.48777e-14
-1.55236e-15
1.0773e-14
3.97293e-15
-8.21257e-17
-4.81051e-15
-6.38446e-16
9.88812e-16
9.84666e-17
-9.12689e-17
-2.85673e-17
-5.64627e-19
3.10254e-18
1.88192e-18
8.06271e-19
3.00178e-19
1.03752e-19
3.4142e-20
1.07735e-20
3.25514e-21
9.36958e-22
2.55272e-22
6.53331e-23
1.55504e-23
2.55398e-24
-2.23942e-34
4.10948e-28
-7.14517e-25
3.80685e-23
2.80177e-22
-2.84746e-20
1.23963e-19
-5.4259e-19
2.40049e-18
8.06983e-18
-6.70069e-19
-1.05125e-16
-1.41565e-16
4.0017e-17
6.71633e-16
-4.24052e-18
-9.5128e-16
-9.76784e-16
-2.4084e-16
-1.95674e-14
1.9896e-13
4.19109e-13
3.86902e-13
3.91397e-14
-1.04228e-12
-1.4261e-13
1.69733e-13
8.18052e-14
1.10443e-14
-5.57307e-16
-2.32645e-14
-1.66907e-15
2.51309e-15
1.63394e-16
-1.99219e-16
-4.82435e-17
1.92982e-18
5.85496e-18
3.05897e-18
1.20976e-18
4.28348e-19
1.43596e-19
4.64213e-20
1.44868e-20
4.3363e-21
1.23416e-21
3.3091e-22
8.27093e-23
1.89845e-23
3.04138e-24
-4.96309e-32
1.65617e-26
-1.19577e-23
2.93057e-22
3.65069e-21
-1.81512e-19
4.0611e-19
-4.60402e-18
8.31918e-18
4.84588e-17
1.51656e-17
-5.29214e-16
-7.16319e-16
9.26429e-15
7.90579e-15
-2.55779e-14
-4.85495e-14
-1.91549e-14
6.24126e-15
-6.21737e-14
2.07071e-12
4.42132e-12
1.84658e-12
-1.2751e-11
-4.64343e-12
6.64631e-15
2.78231e-12
2.89172e-13
1.75648e-14
-2.17837e-13
-8.40543e-14
-5.92509e-16
9.67566e-15
2.63559e-16
-4.37446e-16
-7.51429e-17
9.5142e-18
1.0738e-17
4.79808e-18
1.73929e-18
5.85101e-19
1.91037e-19
6.10718e-20
1.89665e-20
5.64808e-21
1.5921e-21
4.19605e-22
1.01917e-22
2.22963e-23
3.39723e-24
-7.96292e-30
6.12452e-25
-1.78079e-22
1.90779e-21
3.41308e-20
-9.5293e-19
1.40529e-18
-3.29966e-17
9.38889e-18
4.20589e-16
1.66705e-16
-1.07834e-14
2.55012e-14
1.34111e-13
3.72486e-14
-1.27e-12
-2.23927e-13
-1.02513e-13
5.21139e-12
5.90546e-12
5.97115e-12
1.16574e-11
1.38243e-12
-1.23989e-10
-1.0531e-11
7.77397e-11
1.15037e-11
4.51331e-13
-3.91493e-13
-1.22483e-12
-1.81102e-13
9.33322e-14
3.5268e-14
1.22438e-17
-9.80127e-16
-1.00018e-16
2.86162e-17
1.8934e-17
7.16329e-18
2.35981e-18
7.5481e-19
2.42144e-19
7.74285e-20
2.41583e-20
7.19915e-21
2.01403e-21
5.20867e-22
1.22107e-22
2.50127e-23
3.46486e-24
-1.11308e-27
2.09758e-23
-2.31261e-21
9.82318e-21
1.98025e-19
-3.55966e-18
9.13367e-18
-2.33506e-16
-1.35862e-16
1.0637e-14
-8.10985e-14
-7.31965e-14
3.04434e-12
5.90056e-13
-1.34184e-11
-4.65909e-12
2.82761e-11
2.7132e-11
2.82249e-11
5.46369e-11
-4.49394e-12
-4.42398e-10
-2.3676e-09
-3.45704e-10
1.21126e-09
4.29045e-10
2.19206e-11
7.64418e-13
-1.09456e-11
-4.22424e-12
-1.56754e-13
4.72568e-13
8.6188e-14
-3.50533e-15
-2.31879e-15
-8.32501e-17
7.13329e-17
3.16306e-17
9.96413e-18
2.94671e-18
9.00319e-19
2.88909e-19
9.42203e-20
2.99439e-20
8.99389e-21
2.50202e-21
6.3322e-22
1.41896e-22
2.64468e-23
3.02005e-24
-1.4192e-25
6.64548e-22
-2.51778e-20
3.63886e-20
-8.25112e-19
-6.57877e-18
8.62981e-17
-4.37108e-15
1.06089e-14
5.85449e-14
-1.73245e-12
9.23548e-12
1.31438e-11
-1.36352e-10
-1.36534e-10
5.18763e-10
9.78341e-10
3.64188e-10
4.96101e-11
-3.49166e-10
-1.55109e-08
-2.64448e-08
-1.30693e-08
2.88994e-09
1.24213e-08
1.18114e-09
2.00227e-11
-3.3638e-11
-4.98747e-11
-9.15078e-12
2.96236e-12
1.58357e-12
1.20407e-13
-2.10656e-14
-5.94296e-15
9.94112e-17
1.57271e-16
4.88598e-17
1.24236e-17
3.22603e-18
9.55659e-19
3.19027e-19
1.09746e-19
3.61974e-20
1.10415e-20
3.0569e-21
7.53576e-22
1.59114e-22
2.56274e-23
1.7546e-24
-1.66975e-23
1.93147e-20
-2.13502e-19
2.07926e-19
-5.6369e-17
9.67147e-16
-2.4705e-15
-3.19889e-14
9.45631e-13
-4.95196e-12
-6.7969e-12
1.68361e-10
-6.82897e-10
-8.73827e-10
-4.61933e-10
1.0521e-08
3.19161e-09
1.43616e-09
-4.97764e-08
-7.06638e-08
-8.65881e-08
-1.15174e-07
-2.67381e-08
2.07948e-07
4.65145e-08
1.08993e-09
4.3512e-11
-3.27514e-10
-1.45403e-10
-1.04111e-11
1.48462e-11
3.74636e-12
7.86352e-15
-8.71097e-14
-1.24103e-14
7.5161e-16
3.1185e-16
6.66849e-17
1.27023e-17
2.72486e-18
8.27463e-19
3.1819e-19
1.22555e-19
4.2915e-20
1.33693e-20
3.67676e-21
8.75971e-22
1.70389e-22
2.12099e-23
-7.39397e-25
-1.81021e-21
5.05757e-19
-1.19781e-18
7.14727e-18
-1.24354e-15
3.91658e-14
-5.85855e-13
3.2394e-12
4.93052e-12
-1.17828e-10
7.36275e-10
7.05973e-10
-1.55132e-08
-3.12303e-09
8.11057e-08
3.17797e-08
-2.87917e-07
-1.5439e-06
-1.0769e-06
-3.35397e-07
-2.67675e-07
-2.01264e-07
9.68704e-07
1.05732e-06
7.8773e-08
1.80391e-10
-2.52397e-10
-1.32554e-09
-2.58163e-10
7.77859e-11
5.07541e-11
5.53585e-12
-6.09616e-13
-2.74331e-13
-1.62239e-14
1.98782e-15
5.40259e-16
7.25345e-17
7.47714e-18
7.92471e-19
4.1768e-19
2.76815e-19
1.32826e-19
5.04129e-20
1.6034e-20
4.3521e-21
9.89369e-22
1.70598e-22
1.13865e-23
-4.97726e-24
-1.79461e-19
1.18371e-17
-3.83628e-18
6.07187e-17
5.07937e-16
1.51932e-13
-2.98993e-12
5.24855e-11
-3.15469e-10
-4.47411e-10
7.99701e-09
-3.8201e-08
-4.88637e-08
3.97298e-07
6.8432e-07
-1.37932e-06
-1.07179e-05
-9.10451e-06
-4.04413e-06
-5.61578e-07
-8.19099e-07
4.17607e-05
3.16444e-05
2.89799e-06
-2.36418e-09
6.43377e-10
-9.46224e-09
-3.92544e-09
-1.36758e-10
4.18787e-10
1.2801e-10
3.48828e-12
-2.35184e-12
-6.17834e-13
-7.87923e-15
4.82257e-15
8.08767e-16
4.07519e-17
-7.91757e-18
-3.2037e-18
-3.17325e-19
2.02385e-19
1.44314e-19
5.95211e-20
1.91121e-20
5.0552e-21
1.07448e-21
1.52278e-22
-6.1516e-24
-1.1567e-23
-1.69643e-17
6.61399e-16
-9.04026e-15
5.61308e-14
1.82522e-13
-7.4956e-12
4.94941e-11
1.39127e-10
-2.3428e-09
1.82445e-08
2.30259e-08
-3.06451e-07
5.12758e-07
2.49329e-06
1.24576e-06
-4.4186e-05
-4.8394e-05
-1.6662e-05
4.98315e-05
0.00104288
0.00151232
0.000841291
0.00015075
1.26034e-06
-2.00777e-08
-5.18226e-08
-4.72341e-08
-7.18265e-09
2.18724e-09
1.41675e-09
2.16634e-10
-1.31641e-11
-7.49423e-12
-9.86107e-13
3.01022e-14
1.3115e-14
9.26295e-16
-6.98122e-17
-3.80315e-17
-9.38129e-18
-1.26486e-18
1.35383e-19
1.66081e-19
7.15966e-20
2.26432e-20
5.72158e-21
1.10016e-21
1.05309e-22
-3.41089e-23
-2.11507e-23
-1.01629e-15
1.38107e-14
-1.40642e-13
9.21009e-13
-7.9618e-13
-7.73457e-11
1.10169e-09
-5.80319e-09
-5.23974e-09
1.31826e-07
-7.08985e-07
-9.00482e-07
1.02717e-05
7.8581e-06
-0.000110211
-0.000201808
-0.000115662
0.00217466
0.00918034
0.0123163
0.00897198
0.00339558
0.000390021
-8.02542e-07
-4.57442e-07
-4.32093e-07
-1.53529e-07
-5.63805e-09
8.59005e-09
3.57003e-09
2.51356e-10
-4.36295e-11
-1.78312e-11
-1.16315e-12
8.70511e-14
2.8933e-14
6.82263e-16
-2.87626e-16
-8.30224e-17
-1.65044e-17
-2.04028e-18
1.60107e-19
2.12242e-19
8.80837e-20
2.65006e-20
6.22529e-21
1.02093e-21
1.739e-23
-7.52158e-23
-3.42787e-23
-4.52494e-15
3.96685e-14
-3.61491e-13
2.45226e-12
-5.87621e-12
-1.48199e-10
3.29322e-09
-2.97411e-08
1.77674e-07
3.10279e-07
-5.30801e-06
1.19969e-05
3.36001e-05
-9.11875e-05
-0.000553156
-0.000502841
0.00722249
0.0300286
0.0465017
0.0436501
0.026165
0.00863375
0.000762033
-1.66984e-06
-2.62638e-06
-1.58527e-06
-3.37358e-07
2.60631e-08
2.46342e-08
6.7293e-09
5.53475e-11
-1.1771e-10
-3.23553e-11
-4.59815e-13
2.51293e-13
5.04781e-14
-1.06256e-15
-6.35309e-16
-1.31208e-16
-2.12124e-17
-1.94858e-18
3.94061e-19
2.97336e-19
1.09384e-19
3.01896e-20
6.35694e-21
7.78667e-22
-1.24048e-22
-1.31489e-22
-5.12023e-23
5.40002e-13
-4.71892e-12
3.94854e-11
-2.02266e-10
1.02668e-10
7.41968e-09
-4.60203e-08
-1.20819e-08
9.83543e-07
-5.18928e-06
-1.39806e-05
0.000128352
2.91771e-05
-0.00130646
-0.001226
0.00912468
0.0556354
0.108787
0.12704
0.103332
0.0558394
0.0170071
0.00125658
-1.02098e-05
-9.34758e-06
-4.17849e-06
-5.33809e-07
9.29123e-08
5.74383e-08
1.04763e-08
-3.72799e-10
-2.57893e-10
-4.44581e-11
1.18947e-12
5.98147e-13
5.5151e-14
-4.36155e-15
-1.20953e-15
-1.56526e-16
-1.8261e-17
-1.59675e-19
9.38594e-19
4.25946e-19
1.3313e-19
3.26484e-20
5.82462e-21
3.12297e-22
-3.27968e-22
-2.0311e-22
-7.16032e-23
8.49213e-12
-4.90746e-11
3.47396e-10
-1.74178e-09
2.90261e-09
4.01012e-08
-4.65723e-07
1.64453e-06
1.90476e-06
-2.88026e-05
1.74037e-05
0.000434823
-0.00154692
-0.00487223
0.00150951
0.0648994
0.17094
0.256151
0.258778
0.190914
0.096047
0.0275146
0.00173239
-3.11324e-05
-2.52581e-05
-8.83078e-06
-5.825e-07
2.18441e-07
1.05989e-07
1.19546e-08
-8.54379e-10
-4.30857e-10
-4.75074e-11
2.88832e-12
1.04257e-12
3.10497e-14
-1.12673e-14
-1.78607e-15
-1.09889e-16
-2.3753e-18
3.82167e-18
1.78999e-18
5.78959e-19
1.52633e-19
3.22192e-20
4.30563e-21
-4.2147e-22
-5.93988e-22
-2.87118e-22
-9.4323e-23
2.22638e-11
-1.06426e-10
7.10031e-10
-3.76324e-09
1.52458e-08
1.26161e-08
-1.0584e-06
6.4359e-06
-1.96672e-05
-6.93327e-05
0.000436547
0.000606591
-0.00645436
-0.00951937
0.0436278
0.187827
0.366519
0.463874
0.429844
0.291706
0.137779
0.0371025
0.00191016
-7.88792e-05
-5.58404e-05
-1.50499e-05
-5.36349e-08
4.58114e-07
1.60661e-07
8.22553e-09
-1.6297e-09
-5.70568e-10
-1.87394e-11
7.64394e-12
1.38291e-12
-7.53014e-14
-2.85854e-14
-1.67831e-15
4.6932e-17
2.69479e-17
9.45481e-18
2.74674e-18
7.05028e-19
1.57061e-19
2.70132e-20
1.57074e-21
-1.41732e-21
-9.06101e-22
-3.76366e-22
-1.17212e-22
-5.85834e-10
3.15067e-09
-1.77189e-08
5.20514e-08
7.53764e-08
-1.36191e-06
5.34008e-06
8.20922e-06
-0.000101345
8.99557e-05
0.00148583
-0.0026204
-0.0161577
0.0012053
0.134805
0.383953
0.622584
0.697865
0.592965
0.374929
0.166556
0.0416891
0.00151139
-0.000175842
-0.000103729
-2.0047e-05
9.69803e-07
8.19563e-07
1.94227e-07
-1.32529e-09
-2.99888e-09
-5.536e-10
4.33254e-11
1.74896e-11
6.35164e-13
-2.26167e-13
-4.72477e-14
-3.18951e-16
2.0409e-16
5.94283e-17
1.46832e-17
3.40126e-18
7.3028e-19
1.34956e-19
1.57977e-20
-2.33169e-21
-2.58955e-21
-1.22865e-21
-4.5944e-22
-1.37244e-22
-6.99743e-09
2.68387e-08
-1.44972e-07
5.36813e-07
-8.71281e-07
-5.07939e-06
4.07507e-05
-9.15036e-05
-0.000217663
0.00103785
0.00218018
-0.0114371
-0.0246948
0.049519
0.283719
0.623062
0.878179
0.884702
0.697197
0.411115
0.170147
0.0379164
0.000482983
-0.000357988
-0.000159549
-1.93684e-05
2.24072e-06
1.19897e-06
1.68963e-07
-1.39812e-08
-4.9993e-09
-8.92352e-11
1.29467e-10
2.52299e-11
-9.0372e-13
-4.75239e-13
-4.15071e-14
1.49828e-15
4.06906e-16
8.26518e-17
1.68734e-17
3.3146e-18
5.94105e-19
8.11614e-20
-8.07538e-22
-6.90466e-21
-3.75738e-21
-1.50831e-21
-5.22196e-22
-1.51015e-22
-1.65013e-08
5.47391e-08
-3.17777e-07
1.55451e-06
-6.30496e-06
4.36801e-06
8.10075e-05
-0.000368994
5.29815e-05
0.00315705
-0.00186837
-0.0261232
-0.0167855
0.132308
0.460815
0.83995
1.03762
0.975631
0.708096
0.383848
0.139915
0.0233073
-0.00101201
-0.000660741
-0.000183585
-4.29369e-06
3.99479e-06
1.32202e-06
8.85749e-09
-3.02061e-08
-5.21316e-09
6.97362e-10
2.69266e-10
1.33258e-11
-2.49518e-12
-6.6129e-13
-1.06845e-14
2.96359e-15
5.38829e-16
8.28008e-17
1.42078e-17
2.29467e-18
2.96792e-19
3.98546e-21
-1.94926e-20
-1.11724e-20
-4.66861e-21
-1.68489e-21
-5.51119e-22
-1.55585e-22
5.09963e-08
-1.75178e-07
3.7108e-07
1.61448e-06
-1.79271e-05
7.71405e-05
-5.24448e-05
-0.000657015
0.00155413
0.00440608
-0.013471
-0.0387677
0.0141764
0.240835
0.618455
0.962149
1.07106
0.925359
0.603321
0.283395
0.0815761
0.00485699
-0.00193901
-0.000907136
-0.000139523
1.44753e-05
6.63212e-06
6.48897e-07
-1.81617e-07
-5.71451e-08
7.79966e-10
1.6504e-09
3.15687e-10
-7.09767e-12
-4.13173e-12
-4.34752e-13
2.51027e-14
6.36341e-15
4.67014e-16
5.18679e-17
6.84321e-18
5.9663e-19
-7.3417e-20
-7.29183e-20
-3.46498e-20
-1.39083e-20
-5.07195e-21
-1.71032e-21
-5.37791e-22
-1.49464e-22
4.6808e-07
-1.08981e-06
5.01372e-06
-1.26062e-05
-7.78309e-06
0.000182464
-0.000585891
-0.000197561
0.00495927
6.73041e-05
-0.0323892
-0.043698
0.062214
0.336523
0.700303
0.965251
0.948541
0.727995
0.410618
0.153198
0.0226087
-0.00639968
-0.00343032
-0.000861304
1.2235e-05
2.7729e-05
6.716e-06
-4.98766e-07
-3.25355e-07
-4.17789e-08
7.45972e-09
2.77299e-09
1.63047e-10
-1.7304e-11
-4.9787e-12
-7.54748e-14
4.31829e-14
7.12806e-15
1.85067e-16
6.11879e-18
-2.02432e-18
-1.0435e-18
-3.5738e-19
-1.17781e-19
-4.04051e-20
-1.41175e-20
-4.82077e-21
-1.56922e-21
-4.82729e-22
-1.33321e-22
1.50804e-06
-9.38646e-08
1.01913e-05
-4.70057e-05
0.000146969
7.62467e-06
-0.00142621
0.00228106
0.00854999
-0.0105665
-0.0510187
-0.0405236
0.103203
0.380177
0.69244
0.799602
0.707948
0.464277
0.206638
0.0420654
-0.0136164
-0.00885957
-0.00329099
-0.000267842
0.000123444
4.05943e-05
-4.98108e-08
-1.73446e-06
-4.56041e-07
6.54211e-09
1.25695e-08
2.61399e-09
-4.01474e-11
-2.71759e-11
-2.66157e-12
2.62589e-13
7.66336e-14
3.10673e-15
-1.04472e-16
-3.0045e-17
-7.38167e-18
-1.69378e-18
-3.97088e-19
-1.06551e-19
-3.37183e-20
-1.15869e-20
-3.96026e-21
-1.29066e-21
-3.96409e-22
-1.09998e-22
1.8811e-06
1.50983e-05
-2.85156e-05
-5.30164e-05
0.000473878
-0.000892658
-0.00199097
0.00705111
0.0101806
-0.0234098
-0.065192
-0.0362562
0.112151
0.355867
0.546557
0.544465
0.414147
0.213978
0.0506644
-0.0217846
-0.019078
-0.00872217
-0.00107136
0.000490781
0.000184264
1.32526e-05
-6.90242e-06
-2.71553e-06
-1.74895e-07
5.21919e-08
1.83869e-08
8.33984e-10
-1.4997e-10
-3.48537e-11
1.69058e-13
3.21756e-13
4.77466e-14
-1.03392e-15
-1.86196e-16
-3.23403e-17
-5.50773e-18
-8.65058e-19
-1.47808e-19
-4.08612e-20
-1.69231e-20
-7.16356e-21
-2.73666e-21
-9.40887e-22
-2.96087e-22
-8.36367e-23
8.39231e-06
3.35818e-05
-0.000172989
0.00021116
0.000759472
-0.00252744
-0.00178035
0.0117243
0.01025
-0.0304141
-0.0672349
-0.0357111
0.0825641
0.239859
0.309425
0.278626
0.161268
0.0341003
-0.0343221
-0.0332306
-0.0150469
-0.00136561
0.00168708
0.000742493
0.000124888
-1.6372e-05
-9.65895e-06
-1.89286e-06
1.2355e-07
7.58891e-08
1.21773e-08
-6.63437e-10
-2.17338e-10
-1.00096e-11
1.51529e-12
4.01489e-13
1.93565e-15
-1.18416e-15
-1.3758e-16
-7.20561e-18
1.94369e-18
9.52275e-19
2.55385e-19
4.62135e-20
2.54467e-21
-2.44932e-21
-1.494e-21
-5.95766e-22
-1.99132e-22
-5.82053e-23
2.29388e-05
-6.05992e-05
-0.000338336
0.00088164
0.000647767
-0.00454841
-0.00108085
0.014908
0.0108883
-0.027987
-0.0552985
-0.0365387
0.0253566
0.0901922
0.105983
0.0607646
-0.0108674
-0.0565247
-0.0493705
-0.0207406
0.000121674
0.00494901
0.00264457
0.000671627
-1.01701e-05
-2.79145e-05
-9.9184e-06
-3.02632e-07
2.45174e-07
8.47033e-08
4.28982e-09
-4.73454e-10
-1.03472e-10
3.41349e-12
1.18862e-12
-5.9897e-14
-2.60599e-14
-1.8375e-15
1.24881e-16
4.20459e-17
1.12011e-17
2.6533e-18
5.68869e-19
1.07714e-19
1.62754e-20
1.09203e-21
-4.92767e-22
-3.05202e-22
-1.161e-22
-3.61346e-23
5.50286e-05
-0.000223902
-0.000122982
0.00173245
-0.00037833
-0.00665034
-0.000212865
0.0167724
0.0138845
-0.011585
-0.0316493
-0.0341768
-0.0222908
-0.0149101
-0.0255238
-0.0546663
-0.0753517
-0.0622292
-0.0258339
0.00297884
0.011162
0.00707314
0.00235206
0.000169535
-6.33662e-05
-2.87437e-05
-2.7044e-06
7.13694e-07
2.63391e-07
2.04652e-08
-2.39489e-09
-5.64398e-10
3.24474e-11
6.52887e-12
-6.73518e-13
-3.18773e-13
-3.30448e-14
2.73706e-15
4.40594e-16
7.06842e-17
1.39097e-17
2.84622e-18
5.80204e-19
1.14293e-19
2.07026e-20
3.096e-21
2.36853e-22
-7.20698e-23
-4.78392e-23
-1.78689e-23
0.000467009
-0.000114655
0.000223809
0.00130329
-0.00276619
-0.00777373
0.0020568
0.0180348
0.0187626
0.00823399
-0.00623762
-0.0212457
-0.0329858
-0.0425985
-0.0578903
-0.0694065
-0.0582831
-0.0228655
0.00869865
0.0190573
0.0133907
0.00535207
0.000865587
-9.81269e-05
-3.79134e-05
-4.1529e-06
1.47813e-06
3.52433e-07
-7.22002e-09
-9.3781e-09
2.98122e-10
5.59032e-10
7.1004e-11
-9.11118e-12
-3.68717e-12
-3.88972e-13
2.94486e-14
4.57256e-15
2.05105e-16
2.6965e-17
5.33953e-18
1.23728e-18
3.17769e-19
8.28425e-20
2.04066e-20
4.5484e-21
8.8118e-22
1.35915e-22
1.09708e-23
-2.64012e-24
-0.00198097
-0.00253205
-0.00173795
-0.00105603
-0.00414801
-0.00375189
0.00713617
0.0182784
0.0197944
0.016951
0.00859121
-0.00285787
-0.0124276
-0.0224489
-0.0321988
-0.0286559
-0.00749451
0.0166559
0.0256312
0.0190464
0.00865289
0.00195393
-8.50856e-05
-5.30847e-06
1.13872e-05
5.29478e-06
2.45042e-07
-3.28012e-07
-9.99781e-08
-1.45145e-09
4.2741e-09
9.50515e-10
-1.91885e-11
-1.94535e-11
-3.68563e-12
1.54523e-13
3.40548e-14
3.86012e-16
-1.92767e-16
-3.96666e-17
-6.14315e-18
-5.61396e-19
8.842e-20
6.84594e-20
2.45751e-20
6.86243e-21
1.64053e-21
3.45434e-22
6.39729e-23
1.00827e-23
-0.00446659
-0.00387762
-0.00184774
0.00114856
0.00303886
0.00640355
0.0115452
0.0118033
0.0108555
0.0102339
0.00856792
0.00773714
0.0077344
0.00438884
0.00165203
0.00702332
0.0181887
0.0232779
0.0177392
0.00853895
0.00212123
-0.000105988
6.81527e-05
6.56173e-05
2.81766e-05
3.43478e-06
-1.97522e-06
-8.12461e-07
-8.97188e-08
2.46067e-08
7.59705e-09
4.63018e-10
-8.02901e-11
-2.02797e-11
9.62302e-13
2.43865e-13
8.34704e-15
-2.62164e-15
-4.75037e-16
-6.70473e-17
-8.94672e-18
-6.0176e-19
1.92355e-19
1.12288e-19
3.78256e-20
1.03412e-20
2.48293e-21
5.39293e-22
1.07197e-22
1.96291e-23
0.00704331
0.00786356
0.009623
0.0116892
0.0118748
0.0110188
0.00643886
8.04868e-05
-0.00247396
-0.00206588
0.000426596
0.00570852
0.0099452
0.00946995
0.00825227
0.00927495
0.00999484
0.00625
0.00180628
-0.00053182
-0.000543407
0.000173842
0.000274942
0.000120981
1.43455e-05
-7.01529e-06
-3.00049e-06
-3.43803e-07
9.57802e-08
3.05218e-08
1.65695e-09
-4.21654e-10
-7.01962e-11
1.20005e-11
2.87877e-12
1.37746e-13
-2.25742e-14
-3.87031e-15
-2.25305e-16
-1.97062e-17
5.52394e-19
1.35869e-18
5.94479e-19
1.93444e-19
5.39149e-20
1.34852e-20
3.09297e-21
6.58107e-22
1.30716e-22
2.45225e-23
0.00814832
0.0084735
0.00877673
0.0079462
0.00603626
0.0024331
-0.00234343
-0.00567692
-0.00575053
-0.00534017
-0.00374841
-5.33588e-05
0.00255987
0.00192477
-0.00115531
-0.00472195
-0.0074001
-0.0071512
-0.00463769
-0.00141338
0.000468414
0.000700169
0.00033937
5.25532e-05
-1.46983e-05
-6.48286e-06
-8.42438e-07
2.17957e-07
5.99415e-08
1.59456e-10
-2.86185e-09
-4.94315e-10
4.94548e-11
1.70537e-11
1.24598e-12
-1.70659e-13
-2.72042e-14
8.3068e-16
1.80057e-16
4.29993e-17
1.17426e-17
3.31536e-18
9.17189e-19
2.42055e-19
6.02792e-20
1.41243e-20
3.11557e-21
6.4803e-22
1.27311e-22
2.39532e-23
0.00204944
0.00191293
0.00121115
-9.38768e-05
-0.00146664
-0.00256067
-0.00293306
-0.00144968
-0.000332049
-0.00110887
-0.00194883
-0.000964584
0.000383803
-0.000898773
-0.00548703
-0.00994539
-0.00978474
-0.00610596
-0.00136535
0.00121272
0.00135679
0.000678831
0.00011952
-2.4868e-05
-9.63135e-06
-8.14701e-07
5.94021e-07
1.53097e-07
-1.21193e-08
-1.38561e-08
-3.39886e-09
-4.1997e-11
2.66547e-11
4.11146e-12
-1.3624e-12
-2.21608e-13
8.32138e-15
1.67263e-15
2.61564e-16
5.74031e-17
1.38155e-17
3.4302e-18
8.57722e-19
2.11187e-19
5.03155e-20
1.14744e-20
2.49067e-21
5.13421e-22
1.00464e-22
1.89714e-23
-0.00123048
-0.00140431
-0.00179717
-0.00212447
-0.00206312
-0.00132804
0.00024809
0.00213687
0.0023868
0.000588441
-0.000932943
0.000469991
0.0032409
0.00288589
-0.00116725
-0.00407385
-0.00317065
-0.000153501
0.00183998
0.00168143
0.000839326
0.000151578
-4.99234e-05
-1.82681e-05
-1.45978e-06
1.56835e-06
5.29907e-07
1.91255e-08
-3.60373e-08
-1.1413e-08
4.16175e-10
1.60816e-10
1.8276e-11
-8.45461e-12
-1.91697e-12
7.06399e-15
1.27847e-15
4.99795e-16
1.29653e-16
3.07864e-17
7.4751e-18
1.87812e-18
4.80211e-19
1.2155e-19
2.97581e-20
6.94898e-21
1.5378e-21
3.21902e-22
6.37635e-23
1.22075e-23
-0.000387763
-0.000376264
-0.000278931
-1.09559e-05
0.00046357
0.000889978
0.000964517
0.00100611
0.00032834
-0.00203895
-0.00342052
-0.000541478
0.00411223
0.00487781
0.00228418
0.000164753
0.00026475
0.000988255
0.000928679
0.000423141
-3.90008e-06
-9.48514e-05
-2.70583e-05
1.30164e-06
3.89084e-06
1.16257e-06
-1.47071e-07
-8.21021e-08
-6.54391e-09
8.72905e-09
2.5141e-09
1.38277e-10
-3.27563e-11
-8.4258e-12
6.458e-13
1.17307e-13
5.17574e-16
-1.52559e-16
-3.25577e-17
-5.41004e-18
-5.37338e-19
1.04393e-19
8.69566e-20
3.46256e-20
1.07833e-20
2.90131e-21
7.0144e-22
1.55536e-22
3.20288e-23
6.32404e-24
0.000302947
0.000382966
0.000419468
0.000532011
0.000899124
-2.27592e-05
-0.00214584
-0.00265674
-0.00288188
-0.00523655
-0.00662253
-0.00321259
0.00206653
0.00339936
0.00162717
-0.000351682
-0.000810395
-0.000643615
-0.00042352
-0.000277195
-0.000125997
-1.14715e-05
1.73744e-05
9.11935e-06
9.16627e-07
-9.88857e-07
-3.89305e-07
-2.86019e-08
1.58833e-08
4.67113e-09
-4.85636e-10
-1.455e-10
-7.54393e-12
6.03617e-12
1.43374e-12
3.75656e-14
-1.79934e-15
-4.41635e-16
-9.15766e-17
-1.87931e-17
-3.57431e-18
-6.03669e-19
-8.29352e-20
-6.3568e-21
1.09308e-21
6.93951e-22
2.21501e-22
5.63257e-23
1.25501e-23
2.61436e-24
-0.000139269
-0.00019936
-0.000484775
-0.000176839
-0.000725742
-0.00617136
-0.0123199
-0.0120187
-0.00893748
-0.0089906
-0.00907181
-0.00489346
0.000606882
0.00211168
0.000699319
-0.000945527
-0.0012499
-0.000861506
-0.000372236
-6.42485e-05
4.67808e-05
3.79599e-05
1.48955e-05
1.21169e-06
-1.29779e-06
-3.41311e-07
9.14185e-08
3.57031e-08
-8.00788e-10
-3.94658e-09
-1.18328e-09
-7.89875e-11
1.16548e-11
2.48843e-12
-3.9725e-13
-8.12861e-14
-1.95773e-15
-4.88534e-17
-2.28238e-17
-6.76518e-18
-1.617e-18
-3.34512e-19
-5.97542e-20
-8.73367e-21
-8.39918e-22
3.59679e-23
4.58678e-23
1.53722e-23
3.87313e-24
8.67607e-25
-0.000269347
-0.0022517
-0.00480737
-0.00461487
-0.0106333
-0.0285666
-0.0408292
-0.0347217
-0.021486
-0.0147292
-0.0113931
-0.00555372
0.000314712
0.00179557
0.00074098
-0.000371739
-0.000498893
-0.000233901
1.44379e-05
8.37769e-05
5.12719e-05
1.30152e-05
-2.38753e-06
-2.00944e-06
-3.11075e-07
2.26118e-07
1.09767e-07
1.61424e-08
-2.38938e-09
-4.97389e-10
2.01173e-10
5.31414e-11
2.6634e-12
-1.77449e-12
-5.10079e-13
-3.10846e-14
5.71544e-16
1.01604e-16
1.40558e-17
1.30513e-18
-2.50407e-20
-4.73451e-20
-1.36529e-20
-2.66125e-21
-3.65812e-22
-2.07108e-23
7.46663e-24
3.55179e-24
1.00394e-24
2.39379e-25
-0.030544
-0.0414397
-0.0435109
-0.0342492
-0.0435526
-0.0760446
-0.0867603
-0.0640249
-0.0346114
-0.0191444
-0.0122851
-0.00542271
0.000184299
0.0014096
0.000671677
-6.92113e-05
-0.000153686
-4.3973e-05
3.45469e-05
2.40554e-05
6.27221e-06
-2.64472e-06
-1.69526e-06
-4.67378e-07
9.13806e-08
2.27541e-08
-1.0599e-08
-4.88228e-09
2.3557e-10
6.66181e-10
2.23376e-10
2.16958e-11
-1.97649e-12
-3.94853e-13
7.98452e-14
1.67246e-14
7.08076e-16
6.22e-17
1.03987e-17
1.37778e-18
1.42227e-19
8.06183e-21
-9.46683e-22
-3.97057e-22
-6.85641e-23
-4.30422e-24
1.66673e-24
8.19339e-25
2.36332e-25
5.71907e-26
)
;

boundaryField
{
    movingWall
    {
        type            zeroGradient;
    }
    fixedWalls
    {
        type            zeroGradient;
    }
    frontAndBack
    {
        type            empty;
    }
}

