/*--------------------------------*- C++ -*----------------------------------*\
| =========                 |                                                 |
| \\      /  F ield         | OpenFOAM: The Open Source CFD Toolbox           |
|  \\    /   O peration     | Version:  v2006                                 |
|   \\  /    A nd           | Website:  www.openfoam.com                      |
|    \\/     M anipulation  |                                                 |
\*---------------------------------------------------------------------------*/
FoamFile
{
    version     2.0;
    format      ascii;
    class       volScalarField;
    location    "0";
    object      f;
}
// * * * * * * * * * * * * * * * * * * * * * * * * * * * * * * * * * * * * * //

dimensions      [0 0 0 0 0 0 0];


internalField   nonuniform List<scalar> 
2500
(
-5.72477e-56
1.86368e-44
-2.90726e-38
6.13273e-34
-1.55607e-31
-6.45118e-29
6.27063e-27
-2.33986e-25
-1.20132e-24
4.12848e-23
2.81236e-22
-1.62631e-22
-1.09353e-20
-6.00371e-20
-1.19421e-19
-2.35742e-19
-5.54891e-19
-1.28318e-18
-9.26707e-19
-2.9669e-18
8.65841e-18
2.96695e-17
7.77316e-17
1.2372e-16
1.33368e-16
3.51374e-17
-2.76502e-17
1.31907e-16
2.79185e-16
6.56205e-17
-3.47865e-16
-3.70519e-16
1.17843e-16
2.32493e-16
8.12407e-18
-4.80116e-17
-1.42112e-17
2.34258e-18
3.70681e-18
2.07629e-18
9.12379e-19
3.67269e-19
1.43135e-19
5.46183e-20
2.02041e-20
7.12955e-21
2.36294e-21
7.24519e-22
2.01598e-22
1.5592e-23
-1.52783e-53
9.40059e-43
-7.66086e-37
7.68601e-33
-1.19466e-30
-5.79319e-28
4.47146e-26
-9.86581e-25
-4.24135e-24
1.29456e-22
8.62772e-22
-9.79851e-22
-3.00652e-20
-1.34983e-19
-2.28274e-19
-4.14912e-19
-1.04095e-18
-1.88851e-18
-2.4097e-19
-1.02317e-17
1.20061e-18
1.9962e-17
6.55649e-17
1.18695e-16
1.59032e-16
4.94695e-17
-8.27045e-17
1.87994e-17
2.71017e-16
2.0378e-16
-2.23841e-16
-4.13728e-16
2.47355e-17
2.41619e-16
2.02643e-17
-5.26294e-17
-1.50786e-17
2.58819e-18
3.44002e-18
1.6967e-18
6.65013e-19
2.46554e-19
9.24512e-20
3.51434e-20
1.31509e-20
4.69509e-21
1.56238e-21
4.75515e-22
1.29247e-22
1.23235e-23
-2.3815e-51
3.63967e-41
-1.53452e-35
7.90781e-32
-7.33184e-30
-4.41969e-27
2.6361e-25
-3.92019e-24
-1.36678e-23
4.00299e-22
2.86303e-21
-4.54742e-21
-9.09523e-20
-3.33101e-19
-4.34635e-19
-6.13758e-19
-2.00514e-18
-3.606e-18
1.858e-18
-3.14472e-17
-1.05535e-17
1.6496e-17
7.96269e-17
1.65668e-16
2.66712e-16
1.23799e-16
-1.49487e-16
-1.19039e-16
3.76667e-16
4.49009e-16
-2.28721e-16
-7.0007e-16
-6.43675e-17
4.11283e-16
5.34524e-17
-9.41214e-17
-2.64106e-17
4.94883e-18
5.71788e-18
2.5779e-18
9.31729e-19
3.27282e-19
1.21087e-19
4.67774e-20
1.7938e-20
6.5341e-21
2.20041e-21
6.71915e-22
1.81456e-22
1.88512e-23
-3.04475e-49
1.27175e-39
-2.74474e-34
7.81223e-31
-4.52051e-29
-3.15917e-26
1.43539e-24
-1.61434e-23
-4.88224e-23
1.21469e-21
1.03816e-20
-1.65797e-20
-2.80983e-19
-8.52233e-19
-7.29354e-19
-2.38562e-19
-2.86294e-18
-6.43795e-18
9.76285e-18
-8.91151e-17
-3.75186e-17
-1.81366e-18
8.11372e-17
2.07063e-16
3.9498e-16
3.10948e-16
-2.13773e-16
-4.74554e-16
4.52738e-16
8.99556e-16
-1.42831e-16
-1.10261e-15
-2.9437e-16
6.80943e-16
1.31399e-16
-1.67084e-16
-4.56804e-17
9.66535e-18
9.48875e-18
3.83356e-18
1.2457e-18
4.0687e-19
1.49073e-19
5.95525e-20
2.37589e-20
8.90667e-21
3.0476e-21
9.3506e-22
2.50862e-22
2.79333e-23
-3.50792e-47
4.13436e-38
-4.51958e-33
7.48269e-30
-3.30826e-28
-2.13113e-25
7.45682e-24
-6.79178e-23
-2.28944e-22
3.33836e-21
4.04959e-20
-4.42352e-20
-8.64691e-19
-2.35173e-18
-1.18025e-18
2.44853e-18
-7.77816e-19
-9.45351e-18
3.43652e-17
-2.41158e-16
-8.3868e-17
-6.4554e-17
5.56945e-17
2.13753e-16
4.88169e-16
8.24313e-16
-2.4353e-16
-1.47608e-15
4.35611e-16
1.82511e-15
1.37774e-16
-1.61885e-15
-8.40908e-16
1.09319e-15
3.10559e-16
-2.95785e-16
-7.83743e-17
1.90934e-17
1.57069e-17
5.55084e-18
1.55792e-18
4.56724e-19
1.67511e-19
7.16632e-20
3.04787e-20
1.1893e-20
4.15284e-21
1.28172e-21
3.41397e-22
4.01853e-23
-3.76504e-45
1.26669e-36
-6.94921e-32
7.09914e-29
-3.28001e-27
-1.36672e-24
3.8116e-23
-2.75624e-22
-1.31749e-21
6.16325e-21
1.6131e-19
-4.69444e-20
-2.555e-18
-7.01949e-18
-2.60095e-18
1.12198e-17
1.39693e-17
-5.99831e-18
1.01196e-16
-6.39257e-16
-1.40808e-16
-2.95834e-16
-9.14354e-18
1.10344e-16
2.6265e-15
2.63109e-15
-2.40555e-16
-6.68382e-15
2.25974e-16
6.40325e-15
8.47025e-16
-4.5705e-15
-2.24767e-15
1.73103e-15
7.27908e-16
-5.25367e-16
-1.3422e-16
3.78506e-17
2.58905e-17
7.75886e-18
1.74821e-18
4.21496e-19
1.60577e-19
7.99751e-20
3.78017e-20
1.55782e-20
5.57421e-21
1.73137e-21
4.57246e-22
5.61975e-23
-3.81778e-43
3.67622e-35
-1.00657e-30
6.94044e-28
-3.9097e-26
-8.43085e-24
1.97148e-22
-9.4646e-22
-7.60222e-21
-1.2038e-20
6.17868e-19
3.81504e-19
-6.93371e-18
-2.16894e-17
-9.87799e-18
3.101e-17
6.69753e-17
3.20221e-17
2.59501e-16
-1.76447e-15
-3.03593e-15
-1.30445e-15
-9.04847e-17
-3.44494e-16
7.2983e-14
6.52829e-15
-1.24234e-13
-2.80638e-14
-1.45299e-16
3.08026e-14
1.9662e-15
-3.26994e-14
-5.80088e-15
4.69194e-15
1.80222e-15
-9.47192e-16
-2.31349e-16
7.49422e-17
4.23918e-17
1.03103e-17
1.56805e-18
2.04814e-19
1.03314e-19
7.99441e-20
4.53517e-20
2.00852e-20
7.38665e-21
2.30709e-21
6.02694e-22
7.64397e-23
-3.67896e-41
1.01153e-33
-1.38743e-29
7.36735e-27
-4.66086e-25
-5.11307e-23
1.04322e-21
-1.61576e-21
-3.90103e-20
-2.31056e-19
2.15532e-18
3.54342e-18
-1.61969e-17
-6.4317e-17
-4.53452e-17
6.06329e-17
2.20116e-16
2.20147e-16
5.41322e-16
-6.3729e-15
-3.44112e-14
-4.21208e-15
2.71106e-13
6.41384e-13
3.28641e-13
-2.34915e-13
-8.15544e-13
-5.71323e-14
3.88239e-13
9.87822e-14
-3.82419e-14
-1.48104e-13
-9.84779e-15
2.73525e-14
4.79848e-15
-1.78175e-15
-4.05672e-16
1.48021e-16
6.87142e-17
1.26336e-17
5.50883e-19
-3.47441e-19
-3.93794e-20
6.61827e-20
5.29521e-20
2.56538e-20
9.69772e-21
3.03748e-21
7.82011e-22
1.01137e-22
-3.3745e-39
2.6337e-32
-1.85683e-28
8.77458e-26
-5.08421e-24
-3.16237e-22
5.51772e-21
1.25323e-20
-1.67129e-19
-1.77464e-18
6.47693e-18
1.99228e-17
-2.75904e-17
-1.63001e-16
-2.02312e-16
7.93875e-17
1.31029e-15
1.26125e-15
-3.29079e-16
-2.58768e-14
-1.26694e-13
4.42459e-13
3.81383e-12
4.20295e-12
6.38724e-13
-1.2149e-11
-2.56244e-12
1.48402e-12
2.35712e-12
1.67977e-13
-1.31587e-12
-4.5725e-13
3.62891e-14
1.15478e-13
1.07162e-14
-3.80405e-15
-7.32364e-16
2.92388e-16
1.09753e-16
1.32486e-17
-2.11922e-18
-1.46204e-18
-3.10361e-19
3.43013e-20
6.12398e-20
3.27893e-20
1.2675e-20
3.95993e-21
9.99419e-22
1.30125e-22
-2.94265e-37
6.46266e-31
-2.5203e-27
1.14952e-24
-4.89806e-23
-2.08386e-21
2.7257e-20
1.783e-19
-5.42754e-19
-1.07757e-17
1.54647e-17
9.2414e-17
-2.0285e-18
-3.62011e-16
-9.57162e-16
1.77098e-15
1.43241e-14
5.55542e-15
-3.4359e-13
-5.77545e-14
-1.83879e-13
7.89289e-12
1.26092e-11
1.28837e-11
-3.88526e-11
-6.02987e-11
-4.37805e-12
4.62521e-11
7.69498e-12
-3.20524e-12
-6.01101e-12
-9.5613e-13
7.43655e-13
3.47766e-13
1.47433e-14
-1.10806e-14
-1.35362e-15
5.80991e-16
1.7151e-16
8.87003e-18
-7.78239e-18
-3.44135e-18
-7.50831e-19
-1.51417e-20
7.27607e-20
4.24993e-20
1.65858e-20
5.12516e-21
1.25916e-21
1.62711e-22
-2.43069e-35
1.48694e-29
-3.73771e-26
1.5641e-23
-4.0281e-22
-1.49363e-20
1.07686e-19
1.38405e-18
-8.11335e-19
-5.90949e-17
2.42989e-17
4.30374e-16
2.92508e-16
-9.19471e-15
-3.99784e-15
2.18041e-13
4.96664e-14
-1.30887e-12
-1.91419e-12
5.55886e-12
8.20547e-11
3.26854e-11
1.85027e-11
2.45616e-11
-8.99357e-10
-1.82237e-10
4.49551e-10
2.12639e-10
1.46021e-11
-3.6316e-11
-1.78158e-11
-1.23084e-12
3.16002e-12
7.59927e-13
-2.41866e-14
-3.85078e-14
-2.26667e-15
1.15823e-15
2.58855e-16
-7.18014e-18
-1.8501e-17
-6.6334e-18
-1.37865e-18
-6.97024e-20
9.36297e-20
5.6613e-20
2.18455e-20
6.60194e-21
1.56554e-21
1.97549e-22
-1.88926e-33
3.20057e-28
-6.49056e-25
2.08811e-22
-2.58666e-21
-1.12822e-19
1.35325e-19
7.8585e-18
5.73686e-18
-3.51372e-16
4.02421e-18
3.25369e-15
-3.19638e-16
-1.10307e-13
1.29494e-12
9.48219e-13
-1.24812e-11
-1.08212e-11
-4.8655e-12
1.65614e-10
4.56244e-10
7.99724e-11
-4.09306e-09
-8.77168e-09
-4.17345e-09
-2.05335e-10
4.44599e-09
5.82671e-10
1.32153e-11
-1.39226e-10
-3.69667e-11
8.40166e-12
1.008e-11
1.12314e-12
-2.79136e-13
-1.15236e-13
-2.63334e-15
2.23424e-15
3.67907e-16
-4.75318e-17
-3.72043e-17
-1.13334e-17
-2.14809e-18
-9.46328e-20
1.35659e-19
7.81285e-20
2.90583e-20
8.47929e-21
1.92274e-21
2.32583e-22
-1.36591e-31
6.55207e-27
-1.30936e-23
2.62155e-21
-7.93061e-21
-8.30859e-19
-3.36653e-18
3.14243e-17
7.06212e-17
-2.90108e-15
2.51029e-14
1.71037e-14
-7.89059e-13
-3.69213e-13
1.26261e-11
-3.36113e-11
-1.82256e-10
-2.52161e-11
1.27134e-09
7.6794e-10
9.01856e-10
-1.74877e-08
-6.01767e-08
-5.58317e-08
-1.23877e-08
5.24303e-08
1.74505e-08
8.51366e-10
-4.02588e-10
-3.99529e-10
-4.82643e-11
6.42711e-11
2.61194e-11
6.8194e-13
-1.07203e-12
-2.68033e-13
1.87505e-15
4.59772e-15
4.7559e-16
-1.34641e-16
-6.75714e-17
-1.75616e-17
-2.88624e-18
-1.96789e-20
2.18496e-19
1.11452e-19
3.90234e-20
1.08617e-20
2.33401e-21
2.65104e-22
-8.99248e-30
1.38988e-25
-2.83905e-22
2.9885e-20
1.12425e-19
-5.32334e-18
-5.22088e-17
1.27747e-16
3.12891e-16
-1.09179e-14
2.38138e-13
-1.45885e-12
-3.8996e-12
5.86423e-11
4.00599e-11
-1.29666e-09
-5.4331e-10
1.1418e-08
8.09349e-09
2.06266e-09
-9.41607e-08
-1.72211e-07
-2.1113e-07
-1.59736e-07
-2.05014e-08
2.94676e-07
4.18012e-08
5.19765e-10
-2.36572e-09
-9.00432e-10
1.21018e-10
2.44137e-10
5.20163e-11
-4.48583e-12
-3.28899e-12
-4.87074e-13
2.02439e-14
1.07394e-14
5.34532e-16
-3.06279e-16
-1.13131e-16
-2.46516e-17
-3.20824e-18
2.73797e-19
3.70764e-19
1.62304e-19
5.26639e-20
1.38521e-20
2.79994e-21
2.92014e-22
-5.15491e-28
3.76983e-24
-6.13604e-21
2.96399e-19
2.98028e-18
-2.36845e-17
-6.29961e-16
1.26153e-14
-1.34647e-13
6.24451e-13
7.11216e-13
-1.7927e-11
2.41252e-11
5.19938e-10
-4.55349e-09
-4.39446e-09
4.58092e-08
6.66766e-08
2.45011e-08
-8.74876e-07
-9.91263e-07
-5.72787e-07
-4.61366e-07
-2.54398e-07
3.18855e-06
9.65006e-07
5.18e-08
-1.06204e-09
-9.50976e-09
-1.33881e-09
1.25292e-09
7.28766e-10
7.81119e-11
-1.68691e-11
-8.13291e-12
-7.25607e-13
5.80561e-14
2.46e-14
4.2073e-16
-6.19772e-16
-1.74693e-16
-3.06226e-17
-2.43117e-18
9.58433e-19
6.28571e-19
2.36977e-19
7.08378e-20
1.75186e-20
3.31612e-21
3.10478e-22
-2.27966e-26
1.48434e-22
-1.26346e-19
2.35027e-18
4.78163e-17
-1.09724e-16
-3.19676e-15
8.71054e-14
-1.27721e-12
1.37438e-11
-7.31964e-11
-6.79484e-11
1.71959e-09
1.44551e-09
-3.26316e-08
2.39278e-08
4.98625e-07
1.89426e-07
-5.15464e-06
-7.23495e-06
-3.39265e-06
-8.83651e-07
-8.41591e-07
3.18327e-05
2.04788e-05
1.75806e-06
-3.45482e-09
-5.75104e-08
-3.05451e-08
8.76147e-11
4.47411e-09
1.74943e-09
8.4202e-11
-4.25797e-11
-1.62558e-11
-8.13058e-13
1.58603e-13
5.04422e-14
-4.86704e-16
-1.15482e-15
-2.44926e-16
-3.14754e-17
4.65146e-19
2.24784e-18
1.02931e-18
3.40692e-19
9.40072e-20
2.18478e-20
3.87129e-21
3.19255e-22
-3.92653e-25
7.07813e-21
-2.41909e-18
1.10138e-17
8.03953e-16
-1.63755e-14
1.36212e-13
1.43342e-13
-2.88077e-12
4.07871e-11
-4.76496e-10
1.77743e-09
7.05364e-09
-7.13756e-08
-8.59115e-08
1.60459e-06
1.25895e-06
-1.49038e-05
-3.48692e-05
-2.0608e-05
-7.7735e-06
0.000319333
0.000684499
0.000416839
7.14855e-05
5.26656e-07
-2.76744e-07
-2.71619e-07
-7.54091e-08
1.24191e-08
1.24175e-08
3.5052e-09
-3.28289e-12
-9.43696e-11
-2.73071e-11
-3.1262e-13
3.9947e-13
8.59871e-14
-3.70901e-15
-2.15106e-15
-3.02596e-16
-2.08238e-17
6.74331e-18
4.35059e-18
1.59912e-18
4.74976e-19
1.21807e-19
2.66969e-20
4.44875e-21
3.21042e-22
5.57863e-23
3.37101e-19
-4.46833e-17
1.32114e-16
4.8234e-15
-1.3327e-13
3.01246e-12
-2.95878e-11
2.01851e-10
-2.01425e-10
-1.10321e-09
1.57441e-08
1.85689e-09
-4.41482e-07
1.50657e-06
7.49837e-06
-1.20786e-05
-0.000108968
-8.2711e-05
7.08216e-05
0.0029158
0.00536684
0.00421886
0.00157282
0.000156781
-1.78611e-06
-1.67747e-06
-9.07495e-07
-1.42692e-07
4.18775e-08
2.91545e-08
6.14522e-09
-1.99969e-10
-1.83383e-10
-3.92286e-11
1.10312e-12
9.14115e-13
1.14078e-13
-1.10313e-14
-3.90135e-15
-3.02623e-16
9.40041e-18
1.7575e-17
7.3794e-18
2.33441e-18
6.34568e-19
1.52647e-19
3.17727e-20
5.03448e-21
3.2608e-22
6.9367e-21
1.4398e-17
-1.03527e-15
1.68251e-14
-1.14074e-13
-1.58473e-13
9.82154e-12
-1.6575e-10
1.62125e-09
-1.02448e-08
2.4555e-08
5.2824e-08
-8.27493e-07
-1.16915e-06
1.89833e-05
1.71076e-05
-0.000249479
-0.000345196
0.000271392
0.00943265
0.0198169
0.02074
0.0127093
0.00399619
0.000276497
-6.27601e-06
-5.63298e-06
-2.38886e-06
-2.12444e-07
9.99476e-08
5.77119e-08
9.15856e-09
-5.1791e-10
-3.17816e-10
-4.7706e-11
3.94384e-12
1.84091e-12
1.19889e-13
-2.547e-14
-6.4494e-15
-1.67982e-16
6.57817e-17
3.33798e-17
1.12227e-17
3.18227e-18
8.05057e-19
1.83583e-19
3.66708e-20
5.63508e-21
3.56793e-22
4.81966e-19
1.99962e-16
-6.17685e-15
1.01203e-13
-1.57138e-12
2.00105e-11
-9.56825e-11
-3.04637e-10
3.68979e-09
-4.54978e-08
2.52636e-07
-1.08235e-08
-4.0974e-06
1.08754e-05
6.76022e-05
-0.00020115
-0.000959777
-0.000446138
0.0159203
0.044864
0.0606927
0.0522621
0.0283673
0.00810186
0.000427506
-1.89227e-05
-1.49918e-05
-5.22076e-06
-2.39995e-07
2.01559e-07
9.86992e-08
1.12128e-08
-9.40044e-10
-4.93267e-10
-4.55451e-11
9.63533e-12
3.09544e-12
1.54679e-14
-5.75705e-14
-8.94596e-15
1.9222e-16
1.48404e-16
5.28561e-17
1.54328e-17
4.03078e-18
9.63204e-19
2.10748e-19
4.10052e-20
6.30439e-21
4.52283e-22
1.51503e-16
-3.7729e-15
5.58905e-14
-3.64341e-13
-3.42851e-12
1.07512e-10
-1.83512e-09
1.23881e-08
-3.94425e-08
-7.29499e-08
7.47627e-07
-4.67114e-06
-9.19215e-06
0.000104324
0.000104368
-0.00147675
-0.0019251
0.0149548
0.0671237
0.121616
0.135214
0.103738
0.0519912
0.013812
0.000559198
-4.73268e-05
-3.37075e-05
-9.69803e-06
-5.54647e-08
3.70714e-07
1.46813e-07
1.10187e-08
-1.83657e-09
-7.08824e-10
-3.35285e-12
2.27778e-11
4.20672e-12
-2.16659e-13
-1.12388e-13
-9.17761e-15
6.33681e-16
2.48373e-16
7.25653e-17
1.92321e-17
4.72385e-18
1.08179e-18
2.30484e-19
4.46161e-20
7.17013e-21
6.70216e-22
1.28633e-14
-1.632e-13
1.98157e-12
-1.79138e-11
1.04205e-10
9.29215e-12
-5.72731e-09
7.46319e-08
-4.91321e-07
2.0259e-06
2.4668e-07
-2.22238e-05
3.83161e-05
0.000339488
-0.0011474
-0.00460678
0.00156213
0.0671161
0.172038
0.250015
0.245629
0.172874
0.08102
0.0200823
0.000589818
-0.000104759
-6.59776e-05
-1.51551e-05
4.67479e-07
6.24371e-07
1.8985e-07
3.45067e-09
-3.66128e-09
-8.39644e-10
8.41051e-11
4.71319e-11
4.19145e-12
-5.02351e-13
-1.71333e-13
-6.14787e-15
1.0375e-15
3.39757e-16
8.77889e-17
2.17296e-17
5.10843e-18
1.1391e-18
2.40981e-19
4.77838e-20
8.44289e-21
1.08267e-21
5.01673e-14
-5.38386e-13
6.0415e-12
-5.67629e-11
4.69211e-10
-3.99277e-09
6.5761e-09
1.43064e-07
-1.48219e-06
1.09233e-05
-3.16105e-05
-4.94616e-05
0.000399143
0.00049101
-0.00558155
-0.009009
0.0375229
0.172477
0.339583
0.422832
0.381343
0.247707
0.108655
0.024848
0.000359351
-0.000210832
-0.000112367
-1.92313e-05
1.37358e-06
9.69943e-07
2.03306e-07
-1.05845e-08
-6.97564e-09
-5.81604e-10
2.30424e-10
7.5511e-11
1.63564e-12
-9.27499e-13
-2.00792e-13
1.85545e-15
1.67655e-15
4.1092e-16
9.45949e-17
2.22722e-17
5.10067e-18
1.12999e-18
2.43711e-19
5.13101e-20
1.03854e-20
1.76297e-21
-5.67321e-13
4.59144e-12
-4.80618e-11
3.43672e-10
-5.20668e-10
-1.57505e-08
1.82974e-07
-7.90729e-07
-1.51987e-06
2.46476e-05
-0.000133654
3.73456e-05
0.0012811
-0.00171685
-0.0147488
-0.00743446
0.11178
0.337816
0.556599
0.616491
0.509827
0.307544
0.125389
0.0257507
-0.000149305
-0.000392011
-0.00016196
-1.8581e-05
2.48003e-06
1.3041e-06
1.37526e-07
-3.20575e-08
-1.07321e-08
1.86879e-10
4.47087e-10
8.49674e-11
-2.9234e-12
-1.64524e-12
-1.5771e-13
8.40091e-15
2.61651e-15
4.30674e-16
9.01366e-17
2.07327e-17
4.73987e-18
1.07237e-18
2.43606e-19
5.63176e-20
1.3229e-20
2.7635e-21
-7.46632e-12
8.02858e-11
-8.99801e-10
7.02339e-09
-3.49581e-08
7.5094e-08
5.13053e-07
-4.70945e-06
1.62149e-05
2.33394e-05
-0.000322522
0.00074475
0.00230657
-0.00823015
-0.0266265
0.0268178
0.234523
0.546942
0.78102
0.78122
0.597433
0.333266
0.125173
0.0205968
-0.000884739
-0.000660061
-0.000196172
-6.6117e-06
4.4096e-06
1.45777e-06
-3.73008e-08
-6.47111e-08
-1.1176e-08
1.58269e-09
7.64137e-10
6.18551e-11
-7.02496e-12
-2.30283e-12
-7.55152e-14
1.19315e-14
2.91931e-15
3.75833e-16
7.61781e-17
1.78039e-17
4.2042e-18
1.00342e-18
2.47168e-19
6.372e-20
1.70504e-20
4.09004e-21
2.76823e-11
1.99781e-10
-2.35064e-09
1.88706e-08
-1.17364e-07
5.62714e-07
-7.45772e-07
-8.7589e-06
6.54423e-05
-0.000159293
-0.000429749
0.0024653
0.00210429
-0.0206144
-0.0305867
0.0859014
0.390162
0.758496
0.944677
0.877906
0.615695
0.313261
0.0995082
0.00964798
-0.0015718
-0.00092832
-0.000187106
1.10901e-05
7.55265e-06
9.60424e-07
-2.81109e-07
-1.09973e-07
-3.69947e-09
3.23572e-09
9.35708e-10
6.96568e-12
-1.2245e-11
-2.38046e-12
2.70227e-14
1.70827e-14
2.6315e-15
2.662e-16
5.92851e-17
1.48815e-17
3.74785e-18
9.61836e-19
2.58629e-19
7.35193e-20
2.16609e-20
5.68393e-21
4.6909e-10
-1.37333e-09
7.28916e-09
-2.46442e-08
-5.07403e-08
1.17312e-06
-7.44551e-06
1.39027e-05
0.000103411
-0.000569748
0.00031522
0.00500353
-0.00435212
-0.0363424
-0.0174299
0.174759
0.548042
0.915291
1.02149
0.870978
0.546656
0.237022
0.0556083
-0.00146118
-0.00266598
-0.00100751
-6.065e-05
3.01022e-05
9.83226e-06
-2.60094e-07
-5.16713e-07
-1.13688e-07
8.44229e-09
5.47007e-09
7.24541e-10
-4.97692e-11
-1.92316e-11
-1.3584e-12
4.63864e-14
1.68342e-14
1.7573e-15
1.86758e-16
4.95342e-17
1.34086e-17
3.55141e-18
9.60393e-19
2.75786e-19
8.43316e-20
2.65851e-20
7.42523e-21
1.64452e-09
-9.284e-09
8.80338e-08
-6.14807e-07
2.46239e-06
-4.39098e-06
-1.61186e-05
9.64937e-05
-6.25378e-05
-0.000987416
0.00239209
0.0060503
-0.0161872
-0.0482859
0.0124837
0.273081
0.666753
0.973097
0.978493
0.740393
0.398517
0.134045
0.0118418
-0.00722236
-0.00368147
-0.000632056
0.000102077
5.19983e-05
5.75582e-06
-1.94275e-06
-8.00216e-07
-5.02657e-08
2.04623e-08
7.19895e-09
3.16538e-10
-5.79092e-11
-1.8122e-11
-6.61742e-13
1.07049e-14
3.98148e-15
7.43354e-16
1.80238e-16
5.10896e-17
1.36366e-17
3.54592e-18
9.64737e-19
2.88634e-19
9.36424e-20
3.11931e-20
9.16327e-21
-2.72667e-08
2.77016e-09
1.81335e-07
-1.63646e-06
8.5576e-06
-2.5627e-05
1.12916e-05
0.000208021
-0.000616353
-0.000765281
0.00560538
0.00244846
-0.0322628
-0.0532182
0.05455
0.353157
0.7148
0.898182
0.812454
0.524169
0.223324
0.0402237
-0.0142309
-0.00862058
-0.00256955
9.308e-05
0.000206751
5.89816e-05
-2.16348e-06
-3.11673e-06
-7.61845e-07
3.36142e-08
2.99738e-08
5.69302e-09
-1.29869e-10
-7.53568e-11
-1.17021e-11
-9.24047e-14
-7.43144e-14
-8.27993e-15
5.14905e-16
2.15424e-16
5.84748e-17
1.40911e-17
3.37718e-18
9.02055e-19
2.83817e-19
9.90462e-20
3.49739e-20
1.07644e-20
-1.80828e-07
1.99016e-07
-5.75365e-07
-3.67173e-07
1.17159e-05
-5.3329e-05
0.000117825
0.000196433
-0.00145053
0.00121577
0.00836508
-0.00620217
-0.0486568
-0.0490792
0.0925886
0.389048
0.673317
0.725255
0.552888
0.286405
0.0741783
-0.0182233
-0.0176936
-0.00788304
-0.000405321
0.000765746
0.000304284
2.37468e-05
-9.55172e-06
-4.15727e-06
-3.46991e-07
8.50969e-08
3.62683e-08
3.17747e-09
-1.29936e-10
-5.01395e-11
-4.06517e-12
-7.66075e-13
-2.17838e-13
-1.01676e-14
1.04686e-15
3.02851e-16
6.27618e-17
1.23915e-17
2.60659e-18
7.09392e-19
2.54678e-19
1.00048e-19
3.78131e-20
1.2149e-20
-3.78046e-07
6.98735e-07
-3.48248e-06
1.14365e-05
-1.44129e-05
-6.09811e-05
0.000329822
-0.000393058
-0.00192394
0.00486199
0.00940224
-0.0180934
-0.0608164
-0.0438189
0.11043
0.371679
0.519633
0.47367
0.292756
0.0957202
-0.0172559
-0.0323259
-0.0158329
-0.00106228
0.00218593
0.00108451
0.000212814
-1.42091e-05
-1.08983e-05
-2.7622e-06
5.07884e-08
8.06313e-08
2.07264e-08
4.98536e-10
2.62913e-11
1.83985e-11
1.29232e-12
-1.10917e-12
-3.41997e-13
-6.5184e-15
1.91405e-15
3.45722e-16
4.81387e-17
6.39391e-18
1.0489e-18
3.99453e-19
2.11361e-19
9.92195e-20
4.00557e-20
1.32833e-20
6.99609e-07
8.8994e-07
-5.93098e-06
2.94885e-05
-8.90693e-05
6.86217e-05
0.000532275
-0.00165995
-0.00112994
0.00945339
0.00835128
-0.0284162
-0.0666029
-0.0401607
0.105069
0.269095
0.309955
0.227241
0.0849451
-0.0224655
-0.0478425
-0.0243467
-0.00208674
0.00487172
0.00318069
0.00102775
4.89257e-05
-2.70854e-05
-1.13282e-05
-8.97061e-07
1.76369e-07
6.63981e-08
5.1756e-09
2.5252e-10
3.17458e-10
6.63311e-11
-1.60078e-12
-1.81315e-12
-2.97772e-13
1.57244e-14
3.48245e-15
2.19275e-16
6.31463e-18
-3.4716e-18
-8.7498e-19
1.00637e-19
1.82122e-19
1.01302e-19
4.21835e-20
1.41148e-20
5.83616e-06
-3.34711e-06
8.14906e-06
2.67462e-05
-0.000183422
0.000427381
0.000316794
-0.0031188
0.000407283
0.0132299
0.00691265
-0.0323911
-0.0648653
-0.0369116
0.0599149
0.131498
0.115123
0.0392475
-0.0390464
-0.0642885
-0.0380289
-0.0058737
0.00908508
0.00739283
0.0031787
0.00047414
-6.08079e-05
-2.58415e-05
-3.14946e-06
4.02612e-07
4.84088e-08
-2.95082e-08
-6.21266e-09
1.42242e-09
7.22944e-10
7.08788e-11
-6.2127e-12
-2.04227e-12
1.93188e-14
3.07036e-14
3.15788e-15
-1.0161e-16
-5.00688e-17
-1.29401e-17
-2.12282e-18
1.5797e-20
1.98851e-19
1.09794e-19
4.41846e-20
1.44869e-20
9.97562e-06
-1.31773e-05
5.37397e-05
-6.69584e-05
-0.000212417
0.000979859
-0.000328371
-0.00439806
0.00206707
0.0151279
0.00683262
-0.0277531
-0.0500417
-0.0330301
0.00630435
0.0142402
-0.0132506
-0.0576607
-0.0762847
-0.0516633
-0.0118416
0.0119842
0.0128547
0.00692878
0.00170554
-5.71558e-06
-2.89527e-05
-7.05428e-06
8.63802e-07
-6.6204e-08
-1.61519e-07
-5.35785e-08
-1.09857e-09
2.78773e-09
7.48172e-10
2.15001e-12
-6.78658e-12
-5.2787e-13
2.61495e-13
4.82007e-14
-1.33137e-15
-4.24727e-16
-8.61808e-17
-1.49164e-17
-1.56137e-18
2.8583e-19
2.70143e-19
1.22623e-19
4.50335e-20
1.41143e-20
-1.90386e-05
-1.77306e-05
0.000108499
-0.00025978
-5.28983e-05
0.00153375
-0.00120267
-0.00535346
0.00270544
0.0149212
0.00912839
-0.0125664
-0.027086
-0.025783
-0.0259276
-0.0376061
-0.060134
-0.0727079
-0.0544027
-0.0158269
0.0128038
0.0179953
0.0111917
0.00358679
0.000279944
-7.50294e-05
-9.10797e-06
1.06459e-05
2.33194e-06
-5.83496e-07
-3.43288e-07
-4.97443e-08
9.33651e-09
3.37832e-09
1.86804e-10
-5.03445e-11
-8.58303e-12
1.14585e-12
3.17885e-13
-1.6734e-15
-3.63429e-15
-5.29939e-16
-6.04608e-17
-5.21037e-18
9.3971e-19
8.17132e-19
3.59371e-19
1.30487e-19
4.28682e-20
1.26968e-20
-6.9891e-05
3.12178e-05
0.000101894
-0.000507133
0.000324897
0.00191964
-0.00216519
-0.00599
0.00225439
0.0135619
0.0135936
0.00512663
-0.00413584
-0.0130685
-0.0250228
-0.0380322
-0.0474232
-0.0384379
-0.0118394
0.0131136
0.0203128
0.0136909
0.00499629
0.000572179
-0.000180185
2.01088e-05
4.25644e-05
1.15189e-05
-1.40205e-06
-1.1153e-06
-2.62556e-07
1.99546e-08
1.07353e-08
1.22691e-09
-2.86967e-10
-6.82925e-11
3.55294e-12
1.58439e-12
7.89872e-14
-3.53268e-14
-5.43194e-15
-6.40644e-17
2.39622e-17
1.08687e-17
3.80703e-18
1.24767e-18
3.94955e-19
1.21319e-19
3.61484e-20
1.01595e-20
-2.88047e-05
0.000158557
9.2426e-06
-0.000635036
0.000824494
0.00174956
-0.00328287
-0.00613757
0.00173966
0.0125638
0.0170437
0.0156751
0.00965765
0.000873123
-0.00572759
-0.0116795
-0.0112678
-0.000512669
0.0131102
0.0181705
0.0117784
0.0039335
-1.63781e-05
-0.000465955
5.85985e-05
0.000122735
4.36249e-05
1.2196e-06
-3.02616e-06
-1.14566e-06
-2.22638e-08
3.43433e-08
9.13234e-09
-7.92393e-10
-3.10543e-10
-1.62724e-11
6.63739e-12
1.12704e-12
-2.11005e-13
-4.38045e-14
7.04997e-16
3.75785e-16
8.75181e-17
1.94749e-17
4.6177e-18
1.18258e-18
3.21322e-19
8.985e-20
2.52249e-20
6.87109e-21
0.000221028
0.000382166
-5.47068e-05
-0.000571501
0.000957787
0.000536448
-0.00401961
-0.00398167
0.00332336
0.011963
0.0160105
0.0149508
0.0107007
0.00846888
0.0077603
0.00773842
0.00969045
0.0128653
0.012266
0.00536263
-0.00068036
-0.00266732
-0.00138772
3.87163e-05
0.000308071
0.000150166
2.00755e-05
-7.46589e-06
-3.15453e-06
-2.18753e-07
1.17475e-07
3.18723e-08
-4.04038e-09
-1.66366e-09
-1.63154e-10
4.27535e-11
8.02145e-12
-1.02352e-12
-2.86118e-13
-4.13552e-16
3.82781e-15
5.83013e-16
7.44505e-17
1.22365e-17
2.38942e-18
5.65567e-19
1.54916e-19
4.48768e-20
1.29713e-20
3.6187e-21
0.000737105
0.000604561
-0.000300696
-0.00104055
-0.000350894
-0.00112126
-0.00181335
0.00149059
0.00668429
0.0094234
0.00804844
0.00481232
0.00338041
0.00550798
0.00864785
0.00995921
0.00883188
0.00432752
-0.00250009
-0.00694899
-0.00632503
-0.00289107
-7.27725e-05
0.000612405
0.00034791
6.68655e-05
-1.33555e-05
-6.31388e-06
-5.82009e-07
3.19081e-07
7.20431e-08
-1.4637e-08
-6.23387e-09
-6.79448e-10
2.13371e-10
4.62372e-11
-3.49094e-12
-1.32576e-12
-4.94228e-14
3.56722e-14
5.5628e-15
7.49424e-17
-1.42285e-17
-5.32857e-18
-1.21778e-18
-1.98142e-19
-1.34665e-20
5.86034e-21
3.46421e-21
1.25066e-21
-0.00198934
-0.00230084
-0.0029453
-0.00291387
-0.00144416
0.000791845
0.00446035
0.00817508
0.00784716
0.00358427
-0.00129328
-0.00414512
-0.00369949
-0.000535578
0.00272719
0.00299513
-8.72358e-05
-0.00570049
-0.00949617
-0.00811796
-0.00373617
-3.02855e-05
0.00103634
0.000617267
0.0001398
-2.29018e-05
-1.35791e-05
-2.30989e-06
7.61444e-07
2.25256e-07
-1.69321e-08
-1.7793e-08
-3.13468e-09
8.83035e-10
2.38807e-10
-6.52159e-12
-6.60137e-12
-9.57404e-13
2.10022e-13
4.16853e-14
-1.29785e-15
-3.86419e-16
-8.20022e-17
-1.64268e-17
-3.13585e-18
-5.57103e-19
-8.74851e-20
-1.09379e-20
-6.68904e-22
1.84888e-22
-0.00393358
-0.00339518
-0.00250706
3.98502e-07
0.00377385
0.00751311
0.0101383
0.00922798
0.00384597
-0.00171327
-0.00473112
-0.00499973
-0.00429095
-0.00260443
-0.000376802
0.000103846
-0.00242145
-0.00581909
-0.00546475
-0.00254174
0.000474524
0.00139056
0.000789388
0.000161574
-5.92955e-05
-3.29368e-05
-5.4735e-06
2.65269e-06
8.71153e-07
-2.48924e-08
-5.71266e-08
-1.012e-08
3.48528e-09
1.01619e-09
-1.6744e-11
-3.84342e-11
-7.11277e-12
1.03022e-12
2.32989e-13
-1.30846e-14
-3.91494e-15
-4.99558e-16
-7.24953e-17
-1.19344e-17
-2.01734e-18
-3.34202e-19
-4.92351e-20
-5.33921e-21
-8.00633e-23
1.68772e-22
0.00633443
0.00691437
0.00796827
0.00928649
0.010048
0.00954974
0.00692396
0.00211811
-0.00182089
-0.00265233
-0.00137294
-0.000911008
-0.00171443
-0.00149808
0.000604772
0.00192129
0.000994637
3.68077e-05
0.000351377
0.00119765
0.0012417
0.000502495
-4.15602e-05
-0.000166665
-6.94986e-05
-4.26755e-06
7.65353e-06
2.11332e-06
-2.0748e-07
-1.58778e-07
-2.30805e-08
9.60545e-09
2.69819e-09
-2.61464e-10
-1.93809e-10
-3.47684e-11
4.44101e-12
1.05467e-12
-7.83836e-14
-3.30246e-14
-4.02366e-15
-1.01875e-16
-1.16357e-18
1.8795e-18
5.65762e-19
1.26248e-19
2.9436e-20
7.71839e-21
2.05704e-21
5.17617e-22
0.00629906
0.00654669
0.00640579
0.00562501
0.00400396
0.00147572
-0.00122619
-0.00286886
-0.00244808
0.00035855
0.00203343
0.000940224
-0.00156875
-0.00170412
0.000858773
0.00327099
0.00343181
0.00254257
0.00148598
0.000541329
-0.000255972
-0.000495474
-0.000343923
-0.0001062
8.34506e-06
1.79275e-05
5.04669e-06
-3.43466e-07
-3.71739e-07
-6.09529e-08
2.31198e-08
6.10092e-09
-9.22082e-10
-6.06011e-10
-9.72023e-11
2.03018e-11
4.4142e-12
-3.10955e-13
-1.70921e-13
-2.62285e-14
1.40595e-15
2.3814e-16
4.64865e-17
9.59754e-18
1.82462e-18
3.26892e-19
6.0238e-20
1.23232e-20
2.7613e-21
6.39381e-22
0.00129321
0.00112691
0.000657496
-0.000197209
-0.00116259
-0.00222886
-0.00217049
-0.00110703
0.000297154
0.00165109
0.00129682
-0.002011
-0.00526816
-0.00500786
-0.00157887
0.00167387
0.00226446
0.00125757
-0.00014116
-0.000903916
-0.000861679
-0.000470137
-8.85941e-05
5.04939e-05
3.56488e-05
9.0742e-06
-1.26011e-06
-1.04695e-06
-2.04114e-07
6.22637e-08
2.45902e-08
1.24816e-09
-9.47565e-10
-1.39475e-10
9.92173e-11
2.38005e-11
-4.00565e-13
-6.57777e-13
-1.10638e-13
2.04772e-14
3.25454e-15
1.99884e-16
2.9735e-17
5.20985e-18
8.36874e-19
1.24796e-19
2.0929e-20
4.88065e-21
1.38706e-21
3.93795e-22
-0.000831074
-0.000976834
-0.00113245
-0.00120526
-0.00124781
-0.000809433
0.000452534
0.000961326
0.000503833
-0.00222351
-0.00525319
-0.00831309
-0.0101105
-0.00855162
-0.00418886
-0.000325322
0.000610628
4.64663e-05
-0.000668076
-0.000668786
-0.000314063
1.39461e-05
0.000108433
5.68537e-05
9.58138e-06
-4.50088e-06
-2.3015e-06
-3.50515e-07
1.4875e-07
4.66361e-08
-2.63109e-09
-3.3552e-09
-2.88663e-10
3.3757e-10
1.02392e-10
5.30715e-13
-2.13546e-12
-3.46022e-13
1.1976e-13
2.65354e-14
7.63552e-16
-6.57206e-17
-1.81289e-17
-4.44113e-18
-1.04091e-18
-2.24389e-19
-4.21823e-20
-6.45468e-21
-6.62389e-22
1.61245e-23
-0.000206568
-0.000205471
-0.000111646
0.000115787
0.000158646
0.000864562
0.00195221
0.000369862
-0.00751216
-0.0152651
-0.0185826
-0.0179528
-0.0153959
-0.010783
-0.00506349
-0.000824143
0.000422257
0.000245577
3.52945e-05
6.23361e-05
0.000150796
0.000129423
4.83294e-05
-2.09956e-06
-1.14495e-05
-4.3313e-06
-1.19125e-07
4.02429e-07
7.39529e-08
-3.10702e-08
-1.61142e-08
-2.50181e-09
2.91725e-10
3.4947e-11
-4.18593e-11
-1.28411e-11
-8.12111e-13
3.5264e-13
7.99505e-14
-3.80055e-15
-8.73833e-16
-1.88215e-16
-4.37735e-17
-9.75884e-18
-2.06118e-18
-4.08916e-19
-7.50141e-20
-1.24686e-20
-1.82167e-21
-2.21125e-22
0.0001382
0.000167832
0.000290043
0.000425169
-4.93612e-05
0.00121484
0.000824608
-0.01078
-0.0306411
-0.0435973
-0.0423446
-0.0325837
-0.021409
-0.012008
-0.00488646
-0.000603531
0.000584461
0.000500765
0.000305841
0.0001752
7.63347e-05
-8.12082e-07
-2.75478e-05
-1.80374e-05
-4.69432e-06
6.97933e-07
7.91858e-07
1.98537e-07
-2.54793e-08
-1.52608e-08
-2.65527e-09
5.55186e-10
-8.28945e-11
-1.11009e-10
-3.66842e-11
-2.62228e-12
7.53968e-13
5.40517e-14
-4.63875e-14
-1.11455e-14
-9.63353e-16
-1.50915e-16
-3.61382e-17
-8.20009e-18
-1.74719e-18
-3.48681e-19
-6.47002e-20
-1.10663e-20
-1.7255e-21
-2.44895e-22
-0.000114641
-0.000155257
0.00012757
-0.00101772
-0.0060725
-0.00996953
-0.019144
-0.0459314
-0.079048
-0.0896088
-0.0743222
-0.0478249
-0.0255228
-0.0118237
-0.00412333
-0.00044189
0.000353826
0.000273385
9.44897e-05
-1.82867e-05
-5.36946e-05
-4.07975e-05
-1.73422e-05
-1.45804e-06
2.63638e-06
1.23982e-06
1.65628e-07
-7.74104e-08
-1.9384e-08
4.85242e-09
5.7792e-09
1.70405e-09
1.41511e-10
4.94231e-12
6.95797e-12
3.86593e-12
5.87906e-13
-4.6893e-14
-1.29565e-14
-1.56353e-15
-2.72306e-16
-6.57164e-17
-1.61932e-17
-3.891e-18
-8.82125e-19
-1.85114e-19
-3.56971e-20
-6.31398e-21
-1.02277e-21
-1.54254e-22
-0.00211588
-0.00678899
-0.0219237
-0.0569247
-0.0853757
-0.0834707
-0.0862005
-0.118368
-0.149334
-0.142721
-0.101765
-0.0559455
-0.0252462
-0.00970644
-0.00291428
-0.000292112
0.000116789
6.47845e-05
-1.89118e-05
-4.24377e-05
-2.72219e-05
-6.47697e-06
3.6852e-06
3.5761e-06
1.2828e-06
5.11426e-09
-1.8599e-07
-5.446e-08
1.03407e-08
9.81143e-09
3.20134e-09
1.93547e-10
-3.86556e-11
3.01453e-12
1.03826e-11
3.05485e-12
1.6425e-13
-1.45907e-15
2.16832e-16
2.29046e-16
5.50833e-17
7.83249e-18
-2.71118e-19
-5.7751e-19
-2.17704e-19
-5.76682e-20
-1.25729e-20
-2.38824e-21
-4.05778e-22
-6.39725e-23
-0.141296
-0.168947
-0.225373
-0.300939
-0.306136
-0.240895
-0.195143
-0.207055
-0.215277
-0.178598
-0.112204
-0.0543962
-0.0214049
-0.0071961
-0.00190949
-0.000137246
6.74497e-05
4.0008e-05
3.48499e-07
-1.12472e-06
2.56273e-06
3.9409e-06
2.28028e-06
4.89473e-07
-2.26949e-07
-1.76441e-07
-4.41639e-08
1.12014e-08
4.83304e-09
5.1356e-11
-1.07349e-09
-3.33378e-10
-1.97712e-13
1.47479e-11
3.7844e-12
-6.79134e-13
-2.10998e-13
-9.98578e-15
2.69742e-15
9.17355e-16
1.69848e-16
2.8112e-17
3.92575e-18
3.94624e-19
8.77994e-21
-8.26064e-21
-2.72263e-21
-5.98756e-22
-1.08888e-22
-1.78774e-23
)
;

boundaryField
{
    movingWall
    {
        type            zeroGradient;
    }
    fixedWalls
    {
        type            zeroGradient;
    }
    frontAndBack
    {
        type            empty;
    }
}

