/*--------------------------------*- C++ -*----------------------------------*\
| =========                 |                                                 |
| \\      /  F ield         | OpenFOAM: The Open Source CFD Toolbox           |
|  \\    /   O peration     | Version:  v2006                                 |
|   \\  /    A nd           | Website:  www.openfoam.com                      |
|    \\/     M anipulation  |                                                 |
\*---------------------------------------------------------------------------*/
FoamFile
{
    version     2.0;
    format      ascii;
    class       volScalarField;
    location    "0";
    object      f;
}
// * * * * * * * * * * * * * * * * * * * * * * * * * * * * * * * * * * * * * //

dimensions      [0 0 0 0 0 0 0];


internalField   nonuniform List<scalar> 
2500
(
3.41893e-86
4.16611e-71
-4.09589e-63
2.22403e-57
-5.95635e-55
-5.54138e-51
-7.00246e-48
-1.17475e-45
-3.01775e-44
3.50491e-43
1.76018e-41
2.48349e-40
2.4151e-39
3.06973e-38
2.4681e-37
1.23973e-36
3.27841e-36
-2.428e-36
-7.0052e-35
-4.03158e-34
-1.54001e-33
-4.04113e-33
-5.91903e-33
3.09854e-33
4.68855e-32
1.61298e-31
3.82928e-31
7.22278e-31
1.12842e-30
1.48969e-30
1.69e-30
1.67388e-30
1.46533e-30
1.1361e-30
7.59395e-31
3.83389e-31
3.32509e-32
-2.72723e-31
-5.12424e-31
-6.63995e-31
-7.18181e-31
-6.85833e-31
-5.93974e-31
-4.74578e-31
-3.54232e-31
-2.4939e-31
-1.66814e-31
-1.06574e-31
-6.52712e-32
-2.3802e-32
8.21613e-84
4.00022e-69
-2.0387e-61
7.0477e-56
-2.24978e-53
-7.13076e-50
-1.227e-46
-1.98129e-44
-4.5048e-43
5.12811e-42
2.30243e-40
2.76677e-39
2.1936e-38
2.55344e-37
2.02617e-36
1.06923e-35
3.39638e-35
3.05939e-35
-3.11292e-34
-2.17778e-33
-8.69382e-33
-2.33603e-32
-3.69688e-32
-1.06908e-36
1.9942e-31
7.23181e-31
1.73412e-30
3.27797e-30
5.11554e-30
6.726e-30
7.57868e-30
7.43871e-30
6.44456e-30
4.94752e-30
3.29191e-30
1.69447e-30
2.55707e-31
-9.64598e-31
-1.89524e-30
-2.46489e-30
-2.64992e-30
-2.50345e-30
-2.13836e-30
-1.6815e-30
-1.23362e-30
-8.53093e-31
-5.60436e-31
-3.51747e-31
-2.11732e-31
-8.00031e-32
1.78205e-81
3.46216e-67
-9.14502e-60
2.04307e-54
-8.98689e-52
-3.95777e-49
-2.0479e-45
-3.2536e-43
-6.66354e-42
7.13868e-41
2.98657e-39
3.14965e-38
2.04828e-37
2.12444e-36
1.64592e-35
9.04501e-35
3.21983e-34
5.45711e-34
-1.12423e-33
-1.20818e-32
-5.18311e-32
-1.43564e-31
-2.41244e-31
-8.25758e-32
9.13073e-31
3.56238e-30
8.69122e-30
1.6559e-29
2.59483e-29
3.41468e-29
3.83966e-29
3.75212e-29
3.23147e-29
2.46649e-29
1.63842e-29
8.58009e-30
1.71841e-30
-3.97937e-30
-8.24941e-30
-1.0815e-29
-1.16052e-29
-1.08932e-29
-9.21721e-30
-7.16515e-30
-5.18985e-30
-3.54108e-30
-2.29499e-30
-1.42137e-30
-8.4465e-31
-3.28931e-31
3.73731e-79
2.8412e-65
-3.86116e-58
5.65891e-53
-3.48311e-50
1.42518e-47
-3.31563e-44
-5.24709e-42
-9.78468e-41
9.34238e-40
3.7695e-38
3.56894e-37
1.92779e-36
1.70874e-35
1.26072e-34
7.17004e-34
2.78745e-33
6.11495e-33
-2.25804e-34
-6.12686e-32
-2.95933e-31
-8.52239e-31
-1.50893e-30
-9.11436e-31
3.87239e-30
1.68399e-29
4.20928e-29
8.11518e-29
1.28075e-28
1.69088e-28
1.90101e-28
1.85235e-28
1.58792e-28
1.20621e-28
8.00437e-29
4.26108e-29
1.04385e-29
-1.57455e-29
-3.50651e-29
-4.65074e-29
-4.99046e-29
-4.65978e-29
-3.90891e-29
-3.00534e-29
-2.14965e-29
-1.44728e-29
-9.25389e-30
-5.65569e-30
-3.31823e-30
-1.33191e-30
7.57977e-77
2.20864e-63
-1.51793e-56
1.49019e-51
-1.26579e-48
7.23255e-46
-5.19484e-43
-8.29185e-41
-1.42293e-39
1.13865e-38
4.60283e-37
3.99565e-36
1.845e-35
1.34272e-34
9.05644e-34
5.30443e-33
2.23364e-32
5.70506e-32
4.93778e-32
-2.68777e-31
-1.60645e-30
-4.87632e-30
-9.05762e-30
-7.32618e-30
1.47136e-29
7.59932e-29
1.96427e-28
3.85046e-28
6.14175e-28
8.15645e-28
9.18769e-28
8.94176e-28
7.63997e-28
5.78165e-28
3.83503e-28
2.07344e-28
5.91475e-29
-5.91972e-29
-1.4533e-28
-1.95839e-28
-2.10578e-28
-1.95856e-28
-1.63024e-28
-1.24028e-28
-8.76273e-29
-5.82175e-29
-3.67237e-29
-2.21483e-29
-1.28303e-29
-5.30665e-30
1.48869e-74
1.61989e-61
-5.44151e-55
3.70545e-50
-4.30515e-47
2.23488e-44
-7.84961e-42
-1.28037e-39
-2.04132e-38
1.27293e-37
5.41047e-36
4.38319e-35
1.7985e-34
1.04941e-33
6.05852e-33
3.62837e-32
1.66348e-31
4.75131e-31
6.54619e-31
-8.5565e-31
-8.19551e-30
-2.68162e-29
-5.21999e-29
-5.07719e-29
4.61237e-29
3.24928e-28
8.79928e-28
1.76443e-27
2.85634e-27
3.82741e-27
4.32955e-27
4.21619e-27
3.5956e-27
2.71366e-27
1.80025e-27
9.87584e-28
3.17457e-28
-2.08171e-28
-5.86229e-28
-8.06712e-28
-8.71259e-28
-8.08387e-28
-6.68306e-28
-5.03398e-28
-3.51378e-28
-2.30372e-28
-1.43357e-28
-8.53155e-29
-4.87984e-29
-2.07852e-29
2.84182e-72
1.11163e-59
-1.69889e-53
8.61568e-49
-1.37873e-45
5.72385e-43
-1.13848e-40
-1.92535e-38
-2.87435e-37
1.26813e-36
6.09469e-35
4.67216e-34
1.77268e-33
8.36139e-33
3.74507e-32
2.25324e-31
1.14849e-30
3.62473e-30
6.23475e-30
9.96643e-32
-3.84929e-29
-1.4118e-28
-2.88754e-28
-3.19589e-28
8.41686e-29
1.30113e-27
3.76515e-27
7.78463e-27
1.28557e-26
1.74431e-26
1.98662e-26
1.93957e-26
1.65348e-26
1.24592e-26
8.27124e-27
4.5995e-27
1.62756e-27
-6.64407e-28
-2.29634e-27
-3.24701e-27
-3.53171e-27
-3.27439e-27
-2.69152e-27
-2.00845e-27
-1.38538e-27
-8.96317e-28
-5.50175e-28
-3.23058e-28
-1.82447e-28
-7.9962e-29
5.31376e-70
7.02285e-58
-4.03278e-52
1.84618e-47
-4.18537e-44
1.30764e-41
-1.5743e-39
-2.80865e-37
-3.95024e-36
1.05198e-35
6.55035e-34
4.80046e-33
1.74188e-32
6.95591e-32
2.13024e-31
1.22275e-30
7.28001e-30
2.55801e-29
5.08101e-29
3.3635e-29
-1.59465e-28
-7.0755e-28
-1.53185e-27
-1.86878e-27
-2.90425e-28
4.78251e-27
1.52812e-26
3.29377e-26
5.58518e-26
7.70629e-26
8.86274e-26
8.69379e-26
7.42098e-26
5.58946e-26
3.71532e-26
2.09231e-26
8.00944e-27
-1.79135e-27
-8.71048e-27
-1.27533e-26
-1.40128e-26
-1.30067e-26
-1.06432e-26
-7.87328e-27
-5.36796e-27
-3.42703e-27
-2.07459e-27
-1.20175e-27
-6.70079e-28
-3.01868e-28
9.8716e-68
3.94788e-56
-2.39158e-51
3.56433e-46
-1.21098e-42
2.73732e-40
-2.05556e-38
-3.95743e-36
-5.26789e-35
5.67796e-35
6.68592e-33
4.71706e-32
1.67762e-31
6.0989e-31
1.13369e-30
5.24499e-30
4.14569e-29
1.67174e-28
3.72936e-28
3.91704e-28
-5.17137e-28
-3.34628e-27
-7.7818e-27
-1.02674e-26
-4.57723e-27
1.54931e-26
5.82055e-26
1.32945e-25
2.33489e-25
3.29327e-25
3.83763e-25
3.79141e-25
3.24627e-25
2.44712e-25
1.62962e-25
9.28561e-26
3.79417e-26
-3.10735e-27
-3.18802e-26
-4.88064e-26
-5.43643e-26
-5.06273e-26
-4.12982e-26
-3.03086e-26
-2.04302e-26
-1.28693e-26
-7.68129e-27
-4.38856e-27
-2.41571e-27
-1.11725e-27
1.86281e-65
1.80734e-54
5.1319e-49
5.97995e-45
-3.35276e-41
5.30382e-39
-2.49728e-37
-5.35942e-35
-6.77727e-34
-2.01985e-34
6.44719e-32
4.39634e-31
1.55701e-30
5.56392e-30
6.16091e-30
1.07677e-29
2.01644e-28
1.00539e-27
2.51406e-27
3.32611e-27
-6.11909e-28
-1.47181e-26
-3.77672e-26
-5.33335e-26
-3.5031e-26
3.96667e-26
2.04409e-25
5.08068e-25
9.35496e-25
1.35784e-24
1.60975e-24
1.60609e-24
1.38209e-24
1.04414e-24
6.97059e-25
4.01533e-25
1.73286e-25
5.12081e-27
-1.12041e-25
-1.81665e-25
-2.05989e-25
-1.92936e-25
-1.57141e-25
-1.14511e-25
-7.63349e-26
-4.74364e-26
-2.79069e-26
-1.57205e-26
-8.54145e-27
-4.05015e-27
3.66817e-63
4.48423e-53
4.47502e-47
8.28006e-44
-8.9046e-40
9.52308e-38
-2.75472e-36
-6.93606e-34
-8.36249e-33
-1.21367e-32
5.8373e-31
3.84868e-30
1.36981e-29
5.13621e-29
4.17738e-29
-9.76015e-29
7.15494e-28
5.47261e-27
1.56669e-26
2.42225e-26
9.23503e-27
-5.85608e-26
-1.74511e-25
-2.62845e-25
-2.14439e-25
4.35264e-26
6.39584e-25
1.81762e-24
3.57332e-24
5.38469e-24
6.5265e-24
6.59658e-24
5.71757e-24
4.33547e-24
2.90357e-24
1.68957e-24
7.63577e-25
9.07536e-26
-3.7555e-25
-6.5628e-25
-7.61251e-25
-7.19163e-25
-5.85911e-25
-4.24379e-25
-2.79847e-25
-1.71522e-25
-9.94127e-26
-5.51925e-26
-2.95934e-26
-1.43663e-26
7.69468e-61
-3.10061e-51
2.6449e-45
9.74499e-43
-2.2712e-38
1.57468e-36
-2.6314e-35
-8.51805e-33
-9.8361e-32
-2.35025e-31
4.92598e-30
3.12361e-29
1.12206e-28
4.65872e-28
3.91589e-28
-1.63322e-27
2.43202e-28
2.59442e-26
9.00955e-26
1.58785e-25
1.15236e-25
-1.97647e-25
-7.637e-25
-1.2314e-24
-1.15691e-24
-3.49575e-25
1.63887e-24
5.97165e-24
1.29173e-23
2.04595e-23
2.55098e-23
2.62147e-23
2.29417e-23
1.74894e-23
1.176e-23
6.90787e-24
3.24658e-24
6.21888e-25
-1.18841e-24
-2.2952e-24
-2.73961e-24
-2.61911e-24
-2.13903e-24
-1.54175e-24
-1.00604e-24
-6.07988e-25
-3.46962e-25
-1.89742e-25
-1.00369e-25
-4.98092e-26
1.72104e-58
-6.46427e-49
1.31457e-43
2.09106e-41
-5.56241e-37
2.35982e-35
-1.92692e-34
-9.83541e-32
-1.09537e-30
-3.42803e-30
3.84263e-29
2.30327e-28
8.35052e-28
4.05517e-27
4.25044e-27
-1.51508e-26
-2.66694e-26
9.60803e-26
4.73247e-25
9.54068e-25
9.25855e-25
-4.50977e-25
-3.13851e-24
-5.48922e-24
-5.70324e-24
-3.52184e-24
2.40074e-24
1.73528e-23
4.3714e-23
7.41195e-23
9.58335e-23
1.00558e-22
8.91041e-23
6.84217e-23
4.62347e-23
2.74e-23
1.33141e-23
3.34895e-24
-3.49112e-24
-7.74618e-24
-9.58372e-24
-9.30782e-24
-7.63946e-24
-5.48713e-24
-3.54443e-24
-2.11124e-24
-1.18538e-24
-6.38069e-25
-3.32859e-25
-1.68607e-25
4.02202e-56
-7.15607e-47
5.82876e-42
1.20472e-39
-1.30637e-35
3.09248e-34
-5.44636e-34
-1.05377e-30
-1.14546e-29
-4.227e-29
2.75213e-28
1.48687e-27
5.40024e-27
3.32816e-26
4.48468e-26
-1.07944e-25
-3.28608e-25
1.47369e-25
2.21541e-24
5.2815e-24
6.19449e-24
4.95404e-25
-1.19317e-23
-2.32876e-23
-2.61468e-23
-2.17088e-23
-7.09913e-24
4.05236e-23
1.3605e-22
2.54371e-22
3.44772e-22
3.71325e-22
3.34216e-22
2.59073e-22
1.76132e-22
1.05261e-22
5.26224e-23
1.58705e-23
-9.22108e-24
-2.51266e-23
-3.25174e-23
-3.22314e-23
-2.66653e-23
-1.91184e-23
-1.22307e-23
-7.17683e-24
-3.96054e-24
-2.09649e-24
-1.07802e-24
-5.5655e-25
9.53698e-54
-6.38869e-45
2.35847e-40
6.74574e-38
-2.93494e-34
3.22256e-33
1.33504e-32
-1.02571e-29
-1.1128e-28
-4.54285e-28
1.81809e-27
7.6976e-27
2.70232e-26
2.53731e-25
4.32119e-25
-6.11191e-25
-2.8301e-24
-1.81152e-24
8.69204e-24
2.68406e-23
3.68192e-23
1.52427e-23
-4.07054e-23
-9.39654e-23
-1.12651e-22
-1.10302e-22
-8.78347e-23
4.80689e-23
3.76598e-22
8.19568e-22
1.18259e-21
1.31574e-21
1.20745e-21
9.47297e-22
6.48892e-22
3.90954e-22
2.00226e-22
6.8829e-23
-2.02911e-23
-7.7916e-23
-1.06729e-22
-1.08568e-22
-9.08618e-23
-6.51644e-23
-4.13108e-23
-2.38645e-23
-1.29277e-23
-6.72143e-24
-3.40466e-24
-1.78898e-24
2.23529e-51
-5.01736e-43
8.78583e-39
3.05094e-36
-6.28485e-33
1.68546e-32
3.04495e-31
-8.71666e-29
-9.88945e-28
-4.2488e-27
1.16303e-26
2.22922e-26
5.28878e-26
1.76741e-24
3.75518e-24
-2.48372e-24
-2.04623e-23
-2.5812e-23
2.29313e-23
1.2355e-22
1.98893e-22
1.29104e-22
-1.15385e-22
-3.59845e-22
-4.59569e-22
-4.97682e-22
-5.33209e-22
-2.07795e-22
8.56148e-22
2.44574e-21
3.84616e-21
4.45672e-21
4.18873e-21
3.33646e-21
2.30704e-21
1.40121e-21
7.32406e-22
2.77958e-22
-2.76141e-23
-2.2925e-22
-3.37749e-22
-3.54988e-22
-3.0186e-22
-2.17111e-22
-1.36493e-22
-7.75626e-23
-4.11755e-23
-2.09943e-23
-1.04679e-23
-5.59133e-24
5.08266e-49
-3.57557e-41
3.01789e-37
1.16541e-34
-1.27654e-31
-3.20522e-31
3.26862e-30
-5.86302e-28
-7.84472e-27
-3.34796e-26
8.37696e-26
-1.21264e-25
-9.66879e-25
1.0973e-23
2.94118e-23
-2.64689e-24
-1.31448e-22
-2.27302e-22
-2.60409e-23
4.99018e-22
9.8255e-22
8.32486e-22
-1.96961e-22
-1.30087e-21
-1.78669e-21
-2.0569e-21
-2.57053e-21
-2.04642e-21
1.1638e-21
6.60902e-21
1.17769e-20
1.43644e-20
1.39013e-20
1.1286e-20
7.89768e-21
4.83679e-21
2.57134e-21
1.05401e-21
4.58567e-23
-6.3289e-22
-1.02613e-21
-1.12383e-21
-9.76214e-22
-7.06465e-22
-4.40893e-22
-2.4619e-22
-1.27797e-22
-6.37672e-23
-3.12675e-23
-1.69618e-23
1.10743e-46
-2.34176e-39
9.52172e-36
3.90324e-33
-2.44345e-30
-1.36159e-29
6.70836e-31
-1.97935e-27
-5.30984e-26
-1.99424e-25
8.09852e-25
-2.72581e-24
-1.77148e-23
5.78252e-23
2.07412e-22
7.5765e-23
-7.71862e-22
-1.65898e-21
-9.61424e-22
1.62644e-21
4.42079e-21
4.64973e-21
5.29003e-22
-4.38256e-21
-6.65799e-21
-7.92422e-21
-1.08172e-20
-1.11423e-20
-2.25566e-21
1.547e-20
3.36281e-20
4.37979e-20
4.39316e-20
3.65359e-20
2.59668e-20
1.60484e-20
8.64893e-21
3.76757e-21
5.78315e-22
-1.60972e-21
-2.97598e-21
-3.43351e-21
-3.0674e-21
-2.243e-21
-1.39149e-21
-7.625e-22
-3.85893e-22
-1.87905e-22
-9.05036e-23
-4.98407e-23
2.29257e-44
-1.4158e-37
2.73243e-34
1.16955e-31
-4.36937e-29
-3.15792e-28
-8.73426e-28
2.28657e-26
-2.76266e-25
-4.66445e-25
9.76999e-24
-2.75096e-23
-1.99254e-22
2.25538e-22
1.30991e-21
9.98479e-22
-4.233e-21
-1.08308e-20
-9.13354e-21
2.96116e-21
1.78422e-20
2.34564e-20
8.13715e-21
-1.3336e-20
-2.38867e-20
-2.88236e-20
-4.11486e-20
-4.86803e-20
-2.66551e-20
2.79099e-20
8.83422e-20
1.25368e-19
1.31403e-19
1.12693e-19
8.17725e-20
5.10863e-20
2.78197e-20
1.27111e-20
3.07317e-21
-3.64516e-21
-8.17369e-21
-1.00791e-20
-9.34163e-21
-6.94128e-21
-4.28901e-21
-2.30251e-21
-1.13148e-21
-5.35568e-22
-2.53012e-22
-1.41511e-22
4.47952e-42
-7.89979e-36
6.99558e-33
3.15903e-30
-7.20988e-28
-5.77805e-27
-2.46749e-26
6.03647e-25
-7.222e-25
9.04452e-24
1.19977e-22
-1.90818e-22
-1.81131e-21
2.26163e-22
7.31558e-21
8.49427e-21
-2.21412e-20
-6.5296e-20
-6.53483e-20
-1.1454e-20
6.23761e-20
1.08658e-19
5.80456e-20
-3.36261e-20
-8.26142e-20
-1.0013e-19
-1.43915e-19
-1.85e-19
-1.38256e-19
1.97795e-20
2.09127e-19
3.3332e-19
3.68846e-19
3.29234e-19
2.45854e-19
1.55762e-19
8.54248e-20
4.04611e-20
1.27388e-20
-6.77976e-21
-2.10081e-20
-2.82544e-20
-2.74844e-20
-2.09127e-20
-1.29078e-20
-6.77405e-21
-3.21403e-21
-1.47051e-21
-6.80117e-22
-3.87072e-22
8.21079e-40
-4.05291e-34
1.53576e-31
7.666e-29
-1.07715e-26
-8.99934e-26
-4.73506e-25
8.39092e-24
4.18078e-24
1.83499e-22
1.34554e-21
-8.06777e-22
-1.42477e-20
-6.68318e-21
3.52193e-20
5.81491e-20
-1.12529e-19
-3.68773e-19
-4.0102e-19
-1.70613e-19
1.72641e-19
4.6434e-19
3.31182e-19
-4.78337e-20
-2.74255e-19
-3.35785e-19
-4.67557e-19
-6.29236e-19
-5.5275e-19
-1.23991e-19
4.30434e-19
8.10185e-19
9.59139e-19
9.03357e-19
7.02981e-19
4.54389e-19
2.50116e-19
1.21323e-19
4.5643e-20
-7.56051e-21
-4.95556e-20
-7.49478e-20
-7.77634e-20
-6.12568e-20
-3.79337e-20
-1.94097e-20
-8.81946e-21
-3.86742e-21
-1.74689e-21
-1.01618e-21
1.40272e-37
-1.89839e-32
2.61372e-30
1.64191e-27
-1.4085e-25
-1.2211e-24
-7.30374e-24
8.84478e-23
5.46011e-23
2.18002e-21
1.3284e-20
1.07665e-21
-9.96269e-20
-8.48028e-20
1.38476e-19
3.3732e-19
-5.59538e-19
-1.95773e-18
-2.19343e-18
-1.24574e-18
2.54592e-19
1.82095e-18
1.66434e-18
1.58539e-19
-8.63205e-19
-1.09649e-18
-1.42193e-18
-1.93677e-18
-1.8759e-18
-7.88035e-19
7.15058e-19
1.75442e-18
2.26085e-18
2.29713e-18
1.90181e-18
1.26822e-18
6.98341e-19
3.41905e-19
1.45898e-19
1.13452e-20
-1.03467e-19
-1.85332e-19
-2.10144e-19
-1.74172e-19
-1.08954e-19
-5.41825e-20
-2.32985e-20
-9.661e-21
-4.2474e-21
-2.54861e-21
2.21689e-35
-8.02573e-31
2.16077e-29
2.95822e-26
-1.4925e-24
-1.45495e-23
-9.41045e-23
7.55251e-22
-9.69193e-23
1.97572e-20
1.13299e-19
6.24692e-20
-6.28088e-19
-6.78285e-19
3.84092e-19
1.66457e-18
-2.68051e-18
-9.72345e-18
-1.0803e-17
-7.08179e-18
-9.07984e-19
6.42513e-18
7.59048e-18
1.8582e-18
-2.5186e-18
-3.50417e-18
-4.07279e-18
-5.41e-18
-5.56089e-18
-2.96422e-18
7.62514e-19
3.22672e-18
4.63048e-18
5.28793e-18
4.83074e-18
3.39354e-18
1.86476e-18
9.03574e-19
4.18945e-19
1.07996e-19
-1.7573e-19
-4.15566e-19
-5.36446e-19
-4.79735e-19
-3.06434e-19
-1.47604e-19
-5.90103e-20
-2.26191e-20
-9.63128e-21
-6.07204e-21
3.21176e-33
-3.00409e-29
-5.95907e-28
3.83991e-25
-9.55443e-24
-1.54458e-22
-1.00573e-21
5.35798e-21
-9.86045e-21
1.41125e-19
8.14149e-19
7.49749e-19
-3.59658e-18
-4.13134e-18
2.67048e-19
6.77872e-18
-1.1847e-17
-4.4847e-17
-4.78189e-17
-3.41677e-17
-1.02639e-17
1.94429e-17
3.18139e-17
1.06147e-17
-6.55938e-18
-1.10152e-17
-1.10137e-17
-1.3672e-17
-1.44778e-17
-8.52025e-18
-2.19264e-19
4.51582e-18
7.41718e-18
1.0485e-17
1.137e-17
8.75732e-18
4.80279e-18
2.23849e-18
1.07025e-18
4.26992e-19
-1.75263e-19
-7.93556e-19
-1.26843e-18
-1.27641e-18
-8.46757e-19
-3.93944e-19
-1.42611e-19
-4.84791e-20
-1.98399e-20
-1.3656e-20
4.21643e-31
-9.59723e-28
-3.291e-26
5.51326e-25
7.0039e-23
-1.55647e-21
-8.51132e-21
3.47416e-20
-1.53769e-19
7.3825e-19
4.70873e-18
6.20617e-18
-1.85936e-17
-1.90349e-17
-4.47261e-18
2.09872e-17
-4.39792e-17
-1.92416e-16
-1.88976e-16
-1.43382e-16
-5.68873e-17
4.48784e-17
1.2582e-16
4.45259e-17
-1.41983e-17
-3.50756e-17
-2.78631e-17
-3.0897e-17
-3.284e-17
-1.92105e-17
-3.03657e-18
3.08271e-18
5.75921e-18
1.54417e-17
2.41577e-17
2.20704e-17
1.21553e-17
5.22778e-18
2.35162e-18
1.18713e-18
2.41153e-19
-1.04281e-18
-2.66737e-18
-3.26537e-18
-2.30985e-18
-1.03737e-18
-3.26944e-19
-9.04876e-20
-3.51451e-20
-2.88528e-20
4.93836e-29
-2.39365e-26
-6.61786e-25
-1.76101e-22
4.02853e-21
-1.75917e-20
-5.07415e-20
2.92742e-19
-1.41679e-18
1.67694e-18
2.00072e-17
4.04528e-17
-8.2464e-17
-5.84555e-17
-3.31528e-17
4.35196e-17
-9.47768e-17
-7.49663e-16
-6.37227e-16
-5.07248e-16
-2.42486e-16
7.70216e-17
6.36862e-16
1.3499e-16
-2.28986e-17
-1.29004e-16
-6.26494e-17
-6.04387e-17
-6.35626e-17
-3.29583e-17
-5.53521e-18
-5.14457e-18
-1.50905e-17
3.61922e-18
4.3554e-17
5.5523e-17
3.12614e-17
1.17377e-17
4.01665e-18
2.14146e-18
1.8905e-18
4.62504e-19
-4.46996e-18
-7.96389e-18
-6.25269e-18
-2.72294e-18
-7.04811e-19
-1.26524e-19
-4.5577e-20
-5.75165e-20
5.03978e-27
-3.21933e-25
1.05786e-23
-7.45047e-21
9.59486e-20
-2.56206e-19
-1.5213e-19
4.07286e-18
-7.58539e-18
-1.91025e-17
5.08306e-17
2.15688e-16
-2.16648e-16
-8.3877e-16
-2.09784e-16
3.93274e-15
3.05521e-16
-1.79754e-15
-1.35462e-15
-1.1328e-15
-9.06045e-16
1.33064e-14
7.27926e-15
-2.81955e-16
-2.53495e-15
-7.59759e-16
-1.5272e-16
-9.60966e-17
-1.0128e-16
-6.15044e-17
-2.34976e-18
-1.93154e-17
-7.31176e-17
-9.73211e-17
5.4281e-17
1.43256e-16
8.57077e-17
2.63939e-17
3.08222e-18
-4.45476e-19
5.59352e-18
9.93038e-18
-3.24628e-18
-1.82021e-17
-1.68465e-17
-7.20699e-18
-1.39988e-18
-2.36783e-20
-6.4445e-21
-1.12034e-19
4.27643e-25
7.9495e-24
1.57276e-21
-2.10494e-19
1.79148e-18
-4.18379e-18
-1.14584e-19
6.6457e-17
-7.67087e-18
-1.83489e-15
2.65693e-16
7.593e-16
1.67215e-15
-7.058e-14
2.88182e-14
2.13629e-13
-3.70937e-15
7.45267e-13
1.40725e-12
1.18282e-12
5.90064e-13
2.49548e-13
3.28416e-14
-6.02293e-14
-4.40658e-14
-3.91056e-15
-1.48861e-14
-1.30041e-15
-1.72399e-16
-1.1907e-15
-1.07028e-16
-3.50221e-17
-2.93134e-16
-7.18539e-16
-1.4204e-17
4.04502e-16
2.66151e-16
6.18335e-17
-1.30156e-17
-2.63208e-17
7.59735e-18
4.64065e-17
1.69162e-17
-3.75757e-17
-4.50266e-17
-1.94087e-17
-2.38947e-18
7.55526e-19
2.16677e-19
-2.36324e-19
2.57594e-23
7.10475e-22
8.13773e-20
-4.66636e-18
2.95534e-17
-7.50175e-17
-1.16984e-17
9.85916e-16
-7.81082e-15
-2.42027e-14
2.13716e-13
4.55397e-15
-2.70579e-13
-3.56162e-13
1.49397e-12
9.37617e-13
-2.49346e-12
4.34673e-12
1.05913e-11
1.05422e-11
5.78344e-12
8.66732e-13
-1.20209e-12
-1.36315e-12
-1.55855e-13
7.53707e-16
-1.29786e-13
-2.91177e-13
-1.82382e-14
-7.58084e-14
-1.5377e-14
-1.9012e-14
-2.07576e-14
-5.19971e-15
-3.01753e-16
3.05906e-15
1.01053e-15
1.3996e-16
-8.40847e-17
-1.60943e-16
-1.9621e-17
1.55284e-16
1.12878e-16
-6.40737e-17
-1.17506e-16
-5.34821e-17
-2.42507e-18
4.1926e-18
9.41063e-19
-6.21758e-19
-8.19091e-23
2.23398e-20
2.87454e-18
-8.39208e-17
4.81232e-16
-3.85508e-15
2.26921e-14
4.93181e-15
-1.31838e-13
1.28428e-13
1.55575e-12
-4.42506e-12
-6.58661e-12
7.94633e-12
4.84057e-11
-8.04255e-11
-1.20061e-10
-3.58937e-11
-5.95295e-11
1.91902e-11
2.31511e-11
-3.60056e-10
-2.23156e-10
-1.40926e-11
7.47345e-13
8.47645e-13
-1.12813e-13
-2.54895e-12
-2.22807e-12
-1.15218e-12
-1.13426e-12
-5.71648e-13
-1.43743e-13
-1.39397e-14
4.24515e-14
2.67347e-14
2.97061e-15
1.72094e-16
-5.39647e-16
-8.7674e-16
-1.8581e-16
3.9624e-16
4.72195e-16
-6.72184e-17
-2.85803e-16
-1.5323e-16
5.93217e-18
1.77077e-17
2.72974e-18
-2.04479e-18
-3.62813e-19
1.83949e-19
6.17262e-17
-7.45162e-16
2.47805e-15
-2.95608e-14
2.54121e-13
-1.92735e-12
-1.37228e-12
1.58094e-11
6.65758e-12
-1.11125e-10
-6.30813e-11
7.9583e-10
3.7973e-10
-2.36917e-09
-6.05073e-10
-1.84816e-11
-1.03744e-08
-1.19646e-08
-1.22612e-08
-7.42669e-09
-1.12837e-09
5.11179e-10
1.70302e-10
1.35909e-10
4.57726e-11
-2.69367e-12
-1.88516e-11
1.39017e-11
-3.60887e-12
-2.26316e-12
-3.28404e-13
2.35351e-13
3.22048e-13
9.94124e-14
-3.45012e-15
-1.0196e-14
-1.13009e-14
-5.13634e-15
-6.82708e-16
2.35712e-15
2.09406e-15
3.36137e-17
-8.07907e-16
-4.95643e-16
5.36968e-17
7.14153e-17
5.78819e-18
-7.29e-18
-2.53053e-16
3.72363e-15
-2.1536e-14
9.32644e-14
-4.61553e-13
2.71526e-12
-1.53234e-12
-1.57664e-11
5.27506e-11
1.86192e-10
-1.03646e-09
-8.91864e-10
3.85156e-09
4.05531e-09
-1.32729e-08
-9.80164e-09
2.87532e-08
1.38932e-08
-3.92249e-08
-1.02669e-07
-7.19102e-08
-2.1971e-08
1.2059e-09
2.05424e-08
5.84546e-09
1.01501e-08
4.47144e-09
4.1602e-10
-4.47863e-10
1.55573e-09
1.50585e-10
-2.87164e-12
1.49973e-12
3.46136e-12
1.63806e-12
1.91636e-13
-8.39723e-14
-1.11653e-13
-6.33681e-14
-1.35976e-14
1.90073e-14
5.08435e-14
1.47405e-14
-1.37587e-15
-1.48726e-14
-1.86355e-15
4.00801e-16
3.15054e-16
3.1755e-18
-2.5352e-17
-1.50863e-14
1.25979e-13
-4.12188e-13
4.51466e-13
-3.00161e-12
2.82286e-11
-1.71265e-10
2.0528e-10
6.13377e-10
4.21676e-10
-6.46261e-09
1.43876e-08
3.86174e-08
-6.80224e-08
-2.59436e-07
9.2379e-08
6.15078e-07
2.07475e-07
4.83089e-08
-1.95456e-07
-1.25474e-07
5.25822e-08
2.372e-07
7.9589e-07
1.70171e-07
6.7681e-07
3.13343e-07
2.93602e-08
-4.77168e-09
8.64777e-08
6.31877e-09
6.24401e-11
5.87455e-11
3.59387e-11
1.4436e-11
3.64659e-13
-2.96841e-13
-2.57575e-13
-1.22039e-13
8.77711e-14
1.15758e-12
6.06253e-13
6.31993e-14
-4.89353e-13
-1.10132e-13
-1.07922e-15
1.15803e-14
1.6098e-15
-8.80907e-17
-8.26583e-17
3.67555e-14
1.2532e-13
6.47497e-13
-1.49837e-11
1.18786e-10
-2.06279e-10
-9.05346e-10
2.89454e-09
4.77619e-09
-4.55818e-08
-2.01863e-08
2.32385e-07
1.87468e-07
-1.36856e-06
-1.06115e-06
1.88994e-06
1.92279e-06
5.39897e-07
-6.98982e-07
2.82491e-05
0.00020847
0.000905143
0.00232155
0.00412361
0.00554241
0.00573002
0.00460481
0.00266309
0.000909448
5.6016e-05
9.82622e-08
2.77384e-09
8.02783e-10
5.27531e-10
1.20896e-10
1.13276e-12
-7.21758e-13
1.10016e-11
5.72176e-12
2.0155e-11
1.29361e-11
2.23697e-12
-1.18258e-11
-4.12599e-12
-2.51472e-13
2.79713e-13
7.82036e-14
3.31458e-15
-8.55235e-16
-2.32037e-16
5.10079e-12
-3.83474e-11
3.8888e-11
-1.16409e-11
1.04738e-09
-6.12172e-09
1.14367e-08
1.99713e-08
-2.69698e-08
-2.85988e-07
6.25284e-07
1.34376e-06
-1.32932e-06
-4.81069e-06
2.95807e-06
2.53177e-05
-1.99873e-05
-0.000408786
-0.000784929
0.00114017
0.00912635
0.0252326
0.0472999
0.0687019
0.0812964
0.0810108
0.0694346
0.0502298
0.0299145
0.0137614
0.00409653
0.000407056
2.11372e-08
4.01166e-09
2.94513e-10
1.72596e-10
2.72522e-10
3.33213e-10
2.74263e-10
1.81672e-10
4.2742e-11
-2.0187e-10
-9.06787e-11
-1.05616e-11
3.35485e-12
1.49071e-12
1.56901e-13
-9.70726e-15
-4.16316e-15
-3.23601e-16
1.52848e-11
-1.80447e-10
-1.02274e-11
2.31814e-09
-6.90411e-09
-2.83067e-08
1.19203e-07
7.24703e-08
-9.22192e-07
-5.08133e-07
4.42657e-06
3.94028e-06
-2.86963e-05
-5.28319e-06
0.000273791
0.000374815
-0.00123988
-0.00503559
-0.00652122
0.00382346
0.0379761
0.0988757
0.175664
0.245931
0.28516
0.28362
0.249
0.19108
0.127192
0.0721312
0.0334434
0.0114178
0.00193468
4.09632e-06
6.23896e-10
6.04636e-09
3.1237e-09
1.38013e-09
1.34672e-09
5.23325e-10
-2.2641e-09
-1.35733e-09
-2.21574e-10
2.68705e-11
2.01093e-11
3.31254e-12
-1.51375e-13
-1.10112e-13
-1.45711e-14
8.72054e-16
-6.12062e-10
1.04341e-09
7.89668e-09
3.92571e-09
-8.17242e-08
1.03242e-07
4.58043e-07
-6.3e-07
-4.27536e-06
1.34668e-05
2.65402e-05
-0.000112736
-0.000272812
0.000316978
0.0017923
0.00155192
-0.00461374
-0.0163578
-0.0208497
0.00266178
0.0753099
0.201536
0.358638
0.504216
0.593076
0.598333
0.541635
0.43603
0.311039
0.194887
0.105163
0.0468606
0.0155602
0.00262305
5.41569e-06
2.29233e-07
1.46207e-08
2.43469e-09
3.47489e-09
-2.33428e-08
-1.57451e-08
-3.25129e-09
1.28494e-10
3.02358e-10
7.69888e-11
1.76525e-12
-1.7841e-12
-5.36236e-13
-2.15293e-14
3.60264e-15
-6.28855e-09
3.04454e-08
8.64736e-08
-3.42642e-07
-8.52221e-08
3.67596e-06
-3.60187e-06
-2.90802e-05
1.91346e-05
0.000174828
5.89722e-05
-0.000678851
-0.00101541
0.00103506
0.00500299
0.00464977
-0.00733531
-0.029862
-0.0418603
-0.0122362
0.0872623
0.261675
0.482863
0.6995
0.855425
0.896918
0.844263
0.716836
0.546216
0.370586
0.220955
0.112741
0.0465514
0.0134246
0.00138462
2.05184e-08
-1.40593e-08
-2.44237e-07
-3.96103e-07
-2.34695e-07
-5.2852e-08
7.26407e-10
4.34623e-09
1.58772e-09
1.34337e-10
-1.96323e-11
-9.23285e-12
-1.00037e-12
2.62545e-14
1.32487e-14
-3.45818e-09
9.98804e-07
-1.28649e-06
-5.67688e-06
1.17733e-05
2.86797e-05
-5.23755e-05
-0.000145124
0.000109005
0.000600163
0.000214949
-0.00161876
-0.00251686
0.00115132
0.00868163
0.0102508
-0.00418381
-0.0341152
-0.056676
-0.0387986
0.0500566
0.220041
0.450691
0.693621
0.892964
0.999211
0.992017
0.893282
0.730099
0.53298
0.343945
0.192633
0.0900984
0.0321424
0.00641033
6.95592e-05
-4.07551e-06
-4.07804e-06
-2.51638e-06
-8.59224e-07
-8.66269e-08
3.9551e-08
2.18075e-08
3.62214e-09
-1.70595e-10
-1.15886e-10
-2.46133e-11
-6.95677e-14
1.26091e-13
3.51253e-14
1.09536e-06
3.65383e-06
-1.01316e-05
-1.86277e-05
4.38487e-05
8.31339e-05
-0.000118635
-0.000341469
0.000115014
0.0010788
0.000720848
-0.00205658
-0.00423819
-0.000625928
0.00928472
0.0156025
0.00658787
-0.0209537
-0.0517589
-0.0549016
-0.012829
0.0884905
0.246052
0.441996
0.645205
0.812702
0.893312
0.871575
0.75926
0.591704
0.407198
0.243209
0.123033
0.0495261
0.0129337
0.000729948
-2.00875e-05
-1.64367e-05
-7.3389e-06
-1.52888e-06
2.01847e-07
1.89424e-07
5.24719e-08
1.93161e-09
-9.46901e-10
-4.00001e-10
-3.72054e-11
8.67979e-13
4.23634e-13
5.8431e-14
2.05901e-06
5.95091e-06
-1.48893e-05
-3.1994e-05
4.77841e-05
0.000130593
-7.6629e-05
-0.000428632
-0.000126213
0.00105257
0.00131576
-0.00106664
-0.00450323
-0.00365988
0.00448096
0.014838
0.015206
0.00118911
-0.0235991
-0.0447824
-0.0461617
-0.0222966
0.0370627
0.13867
0.279443
0.436294
0.565354
0.614442
0.583244
0.488225
0.357491
0.226236
0.120396
0.05108
0.0148492
0.00128221
-5.83953e-05
-3.83489e-05
-1.1406e-05
1.0559e-06
1.68327e-06
6.12805e-07
6.44982e-08
-7.2705e-09
-3.84128e-09
-7.45499e-10
1.10897e-12
3.02827e-12
8.78682e-13
3.56796e-14
-6.59756e-08
5.5305e-06
6.57195e-07
-2.78774e-05
-1.09961e-05
9.33087e-05
8.39052e-05
-0.000226111
-0.000409199
0.000252956
0.0013261
0.000833356
-0.00208961
-0.00453619
-0.00233055
0.00492968
0.0118479
0.0115949
0.00299877
-0.012739
-0.0325163
-0.0503886
-0.0547012
-0.0328692
0.0274152
0.120522
0.219483
0.283149
0.286069
0.249022
0.185342
0.11724
0.0617124
0.0255764
0.00699147
0.00019825
-0.000138046
-4.95058e-05
1.81896e-05
1.75526e-05
7.07735e-06
9.98459e-07
-4.81332e-08
-2.79918e-08
-7.76516e-09
-5.20049e-10
1.18243e-11
6.3292e-12
1.21476e-12
7.7421e-16
-1.23697e-06
3.00082e-06
9.02694e-06
-1.36226e-05
-4.08583e-05
2.63672e-05
0.000147232
2.88014e-05
-0.000382035
-0.000413294
0.000429112
0.00139135
0.000911054
-0.001342
-0.00353843
-0.00337416
-0.00031889
0.00488204
0.00973888
0.00981261
0.000989677
-0.0191893
-0.0446606
-0.0600571
-0.0556647
-0.0305933
0.00577839
0.0347169
0.0396199
0.0302508
0.0142499
0.000354723
-0.00683548
-0.00757926
-0.00490311
-0.00179134
-0.000295362
0.000169997
0.000146057
6.61502e-05
1.40836e-05
5.51222e-08
-1.18761e-07
-5.27048e-08
-9.33883e-09
6.95838e-11
2.94155e-11
7.65117e-12
6.07047e-13
-2.07441e-14
-1.13003e-06
-2.02077e-06
8.51205e-06
1.15229e-05
-2.72194e-05
-5.1645e-05
4.03273e-05
0.000166162
6.45254e-05
-0.000309589
-0.00049629
-4.6822e-05
0.000942509
0.00151479
0.00066714
-0.00180538
-0.00427755
-0.00390066
0.000838579
0.00847639
0.0130433
0.00998041
-0.00144777
-0.0175497
-0.0323026
-0.0424165
-0.0487169
-0.0547346
-0.0593891
-0.0604711
-0.0558026
-0.0451015
-0.0308729
-0.0171453
-0.00686766
-0.00139503
0.000790286
0.000740899
0.000398091
0.000123471
1.17243e-05
-2.52113e-07
-1.79443e-07
-6.34602e-08
-6.7827e-09
2.48486e-11
1.59944e-11
2.63035e-12
-5.50211e-13
-1.26902e-13
2.54369e-07
-1.82605e-06
-2.07068e-06
7.42723e-06
1.24039e-05
-1.30859e-05
-4.84028e-05
-1.65942e-05
0.000107207
0.000171043
-3.00797e-05
-0.000436497
-0.000525021
0.000120639
0.00121863
0.00151306
0.000251984
-0.00213258
-0.00353802
-0.00228161
0.00178641
0.00721641
0.0115102
0.0124752
0.00906674
0.000703706
-0.0118697
-0.0254086
-0.0349043
-0.03562
-0.0299656
-0.020063
-0.00946383
-0.00147975
0.00269068
0.00363838
0.00279064
0.00154847
0.000609874
0.00013641
2.17383e-06
-2.88911e-07
-1.64729e-07
-4.30927e-08
-2.01257e-09
8.31086e-12
-1.16266e-11
-1.07983e-11
-3.41156e-12
-1.70381e-13
5.0515e-09
8.81845e-07
-1.86778e-07
-4.52455e-06
-1.13919e-06
1.50512e-05
1.41812e-05
-2.96946e-05
-6.44724e-05
2.40285e-06
0.000154371
0.000178932
-7.52625e-05
-0.000472965
-0.000506854
9.53733e-05
0.00105185
0.00138962
0.000469379
-0.00158052
-0.00348769
-0.00352482
-0.000956728
0.00385865
0.00912666
0.0121714
0.0121299
0.00988333
0.00780388
0.00830191
0.0108468
0.0133776
0.0144495
0.0132991
0.0103099
0.00677166
0.00375599
0.00171017
0.000583309
9.31156e-05
-2.10137e-07
-1.35981e-07
-5.70744e-08
-7.24277e-09
3.53701e-10
5.38817e-11
-3.94794e-11
-2.56879e-11
-6.66202e-12
-1.87396e-13
-1.05366e-07
-3.03228e-07
8.47174e-07
1.7154e-06
-2.62963e-06
-7.13192e-06
3.46811e-06
2.23981e-05
1.08554e-05
-4.4861e-05
-7.0033e-05
1.37448e-05
0.000160933
0.000172681
-4.62683e-05
-0.000378547
-0.000457007
-6.66421e-05
0.000665693
0.00108142
0.00056857
-0.00092779
-0.00268461
-0.00355294
-0.00312694
-0.00162722
0.000354869
0.00285187
0.00573474
0.00859992
0.0112915
0.0126276
0.0119503
0.00971081
0.00683945
0.00414588
0.00213195
0.000899613
0.000280642
3.87846e-05
2.22908e-07
7.24737e-08
2.83842e-08
7.1214e-09
8.91202e-10
-8.72121e-11
-6.31836e-11
-2.8295e-11
-6.7533e-12
-1.77161e-13
3.55881e-08
1.18469e-07
-3.22782e-07
-5.79902e-07
1.26663e-06
2.34838e-06
-3.03118e-06
-8.64995e-06
1.899e-06
2.42086e-05
1.82347e-05
-3.70805e-05
-7.98543e-05
-1.72249e-05
0.000134347
0.000186012
1.44897e-05
-0.000267866
-0.000346531
-9.39891e-05
0.000368369
0.000766277
0.000922323
0.000746093
3.46341e-05
-0.00138112
-0.00308894
-0.0045729
-0.0050517
-0.00442397
-0.00308731
-0.0017073
-0.000756007
-0.000320957
-0.000162439
-0.000112439
-7.53313e-05
-4.41299e-05
-1.55385e-05
-1.34572e-06
4.29895e-07
1.34298e-07
2.81279e-08
4.85887e-10
-2.50987e-10
-1.17074e-10
-3.82519e-11
-1.08623e-11
-2.4228e-12
-2.08253e-13
7.56433e-10
-5.18458e-08
3.70409e-08
2.31105e-07
-2.54166e-07
-7.73842e-07
8.76051e-07
2.52745e-06
-1.46564e-06
-7.40979e-06
-2.02095e-06
1.48848e-05
1.92355e-05
-4.80992e-06
-4.50186e-05
-5.54383e-05
-5.84256e-08
0.000113457
0.000175714
4.62992e-05
-0.000285564
-0.000543945
-0.000358072
0.000387467
0.00133838
0.00183445
0.00148383
0.000351142
-0.00112567
-0.0023848
-0.00304696
-0.00301531
-0.00259706
-0.00196781
-0.00133276
-0.000806335
-0.000428954
-0.000193022
-6.68441e-05
-1.2324e-05
1.60036e-07
1.58411e-07
5.49146e-08
4.33033e-09
-6.53035e-11
-4.65616e-11
2.30444e-12
4.27811e-12
1.1262e-12
-1.92768e-13
-1.8976e-08
1.48635e-08
1.13102e-07
-1.07828e-07
-3.22537e-07
4.6764e-07
6.96384e-07
-1.57133e-06
-1.68288e-06
4.52068e-06
5.5628e-06
-9.58259e-06
-1.91328e-05
9.06911e-06
4.84622e-05
2.28445e-05
-7.0828e-05
-0.00010257
1.63859e-05
0.00019206
0.000180665
-0.000100626
-0.000489278
-0.000635639
-0.000388891
0.000150307
0.000697066
0.000986709
0.000949263
0.000690275
0.000352831
9.04406e-05
-3.60519e-05
-5.86833e-05
-4.42639e-05
-2.128e-05
-6.12979e-06
-5.68108e-07
-2.82112e-07
-6.74438e-07
-2.00538e-07
-7.98685e-09
4.84865e-09
3.42167e-09
5.21926e-10
2.59468e-12
2.47572e-12
2.50395e-12
1.09133e-12
9.14968e-14
)
;

boundaryField
{
    movingWall
    {
        type            zeroGradient;
    }
    fixedWalls
    {
        type            zeroGradient;
    }
    frontAndBack
    {
        type            empty;
    }
}

