/*--------------------------------*- C++ -*----------------------------------*\
| =========                 |                                                 |
| \\      /  F ield         | OpenFOAM: The Open Source CFD Toolbox           |
|  \\    /   O peration     | Version:  v2006                                 |
|   \\  /    A nd           | Website:  www.openfoam.com                      |
|    \\/     M anipulation  |                                                 |
\*---------------------------------------------------------------------------*/
FoamFile
{
    version     2.0;
    format      ascii;
    class       volVectorField;
    location    "0";
    object      U_new;
}
// * * * * * * * * * * * * * * * * * * * * * * * * * * * * * * * * * * * * * //

dimensions      [0 1 -1 0 0 0 0];


internalField   nonuniform List<vector> 
2500
(
(0.000424 -0.022472 0)
(0.000424 -0.067416 0)
(0.000424 -0.11236 0)
(0.000424 -0.157304 0)
(0.000424 -0.202248 0)
(0.000424 -0.247192 0)
(0.000424 -0.292136 0)
(0.000424 -0.33708 0)
(0.000424 -0.382024 0)
(0.000424 -0.426968 0)
(0.000424 -0.471912 0)
(0.000424 -0.516856 0)
(0.000424 -0.5618 0)
(0.000424 -0.606744 0)
(0.000424 -0.651688 0)
(0.000424 -0.696632 0)
(0.000424 -0.741576 0)
(0.000424 -0.78652 0)
(0.000424 -0.831464 0)
(0.000424 -0.876408 0)
(0.000424 -0.921352 0)
(0.000424 -0.966296 0)
(0.000424 -1.01124 0)
(0.000424 -1.05618 0)
(0.000424 -1.10113 0)
(0.000424 -1.14607 0)
(0.000424 -1.19102 0)
(0.000424 -1.23596 0)
(0.000424 -1.2809 0)
(0.000424 -1.32585 0)
(0.000424 -1.37079 0)
(0.000424 -1.41574 0)
(0.000424 -1.46068 0)
(0.000424 -1.50562 0)
(0.000424 -1.55057 0)
(0.000424 -1.59551 0)
(0.000424 -1.64046 0)
(0.000424 -1.6854 0)
(0.000424 -1.73034 0)
(0.000424 -1.77529 0)
(0.000424 -1.82023 0)
(0.000424 -1.86518 0)
(0.000424 -1.91012 0)
(0.000424 -1.95506 0)
(0.000424 -2.00001 0)
(0.000424 -2.04495 0)
(0.000424 -2.0899 0)
(0.000424 -2.13484 0)
(0.000424 -2.17978 0)
(0.000424 -2.22473 0)
(0.003816 -0.022472 0)
(0.003816 -0.067416 0)
(0.003816 -0.11236 0)
(0.003816 -0.157304 0)
(0.003816 -0.202248 0)
(0.003816 -0.247192 0)
(0.003816 -0.292136 0)
(0.003816 -0.33708 0)
(0.003816 -0.382024 0)
(0.003816 -0.426968 0)
(0.003816 -0.471912 0)
(0.003816 -0.516856 0)
(0.003816 -0.5618 0)
(0.003816 -0.606744 0)
(0.003816 -0.651688 0)
(0.003816 -0.696632 0)
(0.003816 -0.741576 0)
(0.003816 -0.78652 0)
(0.003816 -0.831464 0)
(0.003816 -0.876408 0)
(0.003816 -0.921352 0)
(0.003816 -0.966296 0)
(0.003816 -1.01124 0)
(0.003816 -1.05618 0)
(0.003816 -1.10113 0)
(0.003816 -1.14607 0)
(0.003816 -1.19102 0)
(0.003816 -1.23596 0)
(0.003816 -1.2809 0)
(0.003816 -1.32585 0)
(0.003816 -1.37079 0)
(0.003816 -1.41574 0)
(0.003816 -1.46068 0)
(0.003816 -1.50562 0)
(0.003816 -1.55057 0)
(0.003816 -1.59551 0)
(0.003816 -1.64046 0)
(0.003816 -1.6854 0)
(0.003816 -1.73034 0)
(0.003816 -1.77529 0)
(0.003816 -1.82023 0)
(0.003816 -1.86518 0)
(0.003816 -1.91012 0)
(0.003816 -1.95506 0)
(0.003816 -2.00001 0)
(0.003816 -2.04495 0)
(0.003816 -2.0899 0)
(0.003816 -2.13484 0)
(0.003816 -2.17978 0)
(0.003816 -2.22473 0)
(0.0106 -0.022472 0)
(0.0106 -0.067416 0)
(0.0106 -0.11236 0)
(0.0106 -0.157304 0)
(0.0106 -0.202248 0)
(0.0106 -0.247192 0)
(0.0106 -0.292136 0)
(0.0106 -0.33708 0)
(0.0106 -0.382024 0)
(0.0106 -0.426968 0)
(0.0106 -0.471912 0)
(0.0106 -0.516856 0)
(0.0106 -0.5618 0)
(0.0106 -0.606744 0)
(0.0106 -0.651688 0)
(0.0106 -0.696632 0)
(0.0106 -0.741576 0)
(0.0106 -0.78652 0)
(0.0106 -0.831464 0)
(0.0106 -0.876408 0)
(0.0106 -0.921352 0)
(0.0106 -0.966296 0)
(0.0106 -1.01124 0)
(0.0106 -1.05618 0)
(0.0106 -1.10113 0)
(0.0106 -1.14607 0)
(0.0106 -1.19102 0)
(0.0106 -1.23596 0)
(0.0106 -1.2809 0)
(0.0106 -1.32585 0)
(0.0106 -1.37079 0)
(0.0106 -1.41574 0)
(0.0106 -1.46068 0)
(0.0106 -1.50562 0)
(0.0106 -1.55057 0)
(0.0106 -1.59551 0)
(0.0106 -1.64046 0)
(0.0106 -1.6854 0)
(0.0106 -1.73034 0)
(0.0106 -1.77529 0)
(0.0106 -1.82023 0)
(0.0106 -1.86518 0)
(0.0106 -1.91012 0)
(0.0106 -1.95506 0)
(0.0106 -2.00001 0)
(0.0106 -2.04495 0)
(0.0106 -2.0899 0)
(0.0106 -2.13484 0)
(0.0106 -2.17978 0)
(0.0106 -2.22473 0)
(0.020776 -0.022472 0)
(0.020776 -0.067416 0)
(0.020776 -0.11236 0)
(0.020776 -0.157304 0)
(0.020776 -0.202248 0)
(0.020776 -0.247192 0)
(0.020776 -0.292136 0)
(0.020776 -0.33708 0)
(0.020776 -0.382024 0)
(0.020776 -0.426968 0)
(0.020776 -0.471912 0)
(0.020776 -0.516856 0)
(0.020776 -0.5618 0)
(0.020776 -0.606744 0)
(0.020776 -0.651688 0)
(0.020776 -0.696632 0)
(0.020776 -0.741576 0)
(0.020776 -0.78652 0)
(0.020776 -0.831464 0)
(0.020776 -0.876408 0)
(0.020776 -0.921352 0)
(0.020776 -0.966296 0)
(0.020776 -1.01124 0)
(0.020776 -1.05618 0)
(0.020776 -1.10113 0)
(0.020776 -1.14607 0)
(0.020776 -1.19102 0)
(0.020776 -1.23596 0)
(0.020776 -1.2809 0)
(0.020776 -1.32585 0)
(0.020776 -1.37079 0)
(0.020776 -1.41574 0)
(0.020776 -1.46068 0)
(0.020776 -1.50562 0)
(0.020776 -1.55057 0)
(0.020776 -1.59551 0)
(0.020776 -1.64046 0)
(0.020776 -1.6854 0)
(0.020776 -1.73034 0)
(0.020776 -1.77529 0)
(0.020776 -1.82023 0)
(0.020776 -1.86518 0)
(0.020776 -1.91012 0)
(0.020776 -1.95506 0)
(0.020776 -2.00001 0)
(0.020776 -2.04495 0)
(0.020776 -2.0899 0)
(0.020776 -2.13484 0)
(0.020776 -2.17978 0)
(0.020776 -2.22473 0)
(0.034344 -0.022472 0)
(0.034344 -0.067416 0)
(0.034344 -0.11236 0)
(0.034344 -0.157304 0)
(0.034344 -0.202248 0)
(0.034344 -0.247192 0)
(0.034344 -0.292136 0)
(0.034344 -0.33708 0)
(0.034344 -0.382024 0)
(0.034344 -0.426968 0)
(0.034344 -0.471912 0)
(0.034344 -0.516856 0)
(0.034344 -0.5618 0)
(0.034344 -0.606744 0)
(0.034344 -0.651688 0)
(0.034344 -0.696632 0)
(0.034344 -0.741576 0)
(0.034344 -0.78652 0)
(0.034344 -0.831464 0)
(0.034344 -0.876408 0)
(0.034344 -0.921352 0)
(0.034344 -0.966296 0)
(0.034344 -1.01124 0)
(0.034344 -1.05618 0)
(0.034344 -1.10113 0)
(0.034344 -1.14607 0)
(0.034344 -1.19102 0)
(0.034344 -1.23596 0)
(0.034344 -1.2809 0)
(0.034344 -1.32585 0)
(0.034344 -1.37079 0)
(0.034344 -1.41574 0)
(0.034344 -1.46068 0)
(0.034344 -1.50562 0)
(0.034344 -1.55057 0)
(0.034344 -1.59551 0)
(0.034344 -1.64046 0)
(0.034344 -1.6854 0)
(0.034344 -1.73034 0)
(0.034344 -1.77529 0)
(0.034344 -1.82023 0)
(0.034344 -1.86518 0)
(0.034344 -1.91012 0)
(0.034344 -1.95506 0)
(0.034344 -2.00001 0)
(0.034344 -2.04495 0)
(0.034344 -2.0899 0)
(0.034344 -2.13484 0)
(0.034344 -2.17978 0)
(0.034344 -2.22473 0)
(0.051304 -0.022472 0)
(0.051304 -0.067416 0)
(0.051304 -0.11236 0)
(0.051304 -0.157304 0)
(0.051304 -0.202248 0)
(0.051304 -0.247192 0)
(0.051304 -0.292136 0)
(0.051304 -0.33708 0)
(0.051304 -0.382024 0)
(0.051304 -0.426968 0)
(0.051304 -0.471912 0)
(0.051304 -0.516856 0)
(0.051304 -0.5618 0)
(0.051304 -0.606744 0)
(0.051304 -0.651688 0)
(0.051304 -0.696632 0)
(0.051304 -0.741576 0)
(0.051304 -0.78652 0)
(0.051304 -0.831464 0)
(0.051304 -0.876408 0)
(0.051304 -0.921352 0)
(0.051304 -0.966296 0)
(0.051304 -1.01124 0)
(0.051304 -1.05618 0)
(0.051304 -1.10113 0)
(0.051304 -1.14607 0)
(0.051304 -1.19102 0)
(0.051304 -1.23596 0)
(0.051304 -1.2809 0)
(0.051304 -1.32585 0)
(0.051304 -1.37079 0)
(0.051304 -1.41574 0)
(0.051304 -1.46068 0)
(0.051304 -1.50562 0)
(0.051304 -1.55057 0)
(0.051304 -1.59551 0)
(0.051304 -1.64046 0)
(0.051304 -1.6854 0)
(0.051304 -1.73034 0)
(0.051304 -1.77529 0)
(0.051304 -1.82023 0)
(0.051304 -1.86518 0)
(0.051304 -1.91012 0)
(0.051304 -1.95506 0)
(0.051304 -2.00001 0)
(0.051304 -2.04495 0)
(0.051304 -2.0899 0)
(0.051304 -2.13484 0)
(0.051304 -2.17978 0)
(0.051304 -2.22473 0)
(0.071656 -0.022472 0)
(0.071656 -0.067416 0)
(0.071656 -0.11236 0)
(0.071656 -0.157304 0)
(0.071656 -0.202248 0)
(0.071656 -0.247192 0)
(0.071656 -0.292136 0)
(0.071656 -0.33708 0)
(0.071656 -0.382024 0)
(0.071656 -0.426968 0)
(0.071656 -0.471912 0)
(0.071656 -0.516856 0)
(0.071656 -0.5618 0)
(0.071656 -0.606744 0)
(0.071656 -0.651688 0)
(0.071656 -0.696632 0)
(0.071656 -0.741576 0)
(0.071656 -0.78652 0)
(0.071656 -0.831464 0)
(0.071656 -0.876408 0)
(0.071656 -0.921352 0)
(0.071656 -0.966296 0)
(0.071656 -1.01124 0)
(0.071656 -1.05618 0)
(0.071656 -1.10113 0)
(0.071656 -1.14607 0)
(0.071656 -1.19102 0)
(0.071656 -1.23596 0)
(0.071656 -1.2809 0)
(0.071656 -1.32585 0)
(0.071656 -1.37079 0)
(0.071656 -1.41574 0)
(0.071656 -1.46068 0)
(0.071656 -1.50562 0)
(0.071656 -1.55057 0)
(0.071656 -1.59551 0)
(0.071656 -1.64046 0)
(0.071656 -1.6854 0)
(0.071656 -1.73034 0)
(0.071656 -1.77529 0)
(0.071656 -1.82023 0)
(0.071656 -1.86518 0)
(0.071656 -1.91012 0)
(0.071656 -1.95506 0)
(0.071656 -2.00001 0)
(0.071656 -2.04495 0)
(0.071656 -2.0899 0)
(0.071656 -2.13484 0)
(0.071656 -2.17978 0)
(0.071656 -2.22473 0)
(0.0954 -0.022472 0)
(0.0954 -0.067416 0)
(0.0954 -0.11236 0)
(0.0954 -0.157304 0)
(0.0954 -0.202248 0)
(0.0954 -0.247192 0)
(0.0954 -0.292136 0)
(0.0954 -0.33708 0)
(0.0954 -0.382024 0)
(0.0954 -0.426968 0)
(0.0954 -0.471912 0)
(0.0954 -0.516856 0)
(0.0954 -0.5618 0)
(0.0954 -0.606744 0)
(0.0954 -0.651688 0)
(0.0954 -0.696632 0)
(0.0954 -0.741576 0)
(0.0954 -0.78652 0)
(0.0954 -0.831464 0)
(0.0954 -0.876408 0)
(0.0954 -0.921352 0)
(0.0954 -0.966296 0)
(0.0954 -1.01124 0)
(0.0954 -1.05618 0)
(0.0954 -1.10113 0)
(0.0954 -1.14607 0)
(0.0954 -1.19102 0)
(0.0954 -1.23596 0)
(0.0954 -1.2809 0)
(0.0954 -1.32585 0)
(0.0954 -1.37079 0)
(0.0954 -1.41574 0)
(0.0954 -1.46068 0)
(0.0954 -1.50562 0)
(0.0954 -1.55057 0)
(0.0954 -1.59551 0)
(0.0954 -1.64046 0)
(0.0954 -1.6854 0)
(0.0954 -1.73034 0)
(0.0954 -1.77529 0)
(0.0954 -1.82023 0)
(0.0954 -1.86518 0)
(0.0954 -1.91012 0)
(0.0954 -1.95506 0)
(0.0954 -2.00001 0)
(0.0954 -2.04495 0)
(0.0954 -2.0899 0)
(0.0954 -2.13484 0)
(0.0954 -2.17978 0)
(0.0954 -2.22473 0)
(0.122536 -0.022472 0)
(0.122536 -0.067416 0)
(0.122536 -0.11236 0)
(0.122536 -0.157304 0)
(0.122536 -0.202248 0)
(0.122536 -0.247192 0)
(0.122536 -0.292136 0)
(0.122536 -0.33708 0)
(0.122536 -0.382024 0)
(0.122536 -0.426968 0)
(0.122536 -0.471912 0)
(0.122536 -0.516856 0)
(0.122536 -0.5618 0)
(0.122536 -0.606744 0)
(0.122536 -0.651688 0)
(0.122536 -0.696632 0)
(0.122536 -0.741576 0)
(0.122536 -0.78652 0)
(0.122536 -0.831464 0)
(0.122536 -0.876408 0)
(0.122536 -0.921352 0)
(0.122536 -0.966296 0)
(0.122536 -1.01124 0)
(0.122536 -1.05618 0)
(0.122536 -1.10113 0)
(0.122536 -1.14607 0)
(0.122536 -1.19102 0)
(0.122536 -1.23596 0)
(0.122536 -1.2809 0)
(0.122536 -1.32585 0)
(0.122536 -1.37079 0)
(0.122536 -1.41574 0)
(0.122536 -1.46068 0)
(0.122536 -1.50562 0)
(0.122536 -1.55057 0)
(0.122536 -1.59551 0)
(0.122536 -1.64046 0)
(0.122536 -1.6854 0)
(0.122536 -1.73034 0)
(0.122536 -1.77529 0)
(0.122536 -1.82023 0)
(0.122536 -1.86518 0)
(0.122536 -1.91012 0)
(0.122536 -1.95506 0)
(0.122536 -2.00001 0)
(0.122536 -2.04495 0)
(0.122536 -2.0899 0)
(0.122536 -2.13484 0)
(0.122536 -2.17978 0)
(0.122536 -2.22473 0)
(0.153064 -0.022472 0)
(0.153064 -0.067416 0)
(0.153064 -0.11236 0)
(0.153064 -0.157304 0)
(0.153064 -0.202248 0)
(0.153064 -0.247192 0)
(0.153064 -0.292136 0)
(0.153064 -0.33708 0)
(0.153064 -0.382024 0)
(0.153064 -0.426968 0)
(0.153064 -0.471912 0)
(0.153064 -0.516856 0)
(0.153064 -0.5618 0)
(0.153064 -0.606744 0)
(0.153064 -0.651688 0)
(0.153064 -0.696632 0)
(0.153064 -0.741576 0)
(0.153064 -0.78652 0)
(0.153064 -0.831464 0)
(0.153064 -0.876408 0)
(0.153064 -0.921352 0)
(0.153064 -0.966296 0)
(0.153064 -1.01124 0)
(0.153064 -1.05618 0)
(0.153064 -1.10113 0)
(0.153064 -1.14607 0)
(0.153064 -1.19102 0)
(0.153064 -1.23596 0)
(0.153064 -1.2809 0)
(0.153064 -1.32585 0)
(0.153064 -1.37079 0)
(0.153064 -1.41574 0)
(0.153064 -1.46068 0)
(0.153064 -1.50562 0)
(0.153064 -1.55057 0)
(0.153064 -1.59551 0)
(0.153064 -1.64046 0)
(0.153064 -1.6854 0)
(0.153064 -1.73034 0)
(0.153064 -1.77529 0)
(0.153064 -1.82023 0)
(0.153064 -1.86518 0)
(0.153064 -1.91012 0)
(0.153064 -1.95506 0)
(0.153064 -2.00001 0)
(0.153064 -2.04495 0)
(0.153064 -2.0899 0)
(0.153064 -2.13484 0)
(0.153064 -2.17978 0)
(0.153064 -2.22473 0)
(0.186984 -0.022472 0)
(0.186984 -0.067416 0)
(0.186984 -0.11236 0)
(0.186984 -0.157304 0)
(0.186984 -0.202248 0)
(0.186984 -0.247192 0)
(0.186984 -0.292136 0)
(0.186984 -0.33708 0)
(0.186984 -0.382024 0)
(0.186984 -0.426968 0)
(0.186984 -0.471912 0)
(0.186984 -0.516856 0)
(0.186984 -0.5618 0)
(0.186984 -0.606744 0)
(0.186984 -0.651688 0)
(0.186984 -0.696632 0)
(0.186984 -0.741576 0)
(0.186984 -0.78652 0)
(0.186984 -0.831464 0)
(0.186984 -0.876408 0)
(0.186984 -0.921352 0)
(0.186984 -0.966296 0)
(0.186984 -1.01124 0)
(0.186984 -1.05618 0)
(0.186984 -1.10113 0)
(0.186984 -1.14607 0)
(0.186984 -1.19102 0)
(0.186984 -1.23596 0)
(0.186984 -1.2809 0)
(0.186984 -1.32585 0)
(0.186984 -1.37079 0)
(0.186984 -1.41574 0)
(0.186984 -1.46068 0)
(0.186984 -1.50562 0)
(0.186984 -1.55057 0)
(0.186984 -1.59551 0)
(0.186984 -1.64046 0)
(0.186984 -1.6854 0)
(0.186984 -1.73034 0)
(0.186984 -1.77529 0)
(0.186984 -1.82023 0)
(0.186984 -1.86518 0)
(0.186984 -1.91012 0)
(0.186984 -1.95506 0)
(0.186984 -2.00001 0)
(0.186984 -2.04495 0)
(0.186984 -2.0899 0)
(0.186984 -2.13484 0)
(0.186984 -2.17978 0)
(0.186984 -2.22473 0)
(0.224296 -0.022472 0)
(0.224296 -0.067416 0)
(0.224296 -0.11236 0)
(0.224296 -0.157304 0)
(0.224296 -0.202248 0)
(0.224296 -0.247192 0)
(0.224296 -0.292136 0)
(0.224296 -0.33708 0)
(0.224296 -0.382024 0)
(0.224296 -0.426968 0)
(0.224296 -0.471912 0)
(0.224296 -0.516856 0)
(0.224296 -0.5618 0)
(0.224296 -0.606744 0)
(0.224296 -0.651688 0)
(0.224296 -0.696632 0)
(0.224296 -0.741576 0)
(0.224296 -0.78652 0)
(0.224296 -0.831464 0)
(0.224296 -0.876408 0)
(0.224296 -0.921352 0)
(0.224296 -0.966296 0)
(0.224296 -1.01124 0)
(0.224296 -1.05618 0)
(0.224296 -1.10113 0)
(0.224296 -1.14607 0)
(0.224296 -1.19102 0)
(0.224296 -1.23596 0)
(0.224296 -1.2809 0)
(0.224296 -1.32585 0)
(0.224296 -1.37079 0)
(0.224296 -1.41574 0)
(0.224296 -1.46068 0)
(0.224296 -1.50562 0)
(0.224296 -1.55057 0)
(0.224296 -1.59551 0)
(0.224296 -1.64046 0)
(0.224296 -1.6854 0)
(0.224296 -1.73034 0)
(0.224296 -1.77529 0)
(0.224296 -1.82023 0)
(0.224296 -1.86518 0)
(0.224296 -1.91012 0)
(0.224296 -1.95506 0)
(0.224296 -2.00001 0)
(0.224296 -2.04495 0)
(0.224296 -2.0899 0)
(0.224296 -2.13484 0)
(0.224296 -2.17978 0)
(0.224296 -2.22473 0)
(0.265 -0.022472 0)
(0.265 -0.067416 0)
(0.265 -0.11236 0)
(0.265 -0.157304 0)
(0.265 -0.202248 0)
(0.265 -0.247192 0)
(0.265 -0.292136 0)
(0.265 -0.33708 0)
(0.265 -0.382024 0)
(0.265 -0.426968 0)
(0.265 -0.471912 0)
(0.265 -0.516856 0)
(0.265 -0.5618 0)
(0.265 -0.606744 0)
(0.265 -0.651688 0)
(0.265 -0.696632 0)
(0.265 -0.741576 0)
(0.265 -0.78652 0)
(0.265 -0.831464 0)
(0.265 -0.876408 0)
(0.265 -0.921352 0)
(0.265 -0.966296 0)
(0.265 -1.01124 0)
(0.265 -1.05618 0)
(0.265 -1.10113 0)
(0.265 -1.14607 0)
(0.265 -1.19102 0)
(0.265 -1.23596 0)
(0.265 -1.2809 0)
(0.265 -1.32585 0)
(0.265 -1.37079 0)
(0.265 -1.41574 0)
(0.265 -1.46068 0)
(0.265 -1.50562 0)
(0.265 -1.55057 0)
(0.265 -1.59551 0)
(0.265 -1.64046 0)
(0.265 -1.6854 0)
(0.265 -1.73034 0)
(0.265 -1.77529 0)
(0.265 -1.82023 0)
(0.265 -1.86518 0)
(0.265 -1.91012 0)
(0.265 -1.95506 0)
(0.265 -2.00001 0)
(0.265 -2.04495 0)
(0.265 -2.0899 0)
(0.265 -2.13484 0)
(0.265 -2.17978 0)
(0.265 -2.22473 0)
(0.309096 -0.022472 0)
(0.309096 -0.067416 0)
(0.309096 -0.11236 0)
(0.309096 -0.157304 0)
(0.309096 -0.202248 0)
(0.309096 -0.247192 0)
(0.309096 -0.292136 0)
(0.309096 -0.33708 0)
(0.309096 -0.382024 0)
(0.309096 -0.426968 0)
(0.309096 -0.471912 0)
(0.309096 -0.516856 0)
(0.309096 -0.5618 0)
(0.309096 -0.606744 0)
(0.309096 -0.651688 0)
(0.309096 -0.696632 0)
(0.309096 -0.741576 0)
(0.309096 -0.78652 0)
(0.309096 -0.831464 0)
(0.309096 -0.876408 0)
(0.309096 -0.921352 0)
(0.309096 -0.966296 0)
(0.309096 -1.01124 0)
(0.309096 -1.05618 0)
(0.309096 -1.10113 0)
(0.309096 -1.14607 0)
(0.309096 -1.19102 0)
(0.309096 -1.23596 0)
(0.309096 -1.2809 0)
(0.309096 -1.32585 0)
(0.309096 -1.37079 0)
(0.309096 -1.41574 0)
(0.309096 -1.46068 0)
(0.309096 -1.50562 0)
(0.309096 -1.55057 0)
(0.309096 -1.59551 0)
(0.309096 -1.64046 0)
(0.309096 -1.6854 0)
(0.309096 -1.73034 0)
(0.309096 -1.77529 0)
(0.309096 -1.82023 0)
(0.309096 -1.86518 0)
(0.309096 -1.91012 0)
(0.309096 -1.95506 0)
(0.309096 -2.00001 0)
(0.309096 -2.04495 0)
(0.309096 -2.0899 0)
(0.309096 -2.13484 0)
(0.309096 -2.17978 0)
(0.309096 -2.22473 0)
(0.356584 -0.022472 0)
(0.356584 -0.067416 0)
(0.356584 -0.11236 0)
(0.356584 -0.157304 0)
(0.356584 -0.202248 0)
(0.356584 -0.247192 0)
(0.356584 -0.292136 0)
(0.356584 -0.33708 0)
(0.356584 -0.382024 0)
(0.356584 -0.426968 0)
(0.356584 -0.471912 0)
(0.356584 -0.516856 0)
(0.356584 -0.5618 0)
(0.356584 -0.606744 0)
(0.356584 -0.651688 0)
(0.356584 -0.696632 0)
(0.356584 -0.741576 0)
(0.356584 -0.78652 0)
(0.356584 -0.831464 0)
(0.356584 -0.876408 0)
(0.356584 -0.921352 0)
(0.356584 -0.966296 0)
(0.356584 -1.01124 0)
(0.356584 -1.05618 0)
(0.356584 -1.10113 0)
(0.356584 -1.14607 0)
(0.356584 -1.19102 0)
(0.356584 -1.23596 0)
(0.356584 -1.2809 0)
(0.356584 -1.32585 0)
(0.356584 -1.37079 0)
(0.356584 -1.41574 0)
(0.356584 -1.46068 0)
(0.356584 -1.50562 0)
(0.356584 -1.55057 0)
(0.356584 -1.59551 0)
(0.356584 -1.64046 0)
(0.356584 -1.6854 0)
(0.356584 -1.73034 0)
(0.356584 -1.77529 0)
(0.356584 -1.82023 0)
(0.356584 -1.86518 0)
(0.356584 -1.91012 0)
(0.356584 -1.95506 0)
(0.356584 -2.00001 0)
(0.356584 -2.04495 0)
(0.356584 -2.0899 0)
(0.356584 -2.13484 0)
(0.356584 -2.17978 0)
(0.356584 -2.22473 0)
(0.407464 -0.022472 0)
(0.407464 -0.067416 0)
(0.407464 -0.11236 0)
(0.407464 -0.157304 0)
(0.407464 -0.202248 0)
(0.407464 -0.247192 0)
(0.407464 -0.292136 0)
(0.407464 -0.33708 0)
(0.407464 -0.382024 0)
(0.407464 -0.426968 0)
(0.407464 -0.471912 0)
(0.407464 -0.516856 0)
(0.407464 -0.5618 0)
(0.407464 -0.606744 0)
(0.407464 -0.651688 0)
(0.407464 -0.696632 0)
(0.407464 -0.741576 0)
(0.407464 -0.78652 0)
(0.407464 -0.831464 0)
(0.407464 -0.876408 0)
(0.407464 -0.921352 0)
(0.407464 -0.966296 0)
(0.407464 -1.01124 0)
(0.407464 -1.05618 0)
(0.407464 -1.10113 0)
(0.407464 -1.14607 0)
(0.407464 -1.19102 0)
(0.407464 -1.23596 0)
(0.407464 -1.2809 0)
(0.407464 -1.32585 0)
(0.407464 -1.37079 0)
(0.407464 -1.41574 0)
(0.407464 -1.46068 0)
(0.407464 -1.50562 0)
(0.407464 -1.55057 0)
(0.407464 -1.59551 0)
(0.407464 -1.64046 0)
(0.407464 -1.6854 0)
(0.407464 -1.73034 0)
(0.407464 -1.77529 0)
(0.407464 -1.82023 0)
(0.407464 -1.86518 0)
(0.407464 -1.91012 0)
(0.407464 -1.95506 0)
(0.407464 -2.00001 0)
(0.407464 -2.04495 0)
(0.407464 -2.0899 0)
(0.407464 -2.13484 0)
(0.407464 -2.17978 0)
(0.407464 -2.22473 0)
(0.461736 -0.022472 0)
(0.461736 -0.067416 0)
(0.461736 -0.11236 0)
(0.461736 -0.157304 0)
(0.461736 -0.202248 0)
(0.461736 -0.247192 0)
(0.461736 -0.292136 0)
(0.461736 -0.33708 0)
(0.461736 -0.382024 0)
(0.461736 -0.426968 0)
(0.461736 -0.471912 0)
(0.461736 -0.516856 0)
(0.461736 -0.5618 0)
(0.461736 -0.606744 0)
(0.461736 -0.651688 0)
(0.461736 -0.696632 0)
(0.461736 -0.741576 0)
(0.461736 -0.78652 0)
(0.461736 -0.831464 0)
(0.461736 -0.876408 0)
(0.461736 -0.921352 0)
(0.461736 -0.966296 0)
(0.461736 -1.01124 0)
(0.461736 -1.05618 0)
(0.461736 -1.10113 0)
(0.461736 -1.14607 0)
(0.461736 -1.19102 0)
(0.461736 -1.23596 0)
(0.461736 -1.2809 0)
(0.461736 -1.32585 0)
(0.461736 -1.37079 0)
(0.461736 -1.41574 0)
(0.461736 -1.46068 0)
(0.461736 -1.50562 0)
(0.461736 -1.55057 0)
(0.461736 -1.59551 0)
(0.461736 -1.64046 0)
(0.461736 -1.6854 0)
(0.461736 -1.73034 0)
(0.461736 -1.77529 0)
(0.461736 -1.82023 0)
(0.461736 -1.86518 0)
(0.461736 -1.91012 0)
(0.461736 -1.95506 0)
(0.461736 -2.00001 0)
(0.461736 -2.04495 0)
(0.461736 -2.0899 0)
(0.461736 -2.13484 0)
(0.461736 -2.17978 0)
(0.461736 -2.22473 0)
(0.5194 -0.022472 0)
(0.5194 -0.067416 0)
(0.5194 -0.11236 0)
(0.5194 -0.157304 0)
(0.5194 -0.202248 0)
(0.5194 -0.247192 0)
(0.5194 -0.292136 0)
(0.5194 -0.33708 0)
(0.5194 -0.382024 0)
(0.5194 -0.426968 0)
(0.5194 -0.471912 0)
(0.5194 -0.516856 0)
(0.5194 -0.5618 0)
(0.5194 -0.606744 0)
(0.5194 -0.651688 0)
(0.5194 -0.696632 0)
(0.5194 -0.741576 0)
(0.5194 -0.78652 0)
(0.5194 -0.831464 0)
(0.5194 -0.876408 0)
(0.5194 -0.921352 0)
(0.5194 -0.966296 0)
(0.5194 -1.01124 0)
(0.5194 -1.05618 0)
(0.5194 -1.10113 0)
(0.5194 -1.14607 0)
(0.5194 -1.19102 0)
(0.5194 -1.23596 0)
(0.5194 -1.2809 0)
(0.5194 -1.32585 0)
(0.5194 -1.37079 0)
(0.5194 -1.41574 0)
(0.5194 -1.46068 0)
(0.5194 -1.50562 0)
(0.5194 -1.55057 0)
(0.5194 -1.59551 0)
(0.5194 -1.64046 0)
(0.5194 -1.6854 0)
(0.5194 -1.73034 0)
(0.5194 -1.77529 0)
(0.5194 -1.82023 0)
(0.5194 -1.86518 0)
(0.5194 -1.91012 0)
(0.5194 -1.95506 0)
(0.5194 -2.00001 0)
(0.5194 -2.04495 0)
(0.5194 -2.0899 0)
(0.5194 -2.13484 0)
(0.5194 -2.17978 0)
(0.5194 -2.22473 0)
(0.580456 -0.022472 0)
(0.580456 -0.067416 0)
(0.580456 -0.11236 0)
(0.580456 -0.157304 0)
(0.580456 -0.202248 0)
(0.580456 -0.247192 0)
(0.580456 -0.292136 0)
(0.580456 -0.33708 0)
(0.580456 -0.382024 0)
(0.580456 -0.426968 0)
(0.580456 -0.471912 0)
(0.580456 -0.516856 0)
(0.580456 -0.5618 0)
(0.580456 -0.606744 0)
(0.580456 -0.651688 0)
(0.580456 -0.696632 0)
(0.580456 -0.741576 0)
(0.580456 -0.78652 0)
(0.580456 -0.831464 0)
(0.580456 -0.876408 0)
(0.580456 -0.921352 0)
(0.580456 -0.966296 0)
(0.580456 -1.01124 0)
(0.580456 -1.05618 0)
(0.580456 -1.10113 0)
(0.580456 -1.14607 0)
(0.580456 -1.19102 0)
(0.580456 -1.23596 0)
(0.580456 -1.2809 0)
(0.580456 -1.32585 0)
(0.580456 -1.37079 0)
(0.580456 -1.41574 0)
(0.580456 -1.46068 0)
(0.580456 -1.50562 0)
(0.580456 -1.55057 0)
(0.580456 -1.59551 0)
(0.580456 -1.64046 0)
(0.580456 -1.6854 0)
(0.580456 -1.73034 0)
(0.580456 -1.77529 0)
(0.580456 -1.82023 0)
(0.580456 -1.86518 0)
(0.580456 -1.91012 0)
(0.580456 -1.95506 0)
(0.580456 -2.00001 0)
(0.580456 -2.04495 0)
(0.580456 -2.0899 0)
(0.580456 -2.13484 0)
(0.580456 -2.17978 0)
(0.580456 -2.22473 0)
(0.644904 -0.022472 0)
(0.644904 -0.067416 0)
(0.644904 -0.11236 0)
(0.644904 -0.157304 0)
(0.644904 -0.202248 0)
(0.644904 -0.247192 0)
(0.644904 -0.292136 0)
(0.644904 -0.33708 0)
(0.644904 -0.382024 0)
(0.644904 -0.426968 0)
(0.644904 -0.471912 0)
(0.644904 -0.516856 0)
(0.644904 -0.5618 0)
(0.644904 -0.606744 0)
(0.644904 -0.651688 0)
(0.644904 -0.696632 0)
(0.644904 -0.741576 0)
(0.644904 -0.78652 0)
(0.644904 -0.831464 0)
(0.644904 -0.876408 0)
(0.644904 -0.921352 0)
(0.644904 -0.966296 0)
(0.644904 -1.01124 0)
(0.644904 -1.05618 0)
(0.644904 -1.10113 0)
(0.644904 -1.14607 0)
(0.644904 -1.19102 0)
(0.644904 -1.23596 0)
(0.644904 -1.2809 0)
(0.644904 -1.32585 0)
(0.644904 -1.37079 0)
(0.644904 -1.41574 0)
(0.644904 -1.46068 0)
(0.644904 -1.50562 0)
(0.644904 -1.55057 0)
(0.644904 -1.59551 0)
(0.644904 -1.64046 0)
(0.644904 -1.6854 0)
(0.644904 -1.73034 0)
(0.644904 -1.77529 0)
(0.644904 -1.82023 0)
(0.644904 -1.86518 0)
(0.644904 -1.91012 0)
(0.644904 -1.95506 0)
(0.644904 -2.00001 0)
(0.644904 -2.04495 0)
(0.644904 -2.0899 0)
(0.644904 -2.13484 0)
(0.644904 -2.17978 0)
(0.644904 -2.22473 0)
(0.712744 -0.022472 0)
(0.712744 -0.067416 0)
(0.712744 -0.11236 0)
(0.712744 -0.157304 0)
(0.712744 -0.202248 0)
(0.712744 -0.247192 0)
(0.712744 -0.292136 0)
(0.712744 -0.33708 0)
(0.712744 -0.382024 0)
(0.712744 -0.426968 0)
(0.712744 -0.471912 0)
(0.712744 -0.516856 0)
(0.712744 -0.5618 0)
(0.712744 -0.606744 0)
(0.712744 -0.651688 0)
(0.712744 -0.696632 0)
(0.712744 -0.741576 0)
(0.712744 -0.78652 0)
(0.712744 -0.831464 0)
(0.712744 -0.876408 0)
(0.712744 -0.921352 0)
(0.712744 -0.966296 0)
(0.712744 -1.01124 0)
(0.712744 -1.05618 0)
(0.712744 -1.10113 0)
(0.712744 -1.14607 0)
(0.712744 -1.19102 0)
(0.712744 -1.23596 0)
(0.712744 -1.2809 0)
(0.712744 -1.32585 0)
(0.712744 -1.37079 0)
(0.712744 -1.41574 0)
(0.712744 -1.46068 0)
(0.712744 -1.50562 0)
(0.712744 -1.55057 0)
(0.712744 -1.59551 0)
(0.712744 -1.64046 0)
(0.712744 -1.6854 0)
(0.712744 -1.73034 0)
(0.712744 -1.77529 0)
(0.712744 -1.82023 0)
(0.712744 -1.86518 0)
(0.712744 -1.91012 0)
(0.712744 -1.95506 0)
(0.712744 -2.00001 0)
(0.712744 -2.04495 0)
(0.712744 -2.0899 0)
(0.712744 -2.13484 0)
(0.712744 -2.17978 0)
(0.712744 -2.22473 0)
(0.783976 -0.022472 0)
(0.783976 -0.067416 0)
(0.783976 -0.11236 0)
(0.783976 -0.157304 0)
(0.783976 -0.202248 0)
(0.783976 -0.247192 0)
(0.783976 -0.292136 0)
(0.783976 -0.33708 0)
(0.783976 -0.382024 0)
(0.783976 -0.426968 0)
(0.783976 -0.471912 0)
(0.783976 -0.516856 0)
(0.783976 -0.5618 0)
(0.783976 -0.606744 0)
(0.783976 -0.651688 0)
(0.783976 -0.696632 0)
(0.783976 -0.741576 0)
(0.783976 -0.78652 0)
(0.783976 -0.831464 0)
(0.783976 -0.876408 0)
(0.783976 -0.921352 0)
(0.783976 -0.966296 0)
(0.783976 -1.01124 0)
(0.783976 -1.05618 0)
(0.783976 -1.10113 0)
(0.783976 -1.14607 0)
(0.783976 -1.19102 0)
(0.783976 -1.23596 0)
(0.783976 -1.2809 0)
(0.783976 -1.32585 0)
(0.783976 -1.37079 0)
(0.783976 -1.41574 0)
(0.783976 -1.46068 0)
(0.783976 -1.50562 0)
(0.783976 -1.55057 0)
(0.783976 -1.59551 0)
(0.783976 -1.64046 0)
(0.783976 -1.6854 0)
(0.783976 -1.73034 0)
(0.783976 -1.77529 0)
(0.783976 -1.82023 0)
(0.783976 -1.86518 0)
(0.783976 -1.91012 0)
(0.783976 -1.95506 0)
(0.783976 -2.00001 0)
(0.783976 -2.04495 0)
(0.783976 -2.0899 0)
(0.783976 -2.13484 0)
(0.783976 -2.17978 0)
(0.783976 -2.22473 0)
(0.8586 -0.022472 0)
(0.8586 -0.067416 0)
(0.8586 -0.11236 0)
(0.8586 -0.157304 0)
(0.8586 -0.202248 0)
(0.8586 -0.247192 0)
(0.8586 -0.292136 0)
(0.8586 -0.33708 0)
(0.8586 -0.382024 0)
(0.8586 -0.426968 0)
(0.8586 -0.471912 0)
(0.8586 -0.516856 0)
(0.8586 -0.5618 0)
(0.8586 -0.606744 0)
(0.8586 -0.651688 0)
(0.8586 -0.696632 0)
(0.8586 -0.741576 0)
(0.8586 -0.78652 0)
(0.8586 -0.831464 0)
(0.8586 -0.876408 0)
(0.8586 -0.921352 0)
(0.8586 -0.966296 0)
(0.8586 -1.01124 0)
(0.8586 -1.05618 0)
(0.8586 -1.10113 0)
(0.8586 -1.14607 0)
(0.8586 -1.19102 0)
(0.8586 -1.23596 0)
(0.8586 -1.2809 0)
(0.8586 -1.32585 0)
(0.8586 -1.37079 0)
(0.8586 -1.41574 0)
(0.8586 -1.46068 0)
(0.8586 -1.50562 0)
(0.8586 -1.55057 0)
(0.8586 -1.59551 0)
(0.8586 -1.64046 0)
(0.8586 -1.6854 0)
(0.8586 -1.73034 0)
(0.8586 -1.77529 0)
(0.8586 -1.82023 0)
(0.8586 -1.86518 0)
(0.8586 -1.91012 0)
(0.8586 -1.95506 0)
(0.8586 -2.00001 0)
(0.8586 -2.04495 0)
(0.8586 -2.0899 0)
(0.8586 -2.13484 0)
(0.8586 -2.17978 0)
(0.8586 -2.22473 0)
(0.936616 -0.022472 0)
(0.936616 -0.067416 0)
(0.936616 -0.11236 0)
(0.936616 -0.157304 0)
(0.936616 -0.202248 0)
(0.936616 -0.247192 0)
(0.936616 -0.292136 0)
(0.936616 -0.33708 0)
(0.936616 -0.382024 0)
(0.936616 -0.426968 0)
(0.936616 -0.471912 0)
(0.936616 -0.516856 0)
(0.936616 -0.5618 0)
(0.936616 -0.606744 0)
(0.936616 -0.651688 0)
(0.936616 -0.696632 0)
(0.936616 -0.741576 0)
(0.936616 -0.78652 0)
(0.936616 -0.831464 0)
(0.936616 -0.876408 0)
(0.936616 -0.921352 0)
(0.936616 -0.966296 0)
(0.936616 -1.01124 0)
(0.936616 -1.05618 0)
(0.936616 -1.10113 0)
(0.936616 -1.14607 0)
(0.936616 -1.19102 0)
(0.936616 -1.23596 0)
(0.936616 -1.2809 0)
(0.936616 -1.32585 0)
(0.936616 -1.37079 0)
(0.936616 -1.41574 0)
(0.936616 -1.46068 0)
(0.936616 -1.50562 0)
(0.936616 -1.55057 0)
(0.936616 -1.59551 0)
(0.936616 -1.64046 0)
(0.936616 -1.6854 0)
(0.936616 -1.73034 0)
(0.936616 -1.77529 0)
(0.936616 -1.82023 0)
(0.936616 -1.86518 0)
(0.936616 -1.91012 0)
(0.936616 -1.95506 0)
(0.936616 -2.00001 0)
(0.936616 -2.04495 0)
(0.936616 -2.0899 0)
(0.936616 -2.13484 0)
(0.936616 -2.17978 0)
(0.936616 -2.22473 0)
(1.01802 -0.022472 0)
(1.01802 -0.067416 0)
(1.01802 -0.11236 0)
(1.01802 -0.157304 0)
(1.01802 -0.202248 0)
(1.01802 -0.247192 0)
(1.01802 -0.292136 0)
(1.01802 -0.33708 0)
(1.01802 -0.382024 0)
(1.01802 -0.426968 0)
(1.01802 -0.471912 0)
(1.01802 -0.516856 0)
(1.01802 -0.5618 0)
(1.01802 -0.606744 0)
(1.01802 -0.651688 0)
(1.01802 -0.696632 0)
(1.01802 -0.741576 0)
(1.01802 -0.78652 0)
(1.01802 -0.831464 0)
(1.01802 -0.876408 0)
(1.01802 -0.921352 0)
(1.01802 -0.966296 0)
(1.01802 -1.01124 0)
(1.01802 -1.05618 0)
(1.01802 -1.10113 0)
(1.01802 -1.14607 0)
(1.01802 -1.19102 0)
(1.01802 -1.23596 0)
(1.01802 -1.2809 0)
(1.01802 -1.32585 0)
(1.01802 -1.37079 0)
(1.01802 -1.41574 0)
(1.01802 -1.46068 0)
(1.01802 -1.50562 0)
(1.01802 -1.55057 0)
(1.01802 -1.59551 0)
(1.01802 -1.64046 0)
(1.01802 -1.6854 0)
(1.01802 -1.73034 0)
(1.01802 -1.77529 0)
(1.01802 -1.82023 0)
(1.01802 -1.86518 0)
(1.01802 -1.91012 0)
(1.01802 -1.95506 0)
(1.01802 -2.00001 0)
(1.01802 -2.04495 0)
(1.01802 -2.0899 0)
(1.01802 -2.13484 0)
(1.01802 -2.17978 0)
(1.01802 -2.22473 0)
(1.10282 -0.022472 0)
(1.10282 -0.067416 0)
(1.10282 -0.11236 0)
(1.10282 -0.157304 0)
(1.10282 -0.202248 0)
(1.10282 -0.247192 0)
(1.10282 -0.292136 0)
(1.10282 -0.33708 0)
(1.10282 -0.382024 0)
(1.10282 -0.426968 0)
(1.10282 -0.471912 0)
(1.10282 -0.516856 0)
(1.10282 -0.5618 0)
(1.10282 -0.606744 0)
(1.10282 -0.651688 0)
(1.10282 -0.696632 0)
(1.10282 -0.741576 0)
(1.10282 -0.78652 0)
(1.10282 -0.831464 0)
(1.10282 -0.876408 0)
(1.10282 -0.921352 0)
(1.10282 -0.966296 0)
(1.10282 -1.01124 0)
(1.10282 -1.05618 0)
(1.10282 -1.10113 0)
(1.10282 -1.14607 0)
(1.10282 -1.19102 0)
(1.10282 -1.23596 0)
(1.10282 -1.2809 0)
(1.10282 -1.32585 0)
(1.10282 -1.37079 0)
(1.10282 -1.41574 0)
(1.10282 -1.46068 0)
(1.10282 -1.50562 0)
(1.10282 -1.55057 0)
(1.10282 -1.59551 0)
(1.10282 -1.64046 0)
(1.10282 -1.6854 0)
(1.10282 -1.73034 0)
(1.10282 -1.77529 0)
(1.10282 -1.82023 0)
(1.10282 -1.86518 0)
(1.10282 -1.91012 0)
(1.10282 -1.95506 0)
(1.10282 -2.00001 0)
(1.10282 -2.04495 0)
(1.10282 -2.0899 0)
(1.10282 -2.13484 0)
(1.10282 -2.17978 0)
(1.10282 -2.22473 0)
(1.19102 -0.022472 0)
(1.19102 -0.067416 0)
(1.19102 -0.11236 0)
(1.19102 -0.157304 0)
(1.19102 -0.202248 0)
(1.19102 -0.247192 0)
(1.19102 -0.292136 0)
(1.19102 -0.33708 0)
(1.19102 -0.382024 0)
(1.19102 -0.426968 0)
(1.19102 -0.471912 0)
(1.19102 -0.516856 0)
(1.19102 -0.5618 0)
(1.19102 -0.606744 0)
(1.19102 -0.651688 0)
(1.19102 -0.696632 0)
(1.19102 -0.741576 0)
(1.19102 -0.78652 0)
(1.19102 -0.831464 0)
(1.19102 -0.876408 0)
(1.19102 -0.921352 0)
(1.19102 -0.966296 0)
(1.19102 -1.01124 0)
(1.19102 -1.05618 0)
(1.19102 -1.10113 0)
(1.19102 -1.14607 0)
(1.19102 -1.19102 0)
(1.19102 -1.23596 0)
(1.19102 -1.2809 0)
(1.19102 -1.32585 0)
(1.19102 -1.37079 0)
(1.19102 -1.41574 0)
(1.19102 -1.46068 0)
(1.19102 -1.50562 0)
(1.19102 -1.55057 0)
(1.19102 -1.59551 0)
(1.19102 -1.64046 0)
(1.19102 -1.6854 0)
(1.19102 -1.73034 0)
(1.19102 -1.77529 0)
(1.19102 -1.82023 0)
(1.19102 -1.86518 0)
(1.19102 -1.91012 0)
(1.19102 -1.95506 0)
(1.19102 -2.00001 0)
(1.19102 -2.04495 0)
(1.19102 -2.0899 0)
(1.19102 -2.13484 0)
(1.19102 -2.17978 0)
(1.19102 -2.22473 0)
(1.2826 -0.022472 0)
(1.2826 -0.067416 0)
(1.2826 -0.11236 0)
(1.2826 -0.157304 0)
(1.2826 -0.202248 0)
(1.2826 -0.247192 0)
(1.2826 -0.292136 0)
(1.2826 -0.33708 0)
(1.2826 -0.382024 0)
(1.2826 -0.426968 0)
(1.2826 -0.471912 0)
(1.2826 -0.516856 0)
(1.2826 -0.5618 0)
(1.2826 -0.606744 0)
(1.2826 -0.651688 0)
(1.2826 -0.696632 0)
(1.2826 -0.741576 0)
(1.2826 -0.78652 0)
(1.2826 -0.831464 0)
(1.2826 -0.876408 0)
(1.2826 -0.921352 0)
(1.2826 -0.966296 0)
(1.2826 -1.01124 0)
(1.2826 -1.05618 0)
(1.2826 -1.10113 0)
(1.2826 -1.14607 0)
(1.2826 -1.19102 0)
(1.2826 -1.23596 0)
(1.2826 -1.2809 0)
(1.2826 -1.32585 0)
(1.2826 -1.37079 0)
(1.2826 -1.41574 0)
(1.2826 -1.46068 0)
(1.2826 -1.50562 0)
(1.2826 -1.55057 0)
(1.2826 -1.59551 0)
(1.2826 -1.64046 0)
(1.2826 -1.6854 0)
(1.2826 -1.73034 0)
(1.2826 -1.77529 0)
(1.2826 -1.82023 0)
(1.2826 -1.86518 0)
(1.2826 -1.91012 0)
(1.2826 -1.95506 0)
(1.2826 -2.00001 0)
(1.2826 -2.04495 0)
(1.2826 -2.0899 0)
(1.2826 -2.13484 0)
(1.2826 -2.17978 0)
(1.2826 -2.22473 0)
(1.37758 -0.022472 0)
(1.37758 -0.067416 0)
(1.37758 -0.11236 0)
(1.37758 -0.157304 0)
(1.37758 -0.202248 0)
(1.37758 -0.247192 0)
(1.37758 -0.292136 0)
(1.37758 -0.33708 0)
(1.37758 -0.382024 0)
(1.37758 -0.426968 0)
(1.37758 -0.471912 0)
(1.37758 -0.516856 0)
(1.37758 -0.5618 0)
(1.37758 -0.606744 0)
(1.37758 -0.651688 0)
(1.37758 -0.696632 0)
(1.37758 -0.741576 0)
(1.37758 -0.78652 0)
(1.37758 -0.831464 0)
(1.37758 -0.876408 0)
(1.37758 -0.921352 0)
(1.37758 -0.966296 0)
(1.37758 -1.01124 0)
(1.37758 -1.05618 0)
(1.37758 -1.10113 0)
(1.37758 -1.14607 0)
(1.37758 -1.19102 0)
(1.37758 -1.23596 0)
(1.37758 -1.2809 0)
(1.37758 -1.32585 0)
(1.37758 -1.37079 0)
(1.37758 -1.41574 0)
(1.37758 -1.46068 0)
(1.37758 -1.50562 0)
(1.37758 -1.55057 0)
(1.37758 -1.59551 0)
(1.37758 -1.64046 0)
(1.37758 -1.6854 0)
(1.37758 -1.73034 0)
(1.37758 -1.77529 0)
(1.37758 -1.82023 0)
(1.37758 -1.86518 0)
(1.37758 -1.91012 0)
(1.37758 -1.95506 0)
(1.37758 -2.00001 0)
(1.37758 -2.04495 0)
(1.37758 -2.0899 0)
(1.37758 -2.13484 0)
(1.37758 -2.17978 0)
(1.37758 -2.22473 0)
(1.47594 -0.022472 0)
(1.47594 -0.067416 0)
(1.47594 -0.11236 0)
(1.47594 -0.157304 0)
(1.47594 -0.202248 0)
(1.47594 -0.247192 0)
(1.47594 -0.292136 0)
(1.47594 -0.33708 0)
(1.47594 -0.382024 0)
(1.47594 -0.426968 0)
(1.47594 -0.471912 0)
(1.47594 -0.516856 0)
(1.47594 -0.5618 0)
(1.47594 -0.606744 0)
(1.47594 -0.651688 0)
(1.47594 -0.696632 0)
(1.47594 -0.741576 0)
(1.47594 -0.78652 0)
(1.47594 -0.831464 0)
(1.47594 -0.876408 0)
(1.47594 -0.921352 0)
(1.47594 -0.966296 0)
(1.47594 -1.01124 0)
(1.47594 -1.05618 0)
(1.47594 -1.10113 0)
(1.47594 -1.14607 0)
(1.47594 -1.19102 0)
(1.47594 -1.23596 0)
(1.47594 -1.2809 0)
(1.47594 -1.32585 0)
(1.47594 -1.37079 0)
(1.47594 -1.41574 0)
(1.47594 -1.46068 0)
(1.47594 -1.50562 0)
(1.47594 -1.55057 0)
(1.47594 -1.59551 0)
(1.47594 -1.64046 0)
(1.47594 -1.6854 0)
(1.47594 -1.73034 0)
(1.47594 -1.77529 0)
(1.47594 -1.82023 0)
(1.47594 -1.86518 0)
(1.47594 -1.91012 0)
(1.47594 -1.95506 0)
(1.47594 -2.00001 0)
(1.47594 -2.04495 0)
(1.47594 -2.0899 0)
(1.47594 -2.13484 0)
(1.47594 -2.17978 0)
(1.47594 -2.22473 0)
(1.5777 -0.022472 0)
(1.5777 -0.067416 0)
(1.5777 -0.11236 0)
(1.5777 -0.157304 0)
(1.5777 -0.202248 0)
(1.5777 -0.247192 0)
(1.5777 -0.292136 0)
(1.5777 -0.33708 0)
(1.5777 -0.382024 0)
(1.5777 -0.426968 0)
(1.5777 -0.471912 0)
(1.5777 -0.516856 0)
(1.5777 -0.5618 0)
(1.5777 -0.606744 0)
(1.5777 -0.651688 0)
(1.5777 -0.696632 0)
(1.5777 -0.741576 0)
(1.5777 -0.78652 0)
(1.5777 -0.831464 0)
(1.5777 -0.876408 0)
(1.5777 -0.921352 0)
(1.5777 -0.966296 0)
(1.5777 -1.01124 0)
(1.5777 -1.05618 0)
(1.5777 -1.10113 0)
(1.5777 -1.14607 0)
(1.5777 -1.19102 0)
(1.5777 -1.23596 0)
(1.5777 -1.2809 0)
(1.5777 -1.32585 0)
(1.5777 -1.37079 0)
(1.5777 -1.41574 0)
(1.5777 -1.46068 0)
(1.5777 -1.50562 0)
(1.5777 -1.55057 0)
(1.5777 -1.59551 0)
(1.5777 -1.64046 0)
(1.5777 -1.6854 0)
(1.5777 -1.73034 0)
(1.5777 -1.77529 0)
(1.5777 -1.82023 0)
(1.5777 -1.86518 0)
(1.5777 -1.91012 0)
(1.5777 -1.95506 0)
(1.5777 -2.00001 0)
(1.5777 -2.04495 0)
(1.5777 -2.0899 0)
(1.5777 -2.13484 0)
(1.5777 -2.17978 0)
(1.5777 -2.22473 0)
(1.68286 -0.022472 0)
(1.68286 -0.067416 0)
(1.68286 -0.11236 0)
(1.68286 -0.157304 0)
(1.68286 -0.202248 0)
(1.68286 -0.247192 0)
(1.68286 -0.292136 0)
(1.68286 -0.33708 0)
(1.68286 -0.382024 0)
(1.68286 -0.426968 0)
(1.68286 -0.471912 0)
(1.68286 -0.516856 0)
(1.68286 -0.5618 0)
(1.68286 -0.606744 0)
(1.68286 -0.651688 0)
(1.68286 -0.696632 0)
(1.68286 -0.741576 0)
(1.68286 -0.78652 0)
(1.68286 -0.831464 0)
(1.68286 -0.876408 0)
(1.68286 -0.921352 0)
(1.68286 -0.966296 0)
(1.68286 -1.01124 0)
(1.68286 -1.05618 0)
(1.68286 -1.10113 0)
(1.68286 -1.14607 0)
(1.68286 -1.19102 0)
(1.68286 -1.23596 0)
(1.68286 -1.2809 0)
(1.68286 -1.32585 0)
(1.68286 -1.37079 0)
(1.68286 -1.41574 0)
(1.68286 -1.46068 0)
(1.68286 -1.50562 0)
(1.68286 -1.55057 0)
(1.68286 -1.59551 0)
(1.68286 -1.64046 0)
(1.68286 -1.6854 0)
(1.68286 -1.73034 0)
(1.68286 -1.77529 0)
(1.68286 -1.82023 0)
(1.68286 -1.86518 0)
(1.68286 -1.91012 0)
(1.68286 -1.95506 0)
(1.68286 -2.00001 0)
(1.68286 -2.04495 0)
(1.68286 -2.0899 0)
(1.68286 -2.13484 0)
(1.68286 -2.17978 0)
(1.68286 -2.22473 0)
(1.7914 -0.022472 0)
(1.7914 -0.067416 0)
(1.7914 -0.11236 0)
(1.7914 -0.157304 0)
(1.7914 -0.202248 0)
(1.7914 -0.247192 0)
(1.7914 -0.292136 0)
(1.7914 -0.33708 0)
(1.7914 -0.382024 0)
(1.7914 -0.426968 0)
(1.7914 -0.471912 0)
(1.7914 -0.516856 0)
(1.7914 -0.5618 0)
(1.7914 -0.606744 0)
(1.7914 -0.651688 0)
(1.7914 -0.696632 0)
(1.7914 -0.741576 0)
(1.7914 -0.78652 0)
(1.7914 -0.831464 0)
(1.7914 -0.876408 0)
(1.7914 -0.921352 0)
(1.7914 -0.966296 0)
(1.7914 -1.01124 0)
(1.7914 -1.05618 0)
(1.7914 -1.10113 0)
(1.7914 -1.14607 0)
(1.7914 -1.19102 0)
(1.7914 -1.23596 0)
(1.7914 -1.2809 0)
(1.7914 -1.32585 0)
(1.7914 -1.37079 0)
(1.7914 -1.41574 0)
(1.7914 -1.46068 0)
(1.7914 -1.50562 0)
(1.7914 -1.55057 0)
(1.7914 -1.59551 0)
(1.7914 -1.64046 0)
(1.7914 -1.6854 0)
(1.7914 -1.73034 0)
(1.7914 -1.77529 0)
(1.7914 -1.82023 0)
(1.7914 -1.86518 0)
(1.7914 -1.91012 0)
(1.7914 -1.95506 0)
(1.7914 -2.00001 0)
(1.7914 -2.04495 0)
(1.7914 -2.0899 0)
(1.7914 -2.13484 0)
(1.7914 -2.17978 0)
(1.7914 -2.22473 0)
(1.90334 -0.022472 0)
(1.90334 -0.067416 0)
(1.90334 -0.11236 0)
(1.90334 -0.157304 0)
(1.90334 -0.202248 0)
(1.90334 -0.247192 0)
(1.90334 -0.292136 0)
(1.90334 -0.33708 0)
(1.90334 -0.382024 0)
(1.90334 -0.426968 0)
(1.90334 -0.471912 0)
(1.90334 -0.516856 0)
(1.90334 -0.5618 0)
(1.90334 -0.606744 0)
(1.90334 -0.651688 0)
(1.90334 -0.696632 0)
(1.90334 -0.741576 0)
(1.90334 -0.78652 0)
(1.90334 -0.831464 0)
(1.90334 -0.876408 0)
(1.90334 -0.921352 0)
(1.90334 -0.966296 0)
(1.90334 -1.01124 0)
(1.90334 -1.05618 0)
(1.90334 -1.10113 0)
(1.90334 -1.14607 0)
(1.90334 -1.19102 0)
(1.90334 -1.23596 0)
(1.90334 -1.2809 0)
(1.90334 -1.32585 0)
(1.90334 -1.37079 0)
(1.90334 -1.41574 0)
(1.90334 -1.46068 0)
(1.90334 -1.50562 0)
(1.90334 -1.55057 0)
(1.90334 -1.59551 0)
(1.90334 -1.64046 0)
(1.90334 -1.6854 0)
(1.90334 -1.73034 0)
(1.90334 -1.77529 0)
(1.90334 -1.82023 0)
(1.90334 -1.86518 0)
(1.90334 -1.91012 0)
(1.90334 -1.95506 0)
(1.90334 -2.00001 0)
(1.90334 -2.04495 0)
(1.90334 -2.0899 0)
(1.90334 -2.13484 0)
(1.90334 -2.17978 0)
(1.90334 -2.22473 0)
(2.01866 -0.022472 0)
(2.01866 -0.067416 0)
(2.01866 -0.11236 0)
(2.01866 -0.157304 0)
(2.01866 -0.202248 0)
(2.01866 -0.247192 0)
(2.01866 -0.292136 0)
(2.01866 -0.33708 0)
(2.01866 -0.382024 0)
(2.01866 -0.426968 0)
(2.01866 -0.471912 0)
(2.01866 -0.516856 0)
(2.01866 -0.5618 0)
(2.01866 -0.606744 0)
(2.01866 -0.651688 0)
(2.01866 -0.696632 0)
(2.01866 -0.741576 0)
(2.01866 -0.78652 0)
(2.01866 -0.831464 0)
(2.01866 -0.876408 0)
(2.01866 -0.921352 0)
(2.01866 -0.966296 0)
(2.01866 -1.01124 0)
(2.01866 -1.05618 0)
(2.01866 -1.10113 0)
(2.01866 -1.14607 0)
(2.01866 -1.19102 0)
(2.01866 -1.23596 0)
(2.01866 -1.2809 0)
(2.01866 -1.32585 0)
(2.01866 -1.37079 0)
(2.01866 -1.41574 0)
(2.01866 -1.46068 0)
(2.01866 -1.50562 0)
(2.01866 -1.55057 0)
(2.01866 -1.59551 0)
(2.01866 -1.64046 0)
(2.01866 -1.6854 0)
(2.01866 -1.73034 0)
(2.01866 -1.77529 0)
(2.01866 -1.82023 0)
(2.01866 -1.86518 0)
(2.01866 -1.91012 0)
(2.01866 -1.95506 0)
(2.01866 -2.00001 0)
(2.01866 -2.04495 0)
(2.01866 -2.0899 0)
(2.01866 -2.13484 0)
(2.01866 -2.17978 0)
(2.01866 -2.22473 0)
(2.13738 -0.022472 0)
(2.13738 -0.067416 0)
(2.13738 -0.11236 0)
(2.13738 -0.157304 0)
(2.13738 -0.202248 0)
(2.13738 -0.247192 0)
(2.13738 -0.292136 0)
(2.13738 -0.33708 0)
(2.13738 -0.382024 0)
(2.13738 -0.426968 0)
(2.13738 -0.471912 0)
(2.13738 -0.516856 0)
(2.13738 -0.5618 0)
(2.13738 -0.606744 0)
(2.13738 -0.651688 0)
(2.13738 -0.696632 0)
(2.13738 -0.741576 0)
(2.13738 -0.78652 0)
(2.13738 -0.831464 0)
(2.13738 -0.876408 0)
(2.13738 -0.921352 0)
(2.13738 -0.966296 0)
(2.13738 -1.01124 0)
(2.13738 -1.05618 0)
(2.13738 -1.10113 0)
(2.13738 -1.14607 0)
(2.13738 -1.19102 0)
(2.13738 -1.23596 0)
(2.13738 -1.2809 0)
(2.13738 -1.32585 0)
(2.13738 -1.37079 0)
(2.13738 -1.41574 0)
(2.13738 -1.46068 0)
(2.13738 -1.50562 0)
(2.13738 -1.55057 0)
(2.13738 -1.59551 0)
(2.13738 -1.64046 0)
(2.13738 -1.6854 0)
(2.13738 -1.73034 0)
(2.13738 -1.77529 0)
(2.13738 -1.82023 0)
(2.13738 -1.86518 0)
(2.13738 -1.91012 0)
(2.13738 -1.95506 0)
(2.13738 -2.00001 0)
(2.13738 -2.04495 0)
(2.13738 -2.0899 0)
(2.13738 -2.13484 0)
(2.13738 -2.17978 0)
(2.13738 -2.22473 0)
(2.2595 -0.022472 0)
(2.2595 -0.067416 0)
(2.2595 -0.11236 0)
(2.2595 -0.157304 0)
(2.2595 -0.202248 0)
(2.2595 -0.247192 0)
(2.2595 -0.292136 0)
(2.2595 -0.33708 0)
(2.2595 -0.382024 0)
(2.2595 -0.426968 0)
(2.2595 -0.471912 0)
(2.2595 -0.516856 0)
(2.2595 -0.5618 0)
(2.2595 -0.606744 0)
(2.2595 -0.651688 0)
(2.2595 -0.696632 0)
(2.2595 -0.741576 0)
(2.2595 -0.78652 0)
(2.2595 -0.831464 0)
(2.2595 -0.876408 0)
(2.2595 -0.921352 0)
(2.2595 -0.966296 0)
(2.2595 -1.01124 0)
(2.2595 -1.05618 0)
(2.2595 -1.10113 0)
(2.2595 -1.14607 0)
(2.2595 -1.19102 0)
(2.2595 -1.23596 0)
(2.2595 -1.2809 0)
(2.2595 -1.32585 0)
(2.2595 -1.37079 0)
(2.2595 -1.41574 0)
(2.2595 -1.46068 0)
(2.2595 -1.50562 0)
(2.2595 -1.55057 0)
(2.2595 -1.59551 0)
(2.2595 -1.64046 0)
(2.2595 -1.6854 0)
(2.2595 -1.73034 0)
(2.2595 -1.77529 0)
(2.2595 -1.82023 0)
(2.2595 -1.86518 0)
(2.2595 -1.91012 0)
(2.2595 -1.95506 0)
(2.2595 -2.00001 0)
(2.2595 -2.04495 0)
(2.2595 -2.0899 0)
(2.2595 -2.13484 0)
(2.2595 -2.17978 0)
(2.2595 -2.22473 0)
(2.385 -0.022472 0)
(2.385 -0.067416 0)
(2.385 -0.11236 0)
(2.385 -0.157304 0)
(2.385 -0.202248 0)
(2.385 -0.247192 0)
(2.385 -0.292136 0)
(2.385 -0.33708 0)
(2.385 -0.382024 0)
(2.385 -0.426968 0)
(2.385 -0.471912 0)
(2.385 -0.516856 0)
(2.385 -0.5618 0)
(2.385 -0.606744 0)
(2.385 -0.651688 0)
(2.385 -0.696632 0)
(2.385 -0.741576 0)
(2.385 -0.78652 0)
(2.385 -0.831464 0)
(2.385 -0.876408 0)
(2.385 -0.921352 0)
(2.385 -0.966296 0)
(2.385 -1.01124 0)
(2.385 -1.05618 0)
(2.385 -1.10113 0)
(2.385 -1.14607 0)
(2.385 -1.19102 0)
(2.385 -1.23596 0)
(2.385 -1.2809 0)
(2.385 -1.32585 0)
(2.385 -1.37079 0)
(2.385 -1.41574 0)
(2.385 -1.46068 0)
(2.385 -1.50562 0)
(2.385 -1.55057 0)
(2.385 -1.59551 0)
(2.385 -1.64046 0)
(2.385 -1.6854 0)
(2.385 -1.73034 0)
(2.385 -1.77529 0)
(2.385 -1.82023 0)
(2.385 -1.86518 0)
(2.385 -1.91012 0)
(2.385 -1.95506 0)
(2.385 -2.00001 0)
(2.385 -2.04495 0)
(2.385 -2.0899 0)
(2.385 -2.13484 0)
(2.385 -2.17978 0)
(2.385 -2.22473 0)
(2.5139 -0.022472 0)
(2.5139 -0.067416 0)
(2.5139 -0.11236 0)
(2.5139 -0.157304 0)
(2.5139 -0.202248 0)
(2.5139 -0.247192 0)
(2.5139 -0.292136 0)
(2.5139 -0.33708 0)
(2.5139 -0.382024 0)
(2.5139 -0.426968 0)
(2.5139 -0.471912 0)
(2.5139 -0.516856 0)
(2.5139 -0.5618 0)
(2.5139 -0.606744 0)
(2.5139 -0.651688 0)
(2.5139 -0.696632 0)
(2.5139 -0.741576 0)
(2.5139 -0.78652 0)
(2.5139 -0.831464 0)
(2.5139 -0.876408 0)
(2.5139 -0.921352 0)
(2.5139 -0.966296 0)
(2.5139 -1.01124 0)
(2.5139 -1.05618 0)
(2.5139 -1.10113 0)
(2.5139 -1.14607 0)
(2.5139 -1.19102 0)
(2.5139 -1.23596 0)
(2.5139 -1.2809 0)
(2.5139 -1.32585 0)
(2.5139 -1.37079 0)
(2.5139 -1.41574 0)
(2.5139 -1.46068 0)
(2.5139 -1.50562 0)
(2.5139 -1.55057 0)
(2.5139 -1.59551 0)
(2.5139 -1.64046 0)
(2.5139 -1.6854 0)
(2.5139 -1.73034 0)
(2.5139 -1.77529 0)
(2.5139 -1.82023 0)
(2.5139 -1.86518 0)
(2.5139 -1.91012 0)
(2.5139 -1.95506 0)
(2.5139 -2.00001 0)
(2.5139 -2.04495 0)
(2.5139 -2.0899 0)
(2.5139 -2.13484 0)
(2.5139 -2.17978 0)
(2.5139 -2.22473 0)
(2.64618 -0.022472 0)
(2.64618 -0.067416 0)
(2.64618 -0.11236 0)
(2.64618 -0.157304 0)
(2.64618 -0.202248 0)
(2.64618 -0.247192 0)
(2.64618 -0.292136 0)
(2.64618 -0.33708 0)
(2.64618 -0.382024 0)
(2.64618 -0.426968 0)
(2.64618 -0.471912 0)
(2.64618 -0.516856 0)
(2.64618 -0.5618 0)
(2.64618 -0.606744 0)
(2.64618 -0.651688 0)
(2.64618 -0.696632 0)
(2.64618 -0.741576 0)
(2.64618 -0.78652 0)
(2.64618 -0.831464 0)
(2.64618 -0.876408 0)
(2.64618 -0.921352 0)
(2.64618 -0.966296 0)
(2.64618 -1.01124 0)
(2.64618 -1.05618 0)
(2.64618 -1.10113 0)
(2.64618 -1.14607 0)
(2.64618 -1.19102 0)
(2.64618 -1.23596 0)
(2.64618 -1.2809 0)
(2.64618 -1.32585 0)
(2.64618 -1.37079 0)
(2.64618 -1.41574 0)
(2.64618 -1.46068 0)
(2.64618 -1.50562 0)
(2.64618 -1.55057 0)
(2.64618 -1.59551 0)
(2.64618 -1.64046 0)
(2.64618 -1.6854 0)
(2.64618 -1.73034 0)
(2.64618 -1.77529 0)
(2.64618 -1.82023 0)
(2.64618 -1.86518 0)
(2.64618 -1.91012 0)
(2.64618 -1.95506 0)
(2.64618 -2.00001 0)
(2.64618 -2.04495 0)
(2.64618 -2.0899 0)
(2.64618 -2.13484 0)
(2.64618 -2.17978 0)
(2.64618 -2.22473 0)
(2.78186 -0.022472 0)
(2.78186 -0.067416 0)
(2.78186 -0.11236 0)
(2.78186 -0.157304 0)
(2.78186 -0.202248 0)
(2.78186 -0.247192 0)
(2.78186 -0.292136 0)
(2.78186 -0.33708 0)
(2.78186 -0.382024 0)
(2.78186 -0.426968 0)
(2.78186 -0.471912 0)
(2.78186 -0.516856 0)
(2.78186 -0.5618 0)
(2.78186 -0.606744 0)
(2.78186 -0.651688 0)
(2.78186 -0.696632 0)
(2.78186 -0.741576 0)
(2.78186 -0.78652 0)
(2.78186 -0.831464 0)
(2.78186 -0.876408 0)
(2.78186 -0.921352 0)
(2.78186 -0.966296 0)
(2.78186 -1.01124 0)
(2.78186 -1.05618 0)
(2.78186 -1.10113 0)
(2.78186 -1.14607 0)
(2.78186 -1.19102 0)
(2.78186 -1.23596 0)
(2.78186 -1.2809 0)
(2.78186 -1.32585 0)
(2.78186 -1.37079 0)
(2.78186 -1.41574 0)
(2.78186 -1.46068 0)
(2.78186 -1.50562 0)
(2.78186 -1.55057 0)
(2.78186 -1.59551 0)
(2.78186 -1.64046 0)
(2.78186 -1.6854 0)
(2.78186 -1.73034 0)
(2.78186 -1.77529 0)
(2.78186 -1.82023 0)
(2.78186 -1.86518 0)
(2.78186 -1.91012 0)
(2.78186 -1.95506 0)
(2.78186 -2.00001 0)
(2.78186 -2.04495 0)
(2.78186 -2.0899 0)
(2.78186 -2.13484 0)
(2.78186 -2.17978 0)
(2.78186 -2.22473 0)
(2.92094 -0.022472 0)
(2.92094 -0.067416 0)
(2.92094 -0.11236 0)
(2.92094 -0.157304 0)
(2.92094 -0.202248 0)
(2.92094 -0.247192 0)
(2.92094 -0.292136 0)
(2.92094 -0.33708 0)
(2.92094 -0.382024 0)
(2.92094 -0.426968 0)
(2.92094 -0.471912 0)
(2.92094 -0.516856 0)
(2.92094 -0.5618 0)
(2.92094 -0.606744 0)
(2.92094 -0.651688 0)
(2.92094 -0.696632 0)
(2.92094 -0.741576 0)
(2.92094 -0.78652 0)
(2.92094 -0.831464 0)
(2.92094 -0.876408 0)
(2.92094 -0.921352 0)
(2.92094 -0.966296 0)
(2.92094 -1.01124 0)
(2.92094 -1.05618 0)
(2.92094 -1.10113 0)
(2.92094 -1.14607 0)
(2.92094 -1.19102 0)
(2.92094 -1.23596 0)
(2.92094 -1.2809 0)
(2.92094 -1.32585 0)
(2.92094 -1.37079 0)
(2.92094 -1.41574 0)
(2.92094 -1.46068 0)
(2.92094 -1.50562 0)
(2.92094 -1.55057 0)
(2.92094 -1.59551 0)
(2.92094 -1.64046 0)
(2.92094 -1.6854 0)
(2.92094 -1.73034 0)
(2.92094 -1.77529 0)
(2.92094 -1.82023 0)
(2.92094 -1.86518 0)
(2.92094 -1.91012 0)
(2.92094 -1.95506 0)
(2.92094 -2.00001 0)
(2.92094 -2.04495 0)
(2.92094 -2.0899 0)
(2.92094 -2.13484 0)
(2.92094 -2.17978 0)
(2.92094 -2.22473 0)
(3.0634 -0.022472 0)
(3.0634 -0.067416 0)
(3.0634 -0.11236 0)
(3.0634 -0.157304 0)
(3.0634 -0.202248 0)
(3.0634 -0.247192 0)
(3.0634 -0.292136 0)
(3.0634 -0.33708 0)
(3.0634 -0.382024 0)
(3.0634 -0.426968 0)
(3.0634 -0.471912 0)
(3.0634 -0.516856 0)
(3.0634 -0.5618 0)
(3.0634 -0.606744 0)
(3.0634 -0.651688 0)
(3.0634 -0.696632 0)
(3.0634 -0.741576 0)
(3.0634 -0.78652 0)
(3.0634 -0.831464 0)
(3.0634 -0.876408 0)
(3.0634 -0.921352 0)
(3.0634 -0.966296 0)
(3.0634 -1.01124 0)
(3.0634 -1.05618 0)
(3.0634 -1.10113 0)
(3.0634 -1.14607 0)
(3.0634 -1.19102 0)
(3.0634 -1.23596 0)
(3.0634 -1.2809 0)
(3.0634 -1.32585 0)
(3.0634 -1.37079 0)
(3.0634 -1.41574 0)
(3.0634 -1.46068 0)
(3.0634 -1.50562 0)
(3.0634 -1.55057 0)
(3.0634 -1.59551 0)
(3.0634 -1.64046 0)
(3.0634 -1.6854 0)
(3.0634 -1.73034 0)
(3.0634 -1.77529 0)
(3.0634 -1.82023 0)
(3.0634 -1.86518 0)
(3.0634 -1.91012 0)
(3.0634 -1.95506 0)
(3.0634 -2.00001 0)
(3.0634 -2.04495 0)
(3.0634 -2.0899 0)
(3.0634 -2.13484 0)
(3.0634 -2.17978 0)
(3.0634 -2.22473 0)
(3.20926 -0.022472 0)
(3.20926 -0.067416 0)
(3.20926 -0.11236 0)
(3.20926 -0.157304 0)
(3.20926 -0.202248 0)
(3.20926 -0.247192 0)
(3.20926 -0.292136 0)
(3.20926 -0.33708 0)
(3.20926 -0.382024 0)
(3.20926 -0.426968 0)
(3.20926 -0.471912 0)
(3.20926 -0.516856 0)
(3.20926 -0.5618 0)
(3.20926 -0.606744 0)
(3.20926 -0.651688 0)
(3.20926 -0.696632 0)
(3.20926 -0.741576 0)
(3.20926 -0.78652 0)
(3.20926 -0.831464 0)
(3.20926 -0.876408 0)
(3.20926 -0.921352 0)
(3.20926 -0.966296 0)
(3.20926 -1.01124 0)
(3.20926 -1.05618 0)
(3.20926 -1.10113 0)
(3.20926 -1.14607 0)
(3.20926 -1.19102 0)
(3.20926 -1.23596 0)
(3.20926 -1.2809 0)
(3.20926 -1.32585 0)
(3.20926 -1.37079 0)
(3.20926 -1.41574 0)
(3.20926 -1.46068 0)
(3.20926 -1.50562 0)
(3.20926 -1.55057 0)
(3.20926 -1.59551 0)
(3.20926 -1.64046 0)
(3.20926 -1.6854 0)
(3.20926 -1.73034 0)
(3.20926 -1.77529 0)
(3.20926 -1.82023 0)
(3.20926 -1.86518 0)
(3.20926 -1.91012 0)
(3.20926 -1.95506 0)
(3.20926 -2.00001 0)
(3.20926 -2.04495 0)
(3.20926 -2.0899 0)
(3.20926 -2.13484 0)
(3.20926 -2.17978 0)
(3.20926 -2.22473 0)
(3.3585 -0.022472 0)
(3.3585 -0.067416 0)
(3.3585 -0.11236 0)
(3.3585 -0.157304 0)
(3.3585 -0.202248 0)
(3.3585 -0.247192 0)
(3.3585 -0.292136 0)
(3.3585 -0.33708 0)
(3.3585 -0.382024 0)
(3.3585 -0.426968 0)
(3.3585 -0.471912 0)
(3.3585 -0.516856 0)
(3.3585 -0.5618 0)
(3.3585 -0.606744 0)
(3.3585 -0.651688 0)
(3.3585 -0.696632 0)
(3.3585 -0.741576 0)
(3.3585 -0.78652 0)
(3.3585 -0.831464 0)
(3.3585 -0.876408 0)
(3.3585 -0.921352 0)
(3.3585 -0.966296 0)
(3.3585 -1.01124 0)
(3.3585 -1.05618 0)
(3.3585 -1.10113 0)
(3.3585 -1.14607 0)
(3.3585 -1.19102 0)
(3.3585 -1.23596 0)
(3.3585 -1.2809 0)
(3.3585 -1.32585 0)
(3.3585 -1.37079 0)
(3.3585 -1.41574 0)
(3.3585 -1.46068 0)
(3.3585 -1.50562 0)
(3.3585 -1.55057 0)
(3.3585 -1.59551 0)
(3.3585 -1.64046 0)
(3.3585 -1.6854 0)
(3.3585 -1.73034 0)
(3.3585 -1.77529 0)
(3.3585 -1.82023 0)
(3.3585 -1.86518 0)
(3.3585 -1.91012 0)
(3.3585 -1.95506 0)
(3.3585 -2.00001 0)
(3.3585 -2.04495 0)
(3.3585 -2.0899 0)
(3.3585 -2.13484 0)
(3.3585 -2.17978 0)
(3.3585 -2.22473 0)
(3.51114 -0.022472 0)
(3.51114 -0.067416 0)
(3.51114 -0.11236 0)
(3.51114 -0.157304 0)
(3.51114 -0.202248 0)
(3.51114 -0.247192 0)
(3.51114 -0.292136 0)
(3.51114 -0.33708 0)
(3.51114 -0.382024 0)
(3.51114 -0.426968 0)
(3.51114 -0.471912 0)
(3.51114 -0.516856 0)
(3.51114 -0.5618 0)
(3.51114 -0.606744 0)
(3.51114 -0.651688 0)
(3.51114 -0.696632 0)
(3.51114 -0.741576 0)
(3.51114 -0.78652 0)
(3.51114 -0.831464 0)
(3.51114 -0.876408 0)
(3.51114 -0.921352 0)
(3.51114 -0.966296 0)
(3.51114 -1.01124 0)
(3.51114 -1.05618 0)
(3.51114 -1.10113 0)
(3.51114 -1.14607 0)
(3.51114 -1.19102 0)
(3.51114 -1.23596 0)
(3.51114 -1.2809 0)
(3.51114 -1.32585 0)
(3.51114 -1.37079 0)
(3.51114 -1.41574 0)
(3.51114 -1.46068 0)
(3.51114 -1.50562 0)
(3.51114 -1.55057 0)
(3.51114 -1.59551 0)
(3.51114 -1.64046 0)
(3.51114 -1.6854 0)
(3.51114 -1.73034 0)
(3.51114 -1.77529 0)
(3.51114 -1.82023 0)
(3.51114 -1.86518 0)
(3.51114 -1.91012 0)
(3.51114 -1.95506 0)
(3.51114 -2.00001 0)
(3.51114 -2.04495 0)
(3.51114 -2.0899 0)
(3.51114 -2.13484 0)
(3.51114 -2.17978 0)
(3.51114 -2.22473 0)
(3.66718 -0.022472 0)
(3.66718 -0.067416 0)
(3.66718 -0.11236 0)
(3.66718 -0.157304 0)
(3.66718 -0.202248 0)
(3.66718 -0.247192 0)
(3.66718 -0.292136 0)
(3.66718 -0.33708 0)
(3.66718 -0.382024 0)
(3.66718 -0.426968 0)
(3.66718 -0.471912 0)
(3.66718 -0.516856 0)
(3.66718 -0.5618 0)
(3.66718 -0.606744 0)
(3.66718 -0.651688 0)
(3.66718 -0.696632 0)
(3.66718 -0.741576 0)
(3.66718 -0.78652 0)
(3.66718 -0.831464 0)
(3.66718 -0.876408 0)
(3.66718 -0.921352 0)
(3.66718 -0.966296 0)
(3.66718 -1.01124 0)
(3.66718 -1.05618 0)
(3.66718 -1.10113 0)
(3.66718 -1.14607 0)
(3.66718 -1.19102 0)
(3.66718 -1.23596 0)
(3.66718 -1.2809 0)
(3.66718 -1.32585 0)
(3.66718 -1.37079 0)
(3.66718 -1.41574 0)
(3.66718 -1.46068 0)
(3.66718 -1.50562 0)
(3.66718 -1.55057 0)
(3.66718 -1.59551 0)
(3.66718 -1.64046 0)
(3.66718 -1.6854 0)
(3.66718 -1.73034 0)
(3.66718 -1.77529 0)
(3.66718 -1.82023 0)
(3.66718 -1.86518 0)
(3.66718 -1.91012 0)
(3.66718 -1.95506 0)
(3.66718 -2.00001 0)
(3.66718 -2.04495 0)
(3.66718 -2.0899 0)
(3.66718 -2.13484 0)
(3.66718 -2.17978 0)
(3.66718 -2.22473 0)
(3.8266 -0.022472 0)
(3.8266 -0.067416 0)
(3.8266 -0.11236 0)
(3.8266 -0.157304 0)
(3.8266 -0.202248 0)
(3.8266 -0.247192 0)
(3.8266 -0.292136 0)
(3.8266 -0.33708 0)
(3.8266 -0.382024 0)
(3.8266 -0.426968 0)
(3.8266 -0.471912 0)
(3.8266 -0.516856 0)
(3.8266 -0.5618 0)
(3.8266 -0.606744 0)
(3.8266 -0.651688 0)
(3.8266 -0.696632 0)
(3.8266 -0.741576 0)
(3.8266 -0.78652 0)
(3.8266 -0.831464 0)
(3.8266 -0.876408 0)
(3.8266 -0.921352 0)
(3.8266 -0.966296 0)
(3.8266 -1.01124 0)
(3.8266 -1.05618 0)
(3.8266 -1.10113 0)
(3.8266 -1.14607 0)
(3.8266 -1.19102 0)
(3.8266 -1.23596 0)
(3.8266 -1.2809 0)
(3.8266 -1.32585 0)
(3.8266 -1.37079 0)
(3.8266 -1.41574 0)
(3.8266 -1.46068 0)
(3.8266 -1.50562 0)
(3.8266 -1.55057 0)
(3.8266 -1.59551 0)
(3.8266 -1.64046 0)
(3.8266 -1.6854 0)
(3.8266 -1.73034 0)
(3.8266 -1.77529 0)
(3.8266 -1.82023 0)
(3.8266 -1.86518 0)
(3.8266 -1.91012 0)
(3.8266 -1.95506 0)
(3.8266 -2.00001 0)
(3.8266 -2.04495 0)
(3.8266 -2.0899 0)
(3.8266 -2.13484 0)
(3.8266 -2.17978 0)
(3.8266 -2.22473 0)
(3.98942 -0.022472 0)
(3.98942 -0.067416 0)
(3.98942 -0.11236 0)
(3.98942 -0.157304 0)
(3.98942 -0.202248 0)
(3.98942 -0.247192 0)
(3.98942 -0.292136 0)
(3.98942 -0.33708 0)
(3.98942 -0.382024 0)
(3.98942 -0.426968 0)
(3.98942 -0.471912 0)
(3.98942 -0.516856 0)
(3.98942 -0.5618 0)
(3.98942 -0.606744 0)
(3.98942 -0.651688 0)
(3.98942 -0.696632 0)
(3.98942 -0.741576 0)
(3.98942 -0.78652 0)
(3.98942 -0.831464 0)
(3.98942 -0.876408 0)
(3.98942 -0.921352 0)
(3.98942 -0.966296 0)
(3.98942 -1.01124 0)
(3.98942 -1.05618 0)
(3.98942 -1.10113 0)
(3.98942 -1.14607 0)
(3.98942 -1.19102 0)
(3.98942 -1.23596 0)
(3.98942 -1.2809 0)
(3.98942 -1.32585 0)
(3.98942 -1.37079 0)
(3.98942 -1.41574 0)
(3.98942 -1.46068 0)
(3.98942 -1.50562 0)
(3.98942 -1.55057 0)
(3.98942 -1.59551 0)
(3.98942 -1.64046 0)
(3.98942 -1.6854 0)
(3.98942 -1.73034 0)
(3.98942 -1.77529 0)
(3.98942 -1.82023 0)
(3.98942 -1.86518 0)
(3.98942 -1.91012 0)
(3.98942 -1.95506 0)
(3.98942 -2.00001 0)
(3.98942 -2.04495 0)
(3.98942 -2.0899 0)
(3.98942 -2.13484 0)
(3.98942 -2.17978 0)
(3.98942 -2.22473 0)
(4.15562 -0.022472 0)
(4.15562 -0.067416 0)
(4.15562 -0.11236 0)
(4.15562 -0.157304 0)
(4.15562 -0.202248 0)
(4.15562 -0.247192 0)
(4.15562 -0.292136 0)
(4.15562 -0.33708 0)
(4.15562 -0.382024 0)
(4.15562 -0.426968 0)
(4.15562 -0.471912 0)
(4.15562 -0.516856 0)
(4.15562 -0.5618 0)
(4.15562 -0.606744 0)
(4.15562 -0.651688 0)
(4.15562 -0.696632 0)
(4.15562 -0.741576 0)
(4.15562 -0.78652 0)
(4.15562 -0.831464 0)
(4.15562 -0.876408 0)
(4.15562 -0.921352 0)
(4.15562 -0.966296 0)
(4.15562 -1.01124 0)
(4.15562 -1.05618 0)
(4.15562 -1.10113 0)
(4.15562 -1.14607 0)
(4.15562 -1.19102 0)
(4.15562 -1.23596 0)
(4.15562 -1.2809 0)
(4.15562 -1.32585 0)
(4.15562 -1.37079 0)
(4.15562 -1.41574 0)
(4.15562 -1.46068 0)
(4.15562 -1.50562 0)
(4.15562 -1.55057 0)
(4.15562 -1.59551 0)
(4.15562 -1.64046 0)
(4.15562 -1.6854 0)
(4.15562 -1.73034 0)
(4.15562 -1.77529 0)
(4.15562 -1.82023 0)
(4.15562 -1.86518 0)
(4.15562 -1.91012 0)
(4.15562 -1.95506 0)
(4.15562 -2.00001 0)
(4.15562 -2.04495 0)
(4.15562 -2.0899 0)
(4.15562 -2.13484 0)
(4.15562 -2.17978 0)
(4.15562 -2.22473 0)
)
;

boundaryField
{
    movingWall
    {
        type            calculated;
        value           uniform (0.8 -0.8 0);
    }
    fixedWalls
    {
        type            calculated;
        value           uniform (0.8 -0.8 0);
    }
    frontAndBack
    {
        type            empty;
    }
}

