/*--------------------------------*- C++ -*----------------------------------*\
| =========                 |                                                 |
| \\      /  F ield         | OpenFOAM: The Open Source CFD Toolbox           |
|  \\    /   O peration     | Version:  v2006                                 |
|   \\  /    A nd           | Website:  www.openfoam.com                      |
|    \\/     M anipulation  |                                                 |
\*---------------------------------------------------------------------------*/
FoamFile
{
    version     2.0;
    format      ascii;
    class       volScalarField;
    location    "0";
    object      f;
}
// * * * * * * * * * * * * * * * * * * * * * * * * * * * * * * * * * * * * * //

dimensions      [0 0 0 0 0 0 0];


internalField   nonuniform List<scalar> 
2500
(
-6.79181e-52
1.05717e-41
-6.32886e-36
3.86333e-32
-7.16211e-30
-4.85766e-27
2.9537e-25
-3.30268e-24
-3.17917e-23
8.33375e-23
7.96311e-21
5.18987e-21
-2.27213e-19
-1.00164e-18
-1.23002e-18
6.68757e-19
1.66604e-18
1.73617e-18
3.13651e-17
-1.92315e-16
-9.23701e-17
-1.63286e-16
8.99386e-17
2.3029e-16
5.70681e-16
1.78745e-15
-1.11023e-16
-1.51776e-15
-5.36208e-17
2.25823e-15
1.61157e-15
-2.15833e-15
-3.87869e-15
1.93978e-15
2.26477e-15
-1.09191e-15
-5.99371e-16
1.25076e-16
1.0668e-16
2.54578e-17
1.93912e-18
-6.58598e-19
-1.38658e-19
1.28133e-19
1.25379e-19
6.80542e-20
2.83649e-20
9.79414e-21
2.81948e-21
2.0873e-22
-7.49156e-50
3.46758e-40
-1.11546e-34
4.64839e-31
-7.38015e-29
-3.45378e-26
1.62241e-24
-1.01581e-23
-1.41928e-22
-1.01125e-21
2.62438e-20
4.30806e-20
-5.15442e-19
-2.34418e-18
-3.16312e-18
2.08653e-18
7.86994e-18
1.82444e-17
6.10831e-17
-2.77981e-16
-1.74205e-16
-3.48436e-16
-1.26592e-17
2.65868e-17
3.18707e-16
3.4875e-15
1.87717e-16
-3.58888e-15
-1.48639e-15
3.02805e-15
3.41564e-15
-8.60723e-16
-5.83464e-15
7.84731e-16
2.61434e-15
-8.53097e-16
-6.10325e-16
1.25945e-16
9.88394e-17
1.62176e-17
-2.30032e-18
-2.08837e-18
-6.02758e-19
-4.29428e-20
5.47505e-20
3.884e-20
1.71818e-20
5.98443e-21
1.70234e-21
1.60577e-22
-6.60943e-48
9.09764e-39
-1.60796e-33
4.92558e-30
-6.75085e-28
-2.15086e-25
7.76093e-24
-1.16771e-23
-5.7084e-22
-9.57885e-21
8.24601e-20
2.29318e-19
-1.08611e-18
-5.84343e-18
-1.00495e-17
3.55999e-18
2.21006e-17
7.17912e-17
1.30923e-16
-4.48056e-16
-5.75159e-16
-1.39251e-15
-9.53866e-17
-7.87958e-17
3.00841e-16
1.58933e-14
5.17603e-16
-4.46119e-14
-4.2928e-15
4.80606e-14
8.24203e-15
-2.18038e-14
-1.79017e-14
1.18007e-15
7.12161e-15
-1.21413e-15
-1.0997e-15
2.19725e-16
1.66022e-16
2.07604e-17
-6.78765e-18
-4.31868e-18
-1.20717e-18
-1.3106e-19
6.68709e-20
5.3788e-20
2.41595e-20
8.39632e-21
2.37236e-21
2.46261e-22
-5.58838e-46
2.29532e-37
-2.32381e-32
5.48392e-29
-5.8995e-27
-1.3379e-24
3.46909e-23
1.27514e-22
-1.93156e-21
-5.96468e-20
2.32501e-19
9.82584e-19
-1.57742e-18
-1.34254e-17
-3.18153e-17
-1.0275e-18
4.70017e-17
2.36609e-16
2.53694e-16
-5.38629e-16
-7.3611e-15
-1.42922e-14
-2.58835e-16
2.55289e-14
1.94664e-13
5.15974e-14
-2.15079e-13
-2.03708e-13
-7.62964e-15
2.2658e-13
1.29323e-14
-2.52083e-13
-4.48368e-14
4.47703e-14
2.18546e-14
-1.61576e-15
-2.01877e-15
3.85014e-16
2.79294e-16
2.41309e-17
-1.55494e-17
-8.12674e-18
-2.15792e-18
-2.54988e-19
8.93511e-20
7.67494e-20
3.43518e-20
1.18078e-20
3.2987e-21
3.70209e-22
-4.52119e-44
5.60414e-36
-3.47285e-31
6.33134e-28
-4.64234e-26
-8.37999e-24
1.32809e-22
1.42406e-21
-3.92883e-21
-3.12002e-19
5.37242e-19
3.5517e-18
7.8041e-19
-2.66787e-17
-9.273e-17
-3.7933e-17
7.30761e-17
7.82692e-16
4.4976e-16
-3.52528e-16
-4.23359e-14
-6.33948e-14
5.88368e-13
1.91957e-12
1.52552e-12
9.35598e-14
-4.05799e-12
-5.68316e-13
1.07773e-12
6.76645e-13
-6.3436e-13
-1.00531e-12
-7.33855e-14
2.4589e-13
5.68036e-14
-3.37339e-15
-4.15651e-15
6.83348e-16
4.72465e-16
2.27533e-17
-3.17888e-17
-1.43383e-17
-3.55539e-18
-3.99876e-19
1.36355e-19
1.13398e-19
4.94921e-20
1.66672e-20
4.58248e-21
5.48205e-22
-3.48903e-42
1.344e-34
-5.5204e-30
7.38085e-27
-2.99409e-25
-5.26126e-23
3.01129e-22
9.70704e-21
1.19222e-20
-1.44591e-18
7.1501e-19
1.0789e-17
1.79096e-17
-3.9048e-17
-2.27325e-16
-2.10627e-16
9.84628e-17
4.229e-15
8.76339e-16
-7.96014e-14
-1.20075e-13
-1.18654e-13
4.82188e-12
8.88152e-12
4.70368e-12
-2.35236e-11
-1.67503e-11
-8.82037e-13
1.52608e-11
1.15137e-12
-7.64561e-12
-2.85148e-12
2.57677e-14
8.37161e-13
1.07652e-13
-2.31386e-14
-1.03469e-14
1.25809e-15
8.06963e-16
8.75319e-18
-6.07887e-17
-2.40484e-17
-5.462e-18
-5.17831e-19
2.34372e-19
1.72928e-19
7.21704e-20
2.36085e-20
6.36203e-21
8.02129e-22
-2.55641e-40
3.26744e-33
-9.41474e-29
8.42436e-26
-1.12199e-24
-3.22996e-22
-1.41833e-21
5.21657e-20
2.1269e-19
-5.98626e-18
-1.79388e-18
2.60664e-17
8.60227e-17
-8.29878e-18
-1.06169e-15
-1.02123e-15
2.37938e-14
2.28555e-14
-3.79766e-13
-8.34621e-13
-2.15998e-13
1.20399e-11
1.51882e-11
2.02943e-11
7.63528e-12
-2.41911e-10
-4.39161e-11
1.09199e-10
6.25405e-11
-5.06546e-12
-2.89732e-11
-5.88473e-12
3.34406e-12
2.2695e-12
1.32909e-13
-1.12823e-13
-2.58183e-14
2.5055e-15
1.40227e-15
-3.41624e-17
-1.1111e-16
-3.85763e-17
-7.82675e-18
-5.02657e-19
4.28481e-19
2.69345e-19
1.06061e-19
3.34871e-20
8.81923e-21
1.16152e-21
-1.76816e-38
8.48574e-32
-1.69141e-27
9.1258e-25
7.14619e-24
-1.8369e-21
-2.81418e-20
2.29746e-19
1.71199e-18
-2.17923e-17
-2.06638e-17
3.87053e-17
3.22263e-16
2.05019e-16
-1.78877e-14
-3.16884e-15
1.55622e-13
5.72616e-14
-2.80166e-12
-2.13557e-12
8.9265e-11
1.54248e-10
2.46517e-11
3.07835e-11
-1.48947e-09
-9.58146e-10
-6.80214e-11
1.18125e-09
1.69154e-10
-1.05931e-10
-7.90757e-11
-7.71417e-12
1.58182e-11
4.99836e-12
-2.83415e-13
-4.02486e-13
-5.26942e-14
5.44369e-15
2.51441e-15
-1.38402e-16
-1.96438e-16
-5.92491e-17
-1.03544e-17
-1.55659e-19
7.89245e-19
4.22555e-19
1.56046e-19
4.73875e-20
1.21803e-20
1.66471e-21
-1.14895e-36
2.48389e-30
-3.09393e-26
9.04366e-24
2.22747e-22
-8.55552e-21
-2.73752e-19
8.03516e-19
1.09187e-17
-6.6268e-17
-1.23598e-16
-6.25111e-17
6.13522e-15
-2.84808e-14
-6.96707e-14
1.87359e-12
4.36004e-13
-1.8221e-11
-5.98181e-12
6.03485e-11
6.18832e-10
5.63321e-10
-2.9258e-09
-1.63922e-08
-1.5851e-08
-2.70739e-09
1.31879e-08
4.68368e-09
2.75395e-10
-4.43913e-10
-1.64466e-10
1.65198e-11
5.51943e-11
8.45287e-12
-2.26619e-12
-1.15122e-12
-8.49364e-14
1.26604e-14
4.75879e-15
-3.67972e-16
-3.38563e-16
-8.68257e-17
-1.23026e-17
8.54471e-19
1.41832e-18
6.58679e-19
2.28106e-19
6.65757e-20
1.67061e-20
2.35895e-21
-7.05235e-35
8.27525e-29
-5.56722e-25
7.68648e-23
3.16103e-21
-1.80155e-20
-2.07835e-18
1.90422e-18
6.23805e-17
-1.58929e-16
-7.68605e-16
-6.55684e-16
4.93946e-14
-9.92117e-13
2.79721e-12
1.2738e-11
-1.3405e-10
-1.20404e-10
4.01007e-10
2.03913e-09
1.86512e-09
4.53873e-10
-6.67371e-08
-1.00568e-07
-5.57867e-08
-4.32424e-09
8.33103e-08
1.20779e-08
2.3762e-10
-1.45209e-09
-2.23978e-10
2.86725e-10
1.62354e-10
9.67744e-12
-7.2867e-12
-2.6857e-12
-1.01796e-13
3.38782e-14
9.47443e-15
-8.56613e-16
-5.72471e-16
-1.20266e-16
-1.22075e-17
3.02806e-18
2.44937e-18
1.00873e-18
3.28791e-19
9.2365e-20
2.26679e-20
3.29873e-21
-4.28837e-33
2.99624e-27
-9.56823e-24
4.59724e-22
3.35634e-20
2.45175e-19
-1.32679e-17
2.09096e-19
3.65754e-16
-3.40987e-15
-4.13351e-15
1.94516e-13
1.21633e-13
-3.45738e-12
7.83185e-11
3.39674e-11
-1.17371e-09
-3.02525e-10
1.49539e-08
7.53865e-09
-1.7767e-11
-1.98858e-07
-2.71291e-07
-2.86589e-07
-1.28055e-07
6.27251e-07
2.7186e-07
1.86885e-08
-4.07074e-09
-4.15897e-09
1.53619e-10
1.14913e-09
4.00334e-10
-3.07689e-12
-1.87527e-11
-5.28554e-12
-3.23189e-14
8.96778e-14
1.81241e-14
-1.88001e-15
-9.5137e-16
-1.54471e-16
-7.57459e-18
7.04756e-18
4.03909e-18
1.50468e-18
4.64125e-19
1.25876e-19
3.03049e-20
4.542e-21
-3.01259e-31
1.1087e-25
-1.52518e-22
-5.33948e-22
2.81769e-19
4.66489e-18
-7.3074e-17
-2.35887e-17
2.12551e-15
-3.86811e-14
1.87135e-13
1.80305e-12
-2.48631e-11
4.28108e-11
2.5748e-10
-5.15674e-09
-2.99851e-09
7.61309e-08
7.36125e-08
-4.32543e-08
-1.36676e-06
-1.07058e-06
-6.26805e-07
-4.69976e-07
-1.85034e-07
3.6996e-06
5.52977e-07
1.51748e-08
-2.89264e-08
-1.01533e-08
3.74892e-09
3.47922e-09
8.4321e-10
-4.29617e-11
-4.18535e-11
-9.21475e-12
2.28736e-13
2.17676e-13
3.08181e-14
-3.88312e-15
-1.55436e-15
-1.77047e-16
5.33272e-18
1.37348e-17
6.3421e-18
2.17211e-18
6.37907e-19
1.67697e-19
3.97682e-20
6.14426e-21
-2.97649e-29
4.0071e-24
-2.15651e-21
-7.70619e-20
1.76069e-18
5.4746e-17
-7.28858e-16
1.55101e-15
5.36021e-15
-1.24418e-13
3.04973e-12
5.03482e-12
-1.54378e-10
1.97261e-09
-1.28015e-09
-3.11752e-08
9.55506e-08
4.27929e-07
1.80137e-07
-6.86897e-06
-7.21432e-06
-3.08264e-06
-8.48181e-07
1.168e-05
4.89138e-05
1.32893e-05
5.47905e-07
-1.25357e-07
-1.18017e-07
-1.87833e-08
1.34788e-08
8.79054e-09
1.57399e-09
-1.19878e-10
-8.25378e-11
-1.43478e-11
8.02268e-13
4.82782e-13
4.51443e-14
-7.52441e-15
-2.4978e-15
-1.64699e-16
3.1321e-17
2.39072e-17
9.46536e-18
3.01962e-18
8.49567e-19
2.17503e-19
5.10601e-20
8.15165e-21
-3.89555e-27
1.37554e-22
-2.41979e-20
-1.63594e-18
6.03184e-18
5.56499e-16
-1.28416e-14
1.55989e-13
-1.34637e-12
4.77172e-12
1.18887e-11
-3.36505e-10
-2.6197e-10
7.8151e-09
-8.29224e-08
-7.46789e-08
1.62616e-06
9.62778e-07
-1.84202e-05
-3.32776e-05
-1.4531e-05
-1.28762e-07
0.000484724
0.000698195
0.00030785
3.09184e-05
-7.49146e-07
-7.96918e-07
-3.83465e-07
-2.40285e-08
3.54398e-08
1.89052e-08
2.574e-09
-2.46624e-10
-1.44987e-10
-1.90547e-11
2.07574e-12
9.6783e-13
5.03127e-14
-1.59449e-14
-3.93426e-15
-7.6111e-17
7.53474e-17
3.80799e-17
1.34039e-17
4.02685e-18
1.09215e-18
2.73749e-19
6.39905e-20
1.05949e-20
-5.45856e-25
4.39502e-21
-1.14719e-19
-2.56704e-17
1.35991e-18
2.17009e-15
-4.77747e-14
7.49786e-13
-8.71518e-12
7.20918e-11
-9.94131e-11
-2.06229e-09
1.95619e-08
4.0432e-10
-3.99375e-07
1.63205e-06
6.47517e-06
-1.88178e-05
-0.000105307
-6.50784e-05
0.000283579
0.00324035
0.0048509
0.00328607
0.000980623
4.74503e-05
-3.4032e-06
-2.79177e-06
-1.01077e-06
-8.73411e-09
7.76368e-08
3.55474e-08
3.63903e-09
-4.55091e-10
-2.35401e-10
-2.02097e-11
5.04627e-12
1.75011e-12
1.15251e-14
-3.48347e-14
-5.67881e-15
1.42352e-16
1.40288e-16
5.5997e-17
1.79731e-17
5.13545e-18
1.35132e-18
3.33586e-19
7.8169e-20
1.34859e-20
-7.31637e-23
1.27841e-19
4.20572e-18
-5.06928e-16
8.69336e-15
-8.4507e-14
2.13959e-13
9.23469e-13
-1.70711e-11
2.02289e-10
-2.10709e-09
-4.30462e-09
1.07699e-07
-8.381e-07
-9.18285e-07
1.65795e-05
1.3468e-05
-0.000226682
-0.000290867
0.000565025
0.00928366
0.0175214
0.0167306
0.00914836
0.00232257
5.95367e-05
-1.06841e-05
-7.65967e-06
-2.26803e-06
5.02208e-08
1.52107e-07
5.97719e-08
4.24386e-09
-8.4908e-10
-3.56197e-10
-7.99968e-12
1.16415e-11
2.70248e-12
-1.02794e-13
-7.0047e-14
-6.88942e-15
4.75866e-16
2.24414e-16
7.62666e-17
2.27778e-17
6.24949e-18
1.60639e-18
3.93156e-19
9.30509e-20
1.68183e-20
-9.0472e-21
3.27777e-18
1.33969e-16
-7.02502e-15
1.39205e-13
-2.02831e-12
2.09682e-11
-1.72776e-10
8.8015e-10
-9.20116e-10
-8.82008e-09
1.21267e-07
2.16554e-07
-3.84345e-06
1.19887e-05
5.91599e-05
-0.000215371
-0.00079195
-0.000277608
0.0149367
0.0391669
0.0502551
0.0404569
0.019795
0.00455186
6.10097e-05
-2.78765e-05
-1.77135e-05
-4.38535e-06
2.00975e-07
2.71817e-07
8.96262e-08
3.23625e-09
-1.60735e-09
-4.87071e-10
2.63378e-11
2.45723e-11
3.32315e-12
-2.90525e-13
-1.20571e-13
-7.05033e-15
7.7581e-16
3.14657e-16
9.64016e-17
2.72624e-17
7.2509e-18
1.83396e-18
4.48275e-19
1.08025e-19
2.0568e-20
-1.01166e-18
9.31106e-17
-5.71056e-16
-1.93363e-14
3.79951e-13
-6.33284e-12
9.49876e-11
-9.44624e-10
7.34124e-09
-3.34e-08
-1.17347e-08
6.83875e-07
-3.34108e-06
-7.43211e-06
8.07258e-05
0.000108957
-0.00133346
-0.00149045
0.0132686
0.0585569
0.102093
0.109267
0.0789585
0.0358836
0.00763624
2.91469e-05
-6.34877e-05
-3.56536e-05
-7.27995e-06
5.12094e-07
4.48279e-07
1.18097e-07
-9.26043e-10
-3.07051e-09
-5.50013e-10
9.4207e-11
4.52694e-11
3.32077e-12
-5.38352e-13
-1.72808e-13
-4.43148e-15
1.1561e-15
4.04213e-16
1.13644e-16
3.0854e-17
8.02927e-18
2.01358e-18
4.95317e-19
1.22503e-19
2.46901e-20
-9.4588e-17
3.52326e-15
-6.14337e-14
7.22035e-13
-5.57979e-12
2.40603e-11
1.31642e-10
-1.68234e-09
1.62459e-08
-1.44853e-07
5.7847e-07
1.5004e-06
-1.84763e-05
2.5361e-05
0.00024754
-0.000606547
-0.00387982
0.00179048
0.0580614
0.146845
0.207207
0.197442
0.131358
0.0559992
0.0110183
-6.65321e-05
-0.000130037
-6.32154e-05
-1.00841e-05
1.02317e-06
6.75345e-07
1.31619e-07
-9.42486e-09
-5.5961e-09
-4.04084e-10
2.0909e-10
6.72043e-11
9.7951e-13
-1.01357e-12
-2.11251e-13
1.86031e-15
1.67835e-15
4.77926e-16
1.2537e-16
3.31356e-17
8.51585e-18
2.13312e-18
5.31867e-19
1.35948e-19
2.91033e-20
-7.63378e-16
1.54963e-14
-2.86261e-13
5.12462e-12
-8.69226e-11
9.10891e-10
-7.09079e-09
3.08244e-08
-4.78354e-08
-2.77194e-07
2.90097e-06
-6.246e-06
-4.36899e-05
0.00028138
0.00039104
-0.00393877
-0.00724052
0.032245
0.148778
0.289198
0.352612
0.307911
0.189964
0.0759183
0.0135468
-0.000248205
-0.000242133
-9.93366e-05
-1.08498e-05
1.69914e-06
9.1343e-07
1.034e-07
-2.34832e-08
-8.66834e-09
1.50596e-10
4.00245e-10
7.95308e-11
-2.99357e-12
-1.78209e-12
-1.90423e-13
6.24966e-15
2.30699e-15
5.19334e-16
1.30114e-16
3.40076e-17
8.70597e-18
2.19086e-18
5.56659e-19
1.47791e-19
3.36628e-20
2.50018e-14
-2.07141e-13
1.32309e-12
4.95777e-12
-2.43696e-10
3.37148e-09
-3.85921e-08
2.54969e-07
-1.25639e-06
2.49336e-06
6.70962e-06
-6.59524e-05
-2.76313e-05
0.000915686
-0.00110196
-0.0115896
-0.00598251
0.0965028
0.294563
0.47913
0.52188
0.418962
0.240408
0.0893815
0.0139072
-0.000508181
-0.000409755
-0.000135739
-7.05119e-06
2.89382e-06
1.09359e-06
2.46004e-09
-4.7068e-08
-1.00473e-08
1.19439e-09
6.8422e-10
7.26001e-11
-6.90104e-12
-2.58781e-12
-1.33338e-13
7.04918e-15
2.45037e-15
5.17677e-16
1.28932e-16
3.37693e-17
8.65425e-18
2.19168e-18
5.68591e-19
1.57247e-19
3.81322e-20
3.85448e-13
-2.54417e-12
2.25798e-11
-1.65957e-10
7.46152e-10
2.08396e-09
-7.2218e-08
6.411e-07
-4.80059e-06
1.79359e-05
-3.70349e-06
-0.000211996
0.000510494
0.0018071
-0.00636288
-0.0231999
0.0223027
0.205644
0.48674
0.687257
0.679112
0.503609
0.266866
0.0909699
0.0107064
-0.000904328
-0.00061714
-0.000153425
2.41852e-06
4.92023e-06
1.05903e-06
-1.52958e-07
-8.46995e-08
-6.53835e-09
2.68301e-09
9.3172e-10
3.08559e-11
-1.08947e-11
-2.93313e-12
-4.24621e-14
8.05427e-15
2.3105e-15
4.80946e-16
1.24637e-16
3.29648e-17
8.43079e-18
2.13759e-18
5.65224e-19
1.63184e-19
4.2184e-20
9.67191e-13
-5.84881e-12
5.73788e-11
-5.89467e-10
6.5031e-09
-6.51652e-08
2.43142e-07
4.88314e-07
-8.49839e-06
5.4125e-05
-0.000122152
-0.000337411
0.00183503
0.00200544
-0.01705
-0.0302278
0.0739346
0.353295
0.694881
0.861288
0.790053
0.537092
0.261764
0.0753975
0.00438467
-0.00152719
-0.000786769
-0.00011939
1.60027e-05
7.62153e-06
3.96648e-07
-3.50355e-07
-1.13161e-07
2.11954e-09
4.5206e-09
9.55981e-10
-2.00856e-11
-1.61602e-11
-2.52944e-12
2.11385e-14
7.06389e-15
1.60632e-15
4.35672e-16
1.21576e-16
3.2068e-17
8.05151e-18
2.0172e-18
5.41955e-19
1.64263e-19
4.54631e-20
-2.13811e-11
1.37235e-10
-9.85591e-10
3.7449e-09
8.90172e-09
-2.22005e-07
1.81967e-06
-6.18196e-06
6.35986e-07
9.22074e-05
-0.000423782
6.79491e-06
0.00395136
-0.00206021
-0.0326347
-0.0228992
0.154521
0.516363
0.87011
0.968568
0.813476
0.504299
0.210367
0.0444797
-0.00232089
-0.00237225
-0.000785903
-1.08951e-05
3.10435e-05
8.41167e-06
-7.40258e-07
-5.85296e-07
-9.39723e-08
1.367e-08
6.86461e-09
7.23137e-10
-4.27155e-11
-1.82081e-11
-1.6655e-12
-4.17576e-14
-1.46841e-15
1.12557e-15
4.35939e-16
1.22219e-16
3.09859e-17
7.41737e-18
1.80288e-18
4.93413e-19
1.59529e-19
4.7726e-20
-1.81179e-10
9.91956e-10
-6.68357e-09
3.39525e-08
-1.08037e-07
-9.67369e-08
3.65844e-06
-2.28086e-05
6.77527e-05
5.9944e-05
-0.000896452
0.00148241
0.00590182
-0.0109622
-0.0470065
0.0025848
0.252482
0.658657
0.965585
0.975485
0.741396
0.395343
0.13001
0.0107352
-0.00589438
-0.00301122
-0.000445745
0.000111464
5.23474e-05
4.4009e-06
-2.06135e-06
-8.24214e-07
-3.66934e-08
2.16765e-08
7.48553e-09
3.25685e-10
-3.58768e-11
-1.20859e-11
-8.93312e-13
-1.12584e-13
-7.853e-15
1.11921e-15
4.65357e-16
1.23733e-16
2.88344e-17
6.32674e-18
1.46454e-18
4.17835e-19
1.49405e-19
4.90119e-20
-2.65566e-10
1.87203e-09
-1.21469e-08
6.96604e-08
-3.66933e-07
1.83754e-06
-1.40859e-06
-3.36692e-05
0.00019049
-0.000305952
-0.00113385
0.00419382
0.00613413
-0.0254077
-0.0545498
0.041914
0.34441
0.74217
0.954468
0.876609
0.571341
0.246981
0.0486923
-0.0111854
-0.00724585
-0.00211678
0.000157227
0.000204674
5.53362e-05
-2.55546e-06
-3.02587e-06
-7.10523e-07
3.20463e-08
2.77714e-08
5.62467e-09
-2.11143e-11
-2.10598e-11
-4.04754e-12
-5.67495e-13
-2.46952e-13
-2.07945e-14
1.57157e-15
5.54302e-16
1.2233e-16
2.43092e-17
4.58911e-18
9.99884e-19
3.23033e-19
1.36543e-19
4.97302e-20
4.03638e-09
-1.42994e-08
8.40382e-08
-2.79487e-07
-4.03995e-08
5.06866e-06
-2.56687e-05
2.37207e-05
0.000261672
-0.000977666
-0.000237939
0.0074562
1.8809e-05
-0.0418793
-0.0544657
0.0878285
0.408879
0.748762
0.836973
0.660061
0.356521
0.105484
-0.00859638
-0.0156074
-0.00722789
-0.000365464
0.00071508
0.000295756
2.57229e-05
-8.73283e-06
-3.87013e-06
-3.6363e-07
6.26157e-08
2.85521e-08
3.07332e-09
6.99081e-11
3.2708e-11
3.84699e-12
-1.01568e-12
-4.12078e-13
-2.35057e-14
2.57473e-15
6.56352e-16
1.05976e-16
1.59106e-17
2.18626e-18
4.66758e-19
2.29957e-19
1.25698e-19
5.0517e-20
2.05764e-08
-9.09555e-08
5.35392e-07
-2.17846e-06
5.22046e-06
1.59694e-06
-6.06896e-05
0.000195722
4.22017e-05
-0.00172012
0.00217599
0.00926998
-0.00950502
-0.0551983
-0.0472168
0.122706
0.42591
0.654978
0.621429
0.411195
0.160859
0.0050281
-0.0288335
-0.0155192
-0.00175104
0.00184989
0.00103251
0.000230487
-9.43689e-06
-1.01829e-05
-2.76297e-06
-2.07203e-09
5.0448e-08
1.23277e-08
5.26551e-10
3.06691e-10
9.92704e-11
5.09682e-12
-1.29389e-12
-4.10865e-13
-3.258e-15
4.48802e-15
6.46788e-16
5.95324e-17
3.24587e-18
-5.2086e-19
-2.03417e-21
1.69085e-19
1.21886e-19
5.17911e-20
-4.3243e-08
-1.72935e-07
9.77423e-07
-4.72988e-06
1.65502e-05
-2.47647e-05
-6.83452e-05
0.00043514
-0.000635407
-0.00198544
0.00586197
0.00889532
-0.0213343
-0.0656638
-0.0377606
0.137239
0.380308
0.468017
0.381231
0.184837
0.0193241
-0.040883
-0.0253708
-0.00544253
0.0035229
0.00292798
0.00106648
8.36001e-05
-2.45701e-05
-1.0904e-05
-1.14111e-06
1.14719e-07
3.51014e-08
-1.85982e-09
3.06499e-10
5.4025e-10
1.41581e-10
6.04779e-14
-1.70668e-12
-1.87115e-13
3.63391e-14
7.32266e-15
2.19318e-16
-2.06265e-17
-1.10698e-17
-2.67868e-18
-2.2873e-19
1.66762e-19
1.2699e-19
5.3154e-20
-5.403e-07
2.54486e-07
-6.50983e-07
-3.53382e-06
2.69191e-05
-9.0122e-05
8.18953e-05
0.000549394
-0.0017943
-0.000705359
0.0097763
0.00678101
-0.0312112
-0.0701417
-0.0309966
0.124383
0.262715
0.266318
0.155633
0.0197894
-0.0518334
-0.0407695
-0.0124098
0.00579279
0.0067801
0.00321432
0.000601967
-3.91606e-05
-2.03219e-05
-3.93479e-06
4.47906e-08
-4.2106e-08
-4.39124e-08
-9.37643e-09
1.35007e-09
8.0234e-10
1.0753e-10
-7.87677e-12
-2.06612e-12
1.17062e-13
5.31821e-14
4.18528e-15
-3.72462e-16
-9.72949e-17
-2.02014e-17
-3.16709e-18
-8.49283e-20
2.24313e-19
1.36409e-19
5.30252e-20
-1.39334e-06
1.9806e-06
-7.46405e-06
1.42967e-05
9.95476e-06
-0.000172005
0.000460259
0.000117509
-0.00302012
0.00135444
0.0131713
0.00434347
-0.0356875
-0.0682668
-0.0267003
0.0706355
0.121835
0.0863784
0.00108951
-0.061792
-0.0589654
-0.0239026
0.00534303
0.0113512
0.00700079
0.00212483
0.000120493
-3.79343e-05
-1.21311e-05
4.71599e-07
4.17292e-08
-1.52583e-07
-6.77696e-08
-3.84012e-09
2.76476e-09
8.04989e-10
-2.48235e-12
-1.21623e-11
-1.01943e-12
2.8466e-13
5.85775e-14
-2.77202e-15
-7.81134e-16
-1.22326e-16
-1.73242e-17
-1.43781e-18
3.721e-19
3.01806e-19
1.38547e-19
4.90091e-20
6.49601e-07
4.37518e-06
-1.51138e-05
5.08931e-05
-7.77175e-05
-0.000148524
0.000921164
-0.000697064
-0.00393861
0.00354319
0.014975
0.00365457
-0.03353
-0.0537432
-0.0260309
0.0136399
0.0124349
-0.0264684
-0.0687848
-0.0721268
-0.0366935
0.000494302
0.0150255
0.0114343
0.0046147
0.000697446
-9.29124e-05
-1.59229e-05
9.65063e-06
2.99988e-06
-3.87887e-07
-3.26619e-07
-6.65979e-08
7.39849e-09
3.53922e-09
2.5011e-10
-6.93439e-11
-1.69938e-11
7.27071e-13
3.29218e-13
-6.06554e-15
-6.83977e-15
-8.84647e-16
-6.47672e-17
-2.00186e-18
1.63322e-18
8.32235e-19
3.25351e-19
1.19645e-19
3.92006e-20
1.31494e-05
1.83113e-06
-7.36241e-06
8.87631e-05
-0.00024036
7.01678e-05
0.00128332
-0.00168226
-0.00447368
0.00456833
0.0150202
0.005208
-0.0205024
-0.0317505
-0.0246545
-0.0232529
-0.0392005
-0.063314
-0.0692277
-0.041716
-0.00466761
0.0162914
0.0147832
0.00724686
0.00151238
-0.000148864
-1.01297e-05
2.55861e-05
1.15685e-05
7.98852e-07
-8.986e-07
-3.30852e-07
-5.61382e-09
9.66367e-09
2.26047e-09
-1.71616e-10
-7.15269e-11
-1.75651e-12
1.4475e-12
1.8945e-13
-4.97637e-14
-8.72618e-15
-1.49967e-17
5.69218e-17
1.61619e-17
3.73074e-18
8.58235e-19
2.28758e-19
7.32957e-20
2.39148e-20
2.67433e-05
-1.7713e-05
3.61712e-05
7.6226e-05
-0.000439259
0.000445532
0.00151869
-0.00254566
-0.00481439
0.00415028
0.0134888
0.00961564
-0.0023312
-0.00946439
-0.0152617
-0.0261189
-0.0404373
-0.0470376
-0.0322826
-0.00488683
0.014759
0.0161195
0.00845321
0.00179359
-0.000371053
-8.88758e-05
5.76696e-05
4.64505e-05
1.00952e-05
-1.96869e-06
-1.09934e-06
-1.32659e-07
3.23993e-08
1.01866e-08
-5.88257e-10
-3.38635e-10
-4.39189e-11
9.36876e-12
1.62955e-12
-2.43077e-13
-6.58988e-14
3.35237e-16
7.33146e-16
1.34435e-16
2.02531e-17
2.53052e-18
2.13432e-19
1.20246e-20
8.85994e-21
6.56299e-21
-1.72014e-05
-6.735e-05
0.000103264
-2.01832e-05
-0.000578537
0.000892125
0.00157576
-0.00314699
-0.00508519
0.00247346
0.0118031
0.0142432
0.0119569
0.00651907
-0.00192254
-0.0100524
-0.0154788
-0.0113161
0.00199026
0.0135572
0.0143446
0.00643765
0.00017659
-0.00132041
-0.00042193
0.000144095
0.000141201
4.16892e-05
-3.44444e-06
-2.73925e-06
-6.26582e-07
5.72207e-08
2.49264e-08
-5.021e-10
-1.48597e-09
-3.08769e-10
4.3376e-11
1.24825e-11
-6.22954e-13
-3.12815e-13
-1.74198e-14
7.77547e-15
1.14065e-15
8.31306e-17
3.04534e-18
-1.90373e-18
-8.37824e-19
-2.32826e-19
-4.98304e-20
-7.59904e-21
-0.000112583
-9.64778e-05
0.000184815
-0.000186653
-0.000582014
0.00126649
0.0012384
-0.00357828
-0.00509688
0.00143849
0.0106852
0.0162115
0.0161995
0.0117744
0.00762038
0.00537471
0.00628069
0.0101175
0.0131706
0.0103284
0.00188742
-0.00345234
-0.00351365
-0.00130896
0.000178304
0.000315007
0.000128541
6.80777e-06
-6.78993e-06
-2.4056e-06
8.14195e-08
9.03108e-08
1.17208e-08
-5.78741e-09
-1.51524e-09
1.40743e-10
5.51633e-11
1.79232e-12
-1.88898e-12
-3.243e-13
4.93766e-14
9.73333e-15
8.95758e-17
-6.83279e-17
-2.33917e-17
-6.4489e-18
-1.60886e-18
-3.71641e-19
-7.90277e-20
-1.47478e-20
-0.000102416
2.19169e-05
0.000297989
-0.000312518
-0.000421768
0.00131794
0.000283804
-0.0037639
-0.00345458
0.00266605
0.00984868
0.0129483
0.0109252
0.00777618
0.00736913
0.00918328
0.0111719
0.0106263
0.00555099
-0.00266599
-0.00731918
-0.00624707
-0.00255349
0.000121883
0.000584879
0.000284513
3.24033e-05
-1.67412e-05
-5.74577e-06
2.03901e-07
3.17644e-07
5.17671e-08
-1.97409e-08
-6.15222e-09
3.47592e-10
2.47285e-10
3.14843e-11
-1.0661e-11
-2.16332e-12
2.07301e-13
5.85219e-14
-3.54737e-16
-8.93273e-16
-1.80872e-16
-3.48632e-17
-7.1396e-18
-1.52474e-18
-3.36645e-19
-7.45428e-20
-1.56282e-20
0.000198547
0.000368903
0.00046242
-0.000339596
-0.000341463
0.000246729
-0.00103529
-0.00171745
0.00129478
0.00585637
0.00764837
0.00518497
0.00109787
-0.000451884
0.00138368
0.00429235
0.00518261
0.0020642
-0.0041866
-0.00847678
-0.0073418
-0.00312361
0.000167456
0.000900297
0.000453737
5.56496e-05
-3.61821e-05
-1.25079e-05
2.38497e-07
9.84917e-07
2.08777e-07
-3.86573e-08
-1.33482e-08
1.14659e-09
1.03056e-09
1.42887e-10
-4.84526e-11
-1.20175e-11
6.64814e-13
2.80992e-13
1.33781e-14
-8.74583e-15
-1.40982e-15
-1.29352e-16
-1.81687e-17
-3.16052e-18
-7.24293e-19
-2.04048e-19
-5.88228e-20
-1.55613e-20
0.000706021
0.000659907
0.000205291
-0.00115656
-0.00149377
-0.0012898
-0.000223628
0.00310367
0.00685091
0.00728897
0.00342725
-0.00180943
-0.00480486
-0.00483968
-0.00289134
-0.000291847
0.000302117
-0.00212636
-0.00509548
-0.00481192
-0.00203415
0.000565243
0.00113997
0.000514602
2.01436e-05
-8.4756e-05
-3.16026e-05
-7.68478e-07
3.02061e-06
8.47985e-07
-6.53096e-08
-3.75084e-08
-1.15182e-09
3.73907e-09
7.86879e-10
-1.41338e-10
-4.62137e-11
1.32043e-12
1.71173e-12
2.62572e-13
-5.19457e-14
-1.03768e-14
-1.20347e-16
4.63764e-17
1.16383e-17
1.67707e-18
-5.9001e-20
-1.46581e-19
-6.44899e-20
-2.03536e-20
-0.00211723
-0.00226839
-0.00266126
-0.00308819
-0.00230506
0.000317456
0.00438889
0.00850771
0.00855957
0.00449642
-0.000763495
-0.00360481
-0.00392887
-0.00371479
-0.00277744
-0.00086621
0.000434136
7.41421e-05
-5.45433e-05
0.000708305
0.00140439
0.00113073
0.000285695
-0.000186505
-0.000197849
-6.61633e-05
2.55717e-06
8.65002e-06
2.23858e-06
-2.94433e-07
-1.53002e-07
-1.30208e-08
1.09997e-08
2.72973e-09
-4.09837e-10
-1.44138e-10
5.50982e-12
9.7162e-12
1.72623e-12
-2.42257e-13
-5.33706e-14
2.66987e-15
9.25328e-16
1.60288e-16
2.36303e-17
2.16552e-18
-3.43522e-19
-2.78544e-19
-1.0486e-19
-3.10147e-20
-0.00374016
-0.00317359
-0.00219248
-4.9274e-05
0.00319606
0.00655012
0.00898029
0.00865327
0.00431637
-0.00028939
-0.00189658
-0.00078115
-0.000239726
-0.00151566
-0.00192002
-0.000226972
0.0019485
0.00291735
0.00286447
0.0020844
0.000887801
-0.000206378
-0.000543419
-0.000363037
-9.74406e-05
1.84115e-05
1.95398e-05
4.7344e-06
-8.41359e-07
-4.74038e-07
-6.57749e-08
2.22116e-08
5.12549e-09
-1.27245e-09
-4.29996e-10
2.41816e-11
4.02277e-11
7.81698e-12
-9.70937e-13
-2.40659e-13
1.62621e-14
8.13688e-15
1.15729e-15
9.90202e-17
4.2934e-18
-2.77401e-18
-1.4989e-18
-5.33116e-19
-1.58478e-19
-4.21433e-20
0.00598688
0.00655095
0.00748727
0.00853141
0.00902016
0.00838978
0.00585123
0.00178253
-0.0019448
-0.00241502
-3.00421e-06
0.00169671
0.000532393
-0.00250166
-0.00371165
-0.00185675
0.00105074
0.00244681
0.00193374
0.000534771
-0.000578727
-0.000821555
-0.00048208
-9.0188e-05
5.58912e-05
3.81236e-05
8.72927e-06
-1.95695e-06
-1.17543e-06
-2.17506e-07
5.13559e-08
1.18009e-08
-2.924e-09
-1.32391e-09
-5.63205e-11
9.73765e-11
1.97924e-11
-4.28542e-12
-1.05536e-12
3.06041e-14
4.38092e-14
7.89457e-15
-1.32832e-17
-7.37748e-17
-2.77423e-17
-8.70517e-18
-2.55234e-18
-7.08944e-19
-1.85475e-19
-4.60629e-20
0.00551124
0.0056997
0.00553912
0.00475782
0.00333528
0.00108161
-0.00128645
-0.00264068
-0.00230094
-0.000500903
0.00109769
0.000457091
-0.00361898
-0.00772168
-0.00809345
-0.00519878
-0.00134902
0.000430963
0.000211099
-0.000436559
-0.000626841
-0.000323467
8.36571e-06
0.000112638
5.96724e-05
8.78738e-06
-5.85079e-06
-2.70129e-06
-2.95216e-07
2.15129e-07
5.75526e-08
-6.97303e-09
-4.99333e-09
-8.29264e-10
1.49394e-10
1.87309e-11
-1.81538e-11
-4.86155e-12
-5.92764e-15
1.72168e-13
2.92576e-14
-4.49522e-15
-9.02013e-16
-1.67614e-16
-4.0012e-17
-1.00603e-17
-2.57051e-18
-6.54616e-19
-1.62453e-19
-3.92686e-20
0.00103602
0.000876307
0.000438766
-0.000287778
-0.000974381
-0.00184571
-0.00176952
-0.000587365
0.000852231
0.000663918
-0.00325015
-0.00864071
-0.0130103
-0.0145671
-0.0123475
-0.00742237
-0.00267098
-0.00026595
-1.67808e-05
-3.69718e-05
8.01824e-05
0.00018524
0.00015747
5.93008e-05
-3.70243e-06
-1.48219e-05
-5.56695e-06
-9.84092e-08
5.61367e-07
1.39274e-07
-1.69326e-08
-1.0526e-08
-1.28792e-09
6.57821e-10
6.72849e-11
-4.32212e-11
-1.42831e-11
2.77621e-13
6.05379e-13
7.85596e-14
-2.74306e-14
-6.23026e-15
-6.10035e-16
-1.08217e-16
-2.54975e-17
-6.24445e-18
-1.58115e-18
-4.05411e-19
-1.02075e-19
-2.51946e-20
-0.000670929
-0.000784676
-0.000964446
-0.000936248
-0.000907901
-0.000751265
0.000192744
0.00205088
0.00207407
-0.00613336
-0.018802
-0.0270888
-0.027819
-0.0231727
-0.0155803
-0.00798992
-0.00249516
3.90127e-05
0.000402189
0.000389332
0.000284676
0.000142281
1.65645e-05
-3.21707e-05
-2.42922e-05
-7.06668e-06
8.17948e-07
1.16259e-06
3.04998e-07
-2.03895e-08
-1.45652e-08
8.74704e-10
3.2644e-09
8.59379e-10
4.38088e-12
1.21619e-13
6.02338e-12
2.67671e-12
2.93567e-13
-6.46686e-14
-1.37874e-14
-6.85866e-16
-5.07751e-17
-1.14302e-17
-3.04089e-18
-1.03023e-18
-3.75187e-19
-1.27407e-19
-3.88381e-20
-1.09575e-20
-0.000148115
-0.000132958
-0.000125846
0.000167747
0.000227511
0.000299558
0.000845415
0.00360801
-0.00589917
-0.0285768
-0.0510268
-0.0575108
-0.0488096
-0.0328165
-0.0178574
-0.00759867
-0.00190326
0.000201396
0.000361574
0.00022514
5.26824e-05
-4.55218e-05
-5.93881e-05
-3.02223e-05
-3.85066e-06
3.79074e-06
2.0495e-06
3.38326e-07
-1.29244e-07
-4.98027e-08
-3.55343e-10
6.97452e-09
2.42395e-09
1.55042e-10
-2.18952e-11
6.60908e-12
6.20021e-12
1.03543e-12
-1.60656e-13
-1.87783e-14
3.80256e-15
1.00693e-15
2.13087e-16
4.78295e-17
1.03252e-17
2.02624e-18
3.39469e-19
4.14229e-20
6.23781e-22
-1.7878e-21
0.000107327
0.000128644
9.69374e-05
0.000601228
0.000114222
0.000226681
-0.000671803
-0.0107141
-0.0369891
-0.0761972
-0.101125
-0.0969862
-0.0702869
-0.0397589
-0.0182512
-0.0063998
-0.00126431
8.38284e-05
7.55817e-05
-1.01232e-05
-6.25322e-05
-5.05737e-05
-1.74251e-05
3.82473e-06
7.06444e-06
2.93395e-06
1.26382e-07
-3.75368e-07
-1.29119e-07
-1.69671e-09
8.86875e-09
1.41955e-09
-9.95856e-10
-3.84924e-10
-3.47008e-11
6.04068e-12
8.85818e-13
-7.37332e-13
-1.6853e-13
-8.42858e-16
1.6015e-15
6.58847e-16
1.71919e-16
4.21701e-17
9.9313e-18
2.19436e-18
4.45925e-19
8.15002e-20
1.29195e-20
1.64212e-21
-3.19021e-05
-0.000192574
-0.000411653
0.00195113
-0.012545
-0.0428213
-0.0629233
-0.0774441
-0.109925
-0.150932
-0.160407
-0.131913
-0.0825199
-0.0406558
-0.0155018
-0.00442689
-0.000574032
8.26033e-06
-1.04648e-06
-1.84455e-05
-1.00389e-05
6.11367e-06
1.26057e-05
7.65602e-06
1.65214e-06
-6.71332e-07
-5.51043e-07
-1.38112e-07
2.08079e-08
1.43758e-08
1.0969e-09
-2.06168e-09
-9.04731e-10
-1.40937e-10
1.24126e-11
2.53267e-13
-1.53714e-12
-4.05396e-13
-2.25654e-14
-1.05477e-16
5.39134e-18
5.97512e-17
3.79632e-17
1.46809e-17
4.51276e-18
1.18615e-18
2.73981e-19
5.62692e-20
1.02939e-20
1.69874e-21
-0.00527425
-0.0191516
-0.043012
-0.100279
-0.193987
-0.26276
-0.255588
-0.223661
-0.222838
-0.231466
-0.208446
-0.147772
-0.0819244
-0.0345491
-0.011112
-0.00258718
-0.000168401
3.02817e-05
2.57348e-05
1.96292e-05
1.66797e-05
1.16412e-05
4.44887e-06
-3.08294e-07
-1.3645e-06
-6.47977e-07
-6.39531e-08
6.52629e-08
2.66586e-08
2.79352e-09
-1.66682e-09
-4.10527e-10
1.05033e-10
5.44882e-11
1.03467e-11
2.42323e-12
7.27128e-13
1.50946e-13
-1.38656e-15
-2.63889e-15
-5.2724e-16
-6.12616e-17
5.26919e-19
3.80665e-18
1.62285e-18
4.84772e-19
1.19639e-19
2.57071e-20
4.91295e-21
8.64084e-22
-0.326545
-0.394657
-0.452848
-0.563811
-0.70371
-0.707235
-0.565553
-0.406136
-0.327057
-0.286915
-0.224982
-0.141573
-0.0689704
-0.0258847
-0.00742908
-0.00153018
-5.54141e-05
2.25003e-05
1.89258e-05
1.09559e-05
4.57325e-06
4.16327e-07
-1.361e-06
-1.05638e-06
-3.29405e-07
3.44035e-08
7.06143e-08
2.34601e-08
1.3221e-09
-2.40301e-09
-8.08819e-10
-1.25943e-10
3.49111e-11
2.6533e-11
9.80521e-12
1.58969e-12
-1.45679e-13
-4.87155e-14
-6.12879e-15
-4.58107e-16
-5.39494e-17
1.8688e-18
4.84023e-18
2.11067e-18
6.63202e-19
1.74767e-19
4.04932e-20
8.41394e-21
1.58222e-21
2.78304e-22
)
;

boundaryField
{
    movingWall
    {
        type            zeroGradient;
    }
    fixedWalls
    {
        type            zeroGradient;
    }
    frontAndBack
    {
        type            empty;
    }
}

