/*--------------------------------*- C++ -*----------------------------------*\
| =========                 |                                                 |
| \\      /  F ield         | OpenFOAM: The Open Source CFD Toolbox           |
|  \\    /   O peration     | Version:  v2006                                 |
|   \\  /    A nd           | Website:  www.openfoam.com                      |
|    \\/     M anipulation  |                                                 |
\*---------------------------------------------------------------------------*/
FoamFile
{
    version     2.0;
    format      ascii;
    class       volScalarField;
    location    "0";
    object      f;
}
// * * * * * * * * * * * * * * * * * * * * * * * * * * * * * * * * * * * * * //

dimensions      [0 0 0 0 0 0 0];


internalField   nonuniform List<scalar> 
2500
(
-4.88225e-22
-4.88052e-22
-4.86764e-22
-4.80942e-22
-4.63584e-22
-4.27119e-22
-3.704e-22
-3.01392e-22
-2.29109e-22
-1.55658e-22
-8.06086e-23
-1.12067e-23
3.70338e-23
5.20727e-23
3.73087e-23
1.08057e-23
-7.99478e-24
-1.12918e-23
-4.44231e-24
2.73016e-24
4.65272e-24
1.87522e-24
-2.25082e-24
-5.07982e-24
-5.85609e-24
-5.12556e-24
-3.77112e-24
-2.44082e-24
-1.42559e-24
-7.63564e-25
-3.79159e-25
-1.75892e-25
-7.66408e-26
-3.14802e-26
-1.22148e-26
-4.47946e-27
-1.55043e-27
-5.04389e-28
-1.52879e-28
-4.23958e-29
-1.03229e-29
-1.95462e-30
-1.23675e-31
1.32121e-31
9.69745e-32
4.73247e-32
1.96723e-32
7.45709e-33
2.65408e-33
9.00762e-34
-1.68994e-21
-1.68939e-21
-1.68572e-21
-1.66837e-21
-1.61228e-21
-1.48679e-21
-1.28613e-21
-1.04517e-21
-8.03792e-22
-5.67166e-22
-3.21008e-22
-7.94321e-23
1.03008e-22
1.73085e-22
1.30678e-22
3.58891e-23
-3.69559e-23
-5.25143e-23
-2.68919e-23
2.73387e-24
1.33334e-23
5.60948e-24
-8.13102e-24
-1.7803e-23
-2.03765e-23
-1.77122e-23
-1.29307e-23
-8.29883e-24
-4.80455e-24
-2.55047e-24
-1.25522e-24
-5.77172e-25
-2.49305e-25
-1.01525e-25
-3.90594e-26
-1.42036e-26
-4.87477e-27
-1.57238e-27
-4.72406e-28
-1.29778e-28
-3.12523e-29
-5.81752e-30
-3.30347e-31
4.1099e-31
2.94085e-31
1.41989e-31
5.86094e-32
2.21044e-32
7.83936e-33
2.65481e-33
-5.62004e-21
-5.61834e-21
-5.60897e-21
-5.56335e-21
-5.39627e-21
-4.98438e-21
-4.29684e-21
-3.48131e-21
-2.71042e-21
-1.99488e-21
-1.23232e-21
-4.21657e-22
2.53325e-22
5.6648e-22
4.64499e-22
1.352e-22
-1.43958e-22
-2.17667e-22
-1.27282e-22
-1.03067e-23
3.95558e-23
1.93406e-23
-2.63792e-23
-5.9618e-23
-6.85053e-23
-5.93371e-23
-4.30208e-23
-2.73751e-23
-1.57006e-23
-8.25362e-24
-4.02199e-24
-1.83109e-24
-7.83101e-25
-3.1574e-25
-1.20259e-25
-4.3286e-26
-1.47e-26
-4.68911e-27
-1.39182e-27
-3.77016e-28
-8.91076e-29
-1.60108e-29
-6.41584e-31
1.27943e-30
8.68704e-31
4.11134e-31
1.67656e-31
6.27033e-32
2.21101e-32
7.46123e-33
-1.79193e-20
-1.7914e-20
-1.78933e-20
-1.77977e-20
-1.7355e-20
-1.60715e-20
-1.37825e-20
-1.1098e-20
-8.75186e-21
-6.76447e-21
-4.57486e-21
-1.96707e-21
4.73106e-22
1.82152e-21
1.67281e-21
5.6411e-22
-4.93665e-22
-8.37501e-22
-5.38127e-22
-9.22265e-23
1.23701e-22
7.58625e-23
-7.62547e-23
-1.90974e-22
-2.22738e-22
-1.92794e-22
-1.38879e-22
-8.75746e-23
-4.97129e-23
-2.58509e-23
-1.24576e-23
-5.60786e-24
-2.37105e-24
-9.44947e-25
-3.55645e-25
-1.26432e-25
-4.23767e-26
-1.33262e-26
-3.89228e-27
-1.03389e-27
-2.37675e-28
-4.0301e-29
-4.25092e-31
3.89326e-30
2.46279e-30
1.13281e-30
4.53887e-31
1.67694e-31
5.86394e-32
1.9689e-32
-5.46551e-20
-5.46385e-20
-5.46002e-20
-5.45042e-20
-5.35549e-20
-4.97827e-20
-4.23349e-20
-3.36881e-20
-2.69069e-20
-2.2068e-20
-1.64625e-20
-8.48857e-21
1.22567e-22
5.74092e-21
6.08311e-21
2.47432e-21
-1.48842e-21
-3.0531e-21
-2.13402e-21
-4.80796e-22
4.09072e-22
3.18194e-22
-1.8811e-22
-5.85037e-22
-7.00937e-22
-6.07764e-22
-4.34948e-22
-2.71538e-22
-1.52365e-22
-7.82593e-23
-3.72366e-23
-1.65461e-23
-6.90357e-24
-2.7139e-24
-1.00691e-24
-3.52569e-25
-1.16245e-25
-3.58928e-26
-1.0263e-26
-2.65455e-27
-5.86796e-28
-9.10369e-29
3.38439e-30
1.12159e-29
6.53958e-30
2.89787e-30
1.13297e-30
4.11303e-31
1.42099e-31
4.73816e-32
-1.59066e-19
-1.59013e-19
-1.58944e-19
-1.59399e-19
-1.58361e-19
-1.48016e-19
-1.24119e-19
-9.66055e-20
-7.80314e-20
-6.90378e-20
-5.75213e-20
-3.46552e-20
-5.01267e-21
1.77341e-20
2.22852e-20
1.09474e-20
-3.7394e-21
-1.06663e-20
-8.13523e-21
-2.13966e-21
1.41427e-21
1.35095e-21
-3.36756e-22
-1.71121e-21
-2.1365e-21
-1.85952e-21
-1.32119e-21
-8.1537e-22
-4.51438e-22
-2.28593e-22
-1.07178e-22
-4.69093e-23
-1.92681e-23
-7.45149e-24
-2.71688e-24
-9.33489e-25
-3.01395e-25
-9.08641e-26
-2.52548e-26
-6.2998e-27
-1.31876e-27
-1.78989e-28
2.00519e-29
2.91384e-29
1.5522e-29
6.53916e-30
2.46316e-30
8.69183e-31
2.94411e-31
9.7146e-32
-4.40497e-19
-4.40326e-19
-4.40074e-19
-4.43936e-19
-4.48254e-19
-4.22291e-19
-3.45768e-19
-2.58237e-19
-2.09936e-19
-2.06079e-19
-1.95438e-19
-1.35373e-19
-3.58465e-20
5.40158e-20
8.22771e-20
4.78514e-20
-6.07771e-21
-3.59187e-20
-3.02327e-20
-8.87948e-21
5.02854e-21
5.64609e-21
-4.69345e-24
-4.76352e-21
-6.31374e-21
-5.52428e-21
-3.89096e-21
-2.36848e-21
-1.29077e-21
-6.42761e-22
-2.9619e-22
-1.27332e-22
-5.13279e-23
-1.94557e-23
-6.94055e-24
-2.32747e-24
-7.30975e-25
-2.13364e-25
-5.70252e-26
-1.35249e-26
-2.626e-27
-2.94356e-28
6.35764e-29
6.13709e-29
2.91182e-29
1.12082e-29
3.89236e-30
1.28026e-30
4.11787e-31
1.32581e-31
-1.15703e-18
-1.1565e-18
-1.15472e-18
-1.17352e-18
-1.21375e-18
-1.15671e-18
-9.09141e-19
-6.27431e-19
-5.06721e-19
-5.82556e-19
-6.46798e-19
-5.09109e-19
-1.83e-19
1.64619e-19
3.06752e-19
2.04923e-19
8.39937e-21
-1.16783e-19
-1.10422e-19
-3.55701e-20
1.81551e-20
2.30263e-20
3.91929e-21
-1.25576e-20
-1.81197e-20
-1.59457e-20
-1.11041e-20
-6.64543e-21
-3.55322e-21
-1.73432e-21
-7.82782e-22
-3.29288e-22
-1.29695e-22
-4.79296e-23
-1.66184e-23
-5.39336e-24
-1.62971e-24
-4.54023e-25
-1.1453e-25
-2.5229e-26
-4.4361e-27
-4.24202e-28
8.84862e-29
6.32724e-29
1.98932e-29
3.33016e-30
-4.37536e-31
-6.42106e-31
-3.28901e-31
-1.22589e-31
-2.87202e-18
-2.87059e-18
-2.85883e-18
-2.93166e-18
-3.14274e-18
-3.04776e-18
-2.23203e-18
-1.30955e-18
-1.00908e-18
-1.54109e-18
-2.08989e-18
-1.8503e-18
-8.06629e-19
5.11066e-19
1.15455e-18
8.55586e-19
1.44538e-19
-3.66234e-19
-3.98291e-19
-1.39886e-19
6.60963e-20
9.16772e-20
2.59316e-20
-3.11643e-20
-5.06616e-20
-4.47695e-20
-3.06867e-20
-1.79729e-20
-9.38668e-21
-4.47109e-21
-1.96733e-21
-8.05476e-22
-3.07959e-22
-1.10034e-22
-3.66733e-23
-1.13466e-23
-3.23057e-24
-8.34204e-25
-1.90797e-25
-3.72823e-26
-6.05077e-27
-1.02546e-27
-4.27671e-28
-2.96391e-28
-1.79821e-28
-9.13114e-29
-4.03733e-29
-1.60234e-29
-5.81669e-30
-1.95249e-30
-6.70803e-18
-6.7052e-18
-6.64025e-18
-6.8772e-18
-7.77483e-18
-7.75651e-18
-5.02068e-18
-1.96351e-18
-1.16025e-18
-3.73098e-18
-6.6126e-18
-6.51546e-18
-3.25193e-18
1.61537e-18
4.35602e-18
3.45913e-18
9.10737e-19
-1.10691e-18
-1.42367e-18
-5.45807e-19
2.41736e-19
3.5781e-19
1.25557e-19
-7.26227e-20
-1.38842e-19
-1.22488e-19
-8.2045e-20
-4.67183e-20
-2.36879e-20
-1.09439e-20
-4.66301e-21
-1.84302e-21
-6.76737e-22
-2.30352e-22
-7.22341e-23
-2.06252e-23
-5.25519e-24
-1.15474e-24
-2.07862e-25
-3.11718e-26
-8.19212e-27
-6.08464e-27
-4.45743e-27
-2.63554e-27
-1.32232e-27
-5.8795e-28
-2.37996e-28
-8.91784e-29
-3.12606e-29
-1.032e-29
-1.4664e-17
-1.4664e-17
-1.43567e-17
-1.49776e-17
-1.82996e-17
-1.92186e-17
-9.9631e-18
1.32272e-19
2.67152e-18
-7.8234e-18
-2.0561e-17
-2.22705e-17
-1.23085e-17
4.94443e-18
1.62433e-17
1.34156e-17
4.40793e-18
-3.23504e-18
-5.06043e-18
-2.12967e-18
8.84365e-19
1.37707e-18
5.27397e-19
-1.61866e-19
-3.77051e-19
-3.27473e-19
-2.11902e-19
-1.16205e-19
-5.67147e-20
-2.51918e-20
-1.02862e-20
-3.87085e-21
-1.33797e-21
-4.20471e-22
-1.17625e-22
-2.80265e-23
-5.08964e-24
-4.28806e-25
1.0988e-25
2.87304e-26
-3.14669e-26
-3.74784e-26
-2.53222e-26
-1.35624e-26
-6.31316e-27
-2.65882e-27
-1.03511e-27
-3.77312e-28
-1.29831e-28
-4.23971e-29
-2.97924e-17
-2.9832e-17
-2.85633e-17
-2.95059e-17
-4.03225e-17
-4.71489e-17
-1.58981e-17
1.70391e-17
2.66947e-17
-1.16367e-17
-6.31934e-17
-7.40005e-17
-4.43846e-17
1.29292e-17
5.90721e-17
4.9539e-17
1.81077e-17
-9.20941e-18
-1.79638e-17
-8.34803e-18
3.20395e-18
5.26749e-18
2.02248e-18
-3.78476e-19
-1.03189e-18
-8.58353e-19
-5.27145e-19
-2.74642e-19
-1.27436e-19
-5.36829e-20
-2.06302e-20
-7.19196e-21
-2.23289e-21
-5.90802e-22
-1.17442e-22
-7.6805e-24
7.18944e-24
4.41172e-24
1.39914e-24
1.0754e-25
-2.09488e-25
-1.91608e-25
-1.14874e-25
-5.71559e-26
-2.53e-26
-1.02774e-26
-3.8964e-27
-1.39287e-27
-4.72626e-28
-1.52906e-28
-5.56861e-17
-5.59594e-17
-5.14163e-17
-4.84605e-17
-7.9123e-17
-1.19655e-16
-1.44625e-17
9.83495e-17
1.37202e-16
3.93573e-18
-1.94357e-16
-2.39338e-16
-1.54829e-16
2.19768e-17
2.13857e-16
1.75859e-16
6.42331e-17
-2.51576e-17
-6.41801e-17
-3.28944e-17
1.11511e-17
2.02601e-17
7.21225e-18
-1.1515e-18
-2.90474e-18
-2.21025e-18
-1.25505e-18
-6.09171e-19
-2.63695e-19
-1.02866e-19
-3.58326e-20
-1.07736e-20
-2.53113e-21
-2.77465e-22
1.42301e-22
1.2497e-22
5.97683e-23
2.05564e-23
4.39468e-24
-4.41138e-25
-1.16116e-24
-8.37054e-25
-4.55158e-25
-2.1378e-25
-9.10049e-26
-3.5937e-26
-1.3339e-26
-4.69245e-27
-1.57313e-27
-5.04514e-28
-9.42108e-17
-9.55118e-17
-8.2057e-17
-4.25882e-17
-1.22067e-16
-3.61472e-16
1.14397e-17
6.09633e-16
7.30382e-16
1.31255e-16
-6.75887e-16
-7.40595e-16
-5.50456e-16
9.40852e-18
1.15324e-15
6.31674e-16
1.90497e-16
-5.93758e-17
-2.41946e-16
-1.3136e-16
3.40046e-17
8.03006e-17
2.39402e-17
-5.12362e-18
-8.53621e-18
-5.56755e-18
-2.81784e-18
-1.23807e-18
-4.84056e-19
-1.66045e-19
-4.69144e-20
-8.50805e-21
1.06685e-21
2.05613e-21
1.29011e-21
5.9284e-22
2.17119e-22
5.96538e-23
7.10332e-24
-5.13625e-24
-5.27672e-24
-3.23952e-24
-1.63314e-24
-7.32195e-25
-3.01801e-25
-1.16372e-25
-4.24133e-26
-1.47098e-26
-4.87705e-27
-1.55086e-27
-1.40183e-16
-1.44859e-16
-1.16442e-16
1.30356e-16
-6.97089e-16
-1.823e-15
6.86472e-16
5.21807e-15
5.34322e-15
6.88676e-16
-5.63866e-15
-1.79216e-15
-1.88933e-15
1.74291e-14
1.0423e-14
1.83387e-15
3.89957e-16
-1.33918e-15
-1.42533e-15
-5.51479e-16
8.83583e-17
3.69999e-16
7.2643e-17
-2.80134e-17
-2.60335e-17
-1.34238e-17
-5.75863e-18
-2.18671e-18
-7.18779e-19
-1.81456e-19
-1.52908e-20
2.01505e-20
1.82916e-20
1.05368e-20
4.87276e-21
1.88609e-21
5.92129e-22
1.24414e-22
-7.99248e-24
-2.8176e-23
-2.06897e-23
-1.13723e-23
-5.40291e-24
-2.33081e-24
-9.34585e-25
-3.52908e-25
-1.2653e-25
-4.33122e-26
-1.42098e-26
-4.48072e-27
-1.74212e-16
-1.85084e-16
-1.57127e-16
2.7194e-16
-2.70549e-14
-6.97401e-15
2.32495e-14
1.62863e-14
1.98142e-14
-1.5332e-13
-3.53441e-14
2.09331e-13
3.05793e-13
2.02825e-13
3.70632e-14
-6.67609e-14
-6.52478e-14
-2.90295e-14
-1.01345e-14
-1.80006e-15
5.61284e-15
2.5121e-15
1.67871e-16
-1.65361e-16
-7.86501e-17
-2.88871e-17
-9.74563e-18
-2.88223e-18
-5.82218e-19
6.97094e-20
1.72726e-19
1.29775e-19
7.31282e-20
3.46368e-20
1.41273e-20
4.86868e-21
1.2868e-21
1.40373e-22
-1.184e-22
-1.18054e-22
-7.24112e-23
-3.67417e-23
-1.66432e-23
-6.94906e-24
-2.71964e-24
-1.00776e-24
-3.55889e-25
-1.20325e-25
-3.90752e-26
-1.22181e-26
1.41197e-13
9.81996e-14
1.31453e-14
-4.45566e-14
-1.31642e-13
4.02715e-13
1.22237e-13
-5.17561e-13
-1.58908e-12
-1.3614e-12
7.92794e-13
2.63369e-12
2.15433e-12
6.38248e-13
-1.89874e-12
-1.34101e-12
-4.21278e-13
-1.24777e-13
-2.84717e-14
1.1031e-13
5.94586e-14
8.81191e-15
-3.20764e-15
-1.06156e-15
-1.92247e-16
-4.28261e-17
-9.36992e-18
-8.38846e-19
1.09145e-18
1.15076e-18
7.86357e-19
4.4261e-19
2.16495e-19
9.30304e-20
3.46152e-20
1.05186e-20
2.04512e-21
-2.83132e-22
-5.93428e-22
-4.21593e-22
-2.30801e-22
-1.10203e-22
-4.79898e-23
-1.94761e-23
-7.45802e-24
-2.71588e-24
-9.45514e-25
-3.15892e-25
-1.01561e-25
-3.1488e-26
2.44868e-12
2.17883e-12
1.28026e-12
-1.13108e-13
-9.93914e-14
2.07028e-12
-4.59523e-13
-8.36586e-12
-9.9356e-12
-3.44519e-12
7.09774e-12
6.22511e-12
5.13276e-12
-2.02419e-11
-1.51204e-11
-4.2196e-12
-7.19995e-13
-1.84804e-13
1.76762e-12
9.5685e-13
1.7119e-13
-8.50161e-14
-3.29033e-14
-3.08404e-15
1.25784e-17
2.13122e-17
1.42184e-17
9.91536e-18
6.73331e-18
4.18709e-18
2.35416e-18
1.19336e-18
5.41577e-19
2.1639e-19
7.30361e-20
1.82338e-20
1.03598e-21
-2.54594e-21
-2.23944e-21
-1.34068e-21
-6.77792e-22
-3.08348e-22
-1.29832e-22
-5.13735e-23
-1.92826e-23
-6.90792e-24
-2.37229e-24
-7.83427e-25
-2.49384e-25
-7.66575e-26
8.81452e-12
7.93431e-12
8.60626e-12
7.97564e-13
1.5523e-11
2.14753e-12
-1.32749e-11
-1.99321e-11
-2.69284e-11
1.71696e-10
5.64383e-11
-7.04353e-11
-1.99486e-10
-1.64706e-10
-3.85999e-11
1.18506e-11
4.3085e-11
3.43694e-11
1.32385e-11
2.38043e-12
-1.74157e-12
-7.21686e-13
-7.94801e-14
4.96906e-15
1.34913e-15
2.48075e-16
7.50417e-17
3.48502e-17
1.94712e-17
1.09042e-17
5.7445e-18
2.77059e-18
1.19289e-18
4.42182e-19
1.29496e-19
1.99961e-20
-8.5848e-21
-1.08087e-20
-7.20698e-21
-3.8769e-21
-1.84532e-21
-8.06313e-22
-3.29577e-22
-1.27427e-22
-4.69391e-23
-1.6555e-23
-5.61036e-24
-1.83175e-24
-5.77329e-25
-1.75925e-25
1.73653e-11
1.81552e-11
2.14294e-11
5.14462e-11
8.08599e-11
-9.66098e-11
-5.25581e-11
3.4868e-10
1.43619e-09
1.6817e-09
2.58545e-10
-2.41071e-09
-1.82628e-09
-4.6804e-10
5.93988e-10
1.05521e-09
5.78112e-10
1.91355e-10
2.89512e-11
-3.04848e-11
-1.31943e-11
-1.59275e-12
1.03289e-13
3.24886e-14
2.85176e-15
1.67829e-16
9.54358e-17
6.63583e-17
4.17163e-17
2.35501e-17
1.2215e-17
5.74261e-18
2.35235e-18
7.85128e-19
1.7202e-19
-1.56544e-20
-4.70867e-20
-3.59088e-20
-2.06619e-20
-1.02987e-20
-4.66769e-21
-1.96901e-21
-7.83353e-22
-2.96376e-22
-1.07235e-22
-3.72535e-23
-1.24622e-23
-4.0232e-24
-1.2555e-24
-3.79215e-25
2.03522e-11
4.96834e-11
4.48008e-11
2.3438e-10
1.88099e-10
-3.38428e-10
1.7763e-09
8.93893e-09
1.27561e-08
4.93215e-09
-8.40902e-09
-1.04906e-08
-5.84747e-09
1.24356e-09
7.44146e-09
4.94198e-09
1.78119e-09
3.77157e-10
-4.22874e-10
-1.9499e-10
-2.67632e-11
1.60565e-12
5.5876e-13
5.47365e-14
-1.28532e-15
-3.59172e-16
4.72725e-17
1.17577e-16
8.24614e-17
4.58755e-17
2.35431e-17
1.08973e-17
4.18217e-18
1.14783e-18
6.81423e-20
-1.82224e-19
-1.66396e-19
-1.03017e-19
-5.37445e-20
-2.52157e-20
-1.09527e-20
-4.47419e-21
-1.73537e-21
-6.43096e-22
-2.28696e-22
-7.8289e-23
-2.5859e-23
-8.25566e-24
-2.55094e-24
-7.63649e-25
7.41886e-12
1.1868e-10
1.9843e-10
4.40437e-10
1.79828e-10
1.00203e-11
1.41758e-08
3.33911e-08
2.77073e-08
-1.52468e-09
-5.45585e-08
-2.04786e-08
-6.81488e-09
4.75823e-08
2.94081e-08
8.81122e-09
1.70626e-09
-6.21531e-09
-2.59449e-09
-3.6566e-10
2.02098e-11
7.63195e-12
8.69134e-13
-2.04647e-14
-6.83394e-15
-1.02426e-15
1.89237e-16
3.31492e-16
1.73102e-16
8.24386e-17
4.16925e-17
1.94535e-17
6.72227e-18
1.08535e-18
-5.85311e-19
-7.20241e-19
-4.84706e-19
-2.63968e-19
-1.27545e-19
-5.67566e-20
-2.37032e-20
-9.39199e-21
-3.55498e-21
-1.29133e-21
-4.51607e-22
-1.52413e-22
-4.97256e-23
-1.57037e-23
-4.80521e-24
-1.4257e-24
-3.50034e-10
1.37572e-10
-1.44976e-09
-5.61228e-08
-3.45285e-08
1.03155e-09
2.87341e-08
5.54503e-08
-1.40522e-07
-4.24615e-07
-1.69946e-07
4.34023e-07
9.16823e-07
3.33032e-07
4.88561e-08
-2.23788e-07
-1.68895e-07
-4.90633e-08
-4.63437e-09
2.01288e-10
8.4364e-11
1.20764e-11
-1.86103e-13
-7.42069e-14
-1.17819e-14
3.14211e-15
4.03779e-15
1.37368e-15
3.31429e-16
1.17505e-16
6.6302e-17
3.4813e-17
9.89398e-18
-8.49995e-19
-2.88765e-18
-2.1892e-18
-1.23915e-18
-6.09621e-19
-2.7482e-19
-1.16272e-19
-4.67425e-20
-1.79813e-20
-6.64816e-21
-2.36933e-21
-8.15622e-22
-2.71608e-22
-8.75926e-23
-2.73792e-23
-8.29958e-24
-2.44089e-24
-8.23946e-07
-7.79251e-07
-8.75558e-07
-1.1125e-06
-9.29303e-07
-1.30799e-07
-2.1484e-07
-1.93679e-06
-4.03838e-06
-2.68178e-06
1.89417e-06
6.06831e-06
5.05102e-06
8.05885e-07
-3.56988e-06
-2.58439e-06
-9.01061e-07
-1.17587e-07
1.14467e-09
5.7507e-10
1.39053e-10
4.33864e-12
-2.03101e-13
-9.58735e-14
2.27994e-14
7.55552e-14
3.12152e-14
4.03783e-15
1.8907e-16
4.71172e-17
9.53297e-17
7.49746e-17
1.41822e-17
-9.38771e-18
-9.75398e-18
-5.76238e-18
-2.81945e-18
-1.25571e-18
-5.27405e-19
-2.11999e-19
-8.20798e-20
-3.06986e-20
-1.1108e-20
-3.89215e-21
-1.32154e-21
-4.35039e-22
-1.38901e-22
-4.30251e-23
-1.29312e-23
-3.77101e-24
-4.69802e-06
-4.75065e-06
-4.57836e-06
-4.09733e-06
-3.66132e-06
-3.11812e-06
-7.66097e-06
-1.68065e-05
-1.63595e-05
-6.1278e-06
1.47151e-05
2.39324e-05
1.13548e-05
-2.36275e-05
-1.9853e-05
-8.08976e-06
-1.8734e-06
-8.89368e-08
9.71235e-10
6.10029e-10
1.55065e-10
4.66465e-12
-1.54677e-13
2.59932e-13
8.33657e-13
3.69777e-13
7.55575e-14
3.14227e-15
-1.02473e-15
-3.59484e-16
1.67663e-16
2.47963e-16
2.12582e-17
-4.285e-17
-2.88979e-17
-1.34286e-17
-5.56963e-18
-2.2111e-18
-8.58691e-19
-3.276e-19
-1.22533e-19
-4.47847e-20
-1.59505e-20
-5.52573e-21
-1.85992e-21
-6.07862e-22
-1.92814e-22
-5.93395e-23
-1.77116e-23
-5.12499e-24
-1.13218e-05
-1.16628e-05
-1.08147e-05
-7.84178e-06
-6.43229e-06
-1.57217e-05
-3.15626e-05
-4.60762e-05
-2.98817e-05
1.8385e-05
4.2771e-05
4.893e-05
-0.000140471
-0.000130825
-4.19739e-05
-1.06483e-05
-1.83926e-06
1.60432e-08
3.43216e-09
4.30749e-10
4.46766e-10
3.14211e-11
-4.28581e-13
1.533e-11
6.46969e-12
8.33677e-13
2.28028e-14
-1.17838e-14
-6.83524e-15
-1.2858e-15
2.85129e-15
1.34889e-15
1.25025e-17
-1.92269e-16
-7.86605e-17
-2.60386e-17
-8.53851e-18
-2.90572e-18
-1.03228e-18
-3.77198e-19
-1.38894e-19
-5.06789e-20
-1.81251e-20
-6.31526e-21
-2.13688e-21
-7.01012e-22
-2.22745e-22
-6.85012e-23
-2.03733e-23
-5.85448e-24
-1.4313e-05
-1.49079e-05
-1.35808e-05
-8.92872e-06
-5.80359e-06
-3.38952e-05
-7.16145e-05
-6.59035e-05
1.71923e-05
0.000169045
4.34974e-05
-0.000583776
-0.000916501
-0.000278028
0.00108629
0.00252031
0.00290125
0.00232757
0.00129285
0.000439969
4.99254e-05
1.70889e-11
8.65032e-11
7.17713e-11
1.53301e-11
2.59955e-13
-9.58823e-14
-7.42117e-14
-2.04663e-14
5.47323e-14
3.24861e-14
4.96855e-15
-3.08391e-15
-1.06152e-15
-1.65366e-16
-2.80179e-17
-5.12599e-18
-1.15254e-18
-3.78889e-19
-1.62019e-19
-7.26757e-20
-3.11812e-20
-1.25625e-20
-4.76471e-21
-1.71141e-21
-5.8503e-22
-1.90944e-22
-5.95995e-23
-1.77943e-23
-5.07621e-24
0.000109336
9.98478e-05
0.000115486
0.000178688
0.000151983
-2.03144e-05
-9.96755e-05
0.000328677
0.00102172
0.000638728
-0.00175501
-0.0043295
-0.00317631
0.00524438
0.0216627
0.0388412
0.0469038
0.0440224
0.0329367
0.0192768
0.00829973
0.00213147
0.000106108
8.65053e-11
-4.28582e-13
-1.54709e-13
-2.03124e-13
-1.86108e-13
8.69089e-13
5.58731e-13
1.03283e-13
-7.94763e-14
-3.29016e-14
-3.20745e-15
1.67845e-16
7.26341e-17
2.39371e-17
7.21111e-18
2.02207e-18
5.27255e-19
1.25512e-19
2.59191e-20
3.91661e-21
-4.87398e-24
-3.36518e-22
-1.87918e-22
-7.61519e-23
-2.63327e-23
-8.11199e-24
-2.24359e-24
0.00113689
0.00110127
0.00118644
0.00141579
0.00116509
0.000332503
0.000553754
0.00289825
0.00438584
0.000935947
-0.00754825
-0.0136145
-0.0057867
0.027421
0.0834942
0.141881
0.173214
0.168383
0.134044
0.0859011
0.0425799
0.0145595
0.00213147
1.70874e-11
3.14235e-11
4.66411e-12
4.33812e-12
1.20759e-11
7.63163e-12
1.60557e-12
-1.59268e-12
-7.21653e-13
-8.50118e-14
8.81134e-15
2.51193e-15
3.6998e-16
8.02968e-17
2.0259e-17
5.26717e-18
1.37698e-18
3.5779e-19
9.16761e-20
2.30286e-20
5.64802e-21
1.35205e-21
3.18732e-22
7.60985e-23
1.94366e-23
5.64625e-24
1.8886e-24
0.00355324
0.00348428
0.00370169
0.00417231
0.00336887
0.00150648
0.00286741
0.00873688
0.0108141
0.000383173
-0.0192813
-0.0284944
-0.00364732
0.0731124
0.194675
0.321589
0.395586
0.39128
0.321559
0.214917
0.112903
0.0425799
0.00829973
4.99257e-05
4.4679e-10
1.55064e-10
1.3905e-10
8.43613e-11
2.0209e-11
-2.67621e-11
-1.31938e-11
-1.74149e-12
1.71181e-13
5.9455e-14
5.61249e-15
8.83671e-17
3.40066e-17
1.11515e-17
3.20407e-18
8.84426e-19
2.41774e-19
6.61179e-20
1.81666e-20
5.03421e-21
1.41687e-21
4.10191e-22
1.24157e-22
3.97322e-23
1.33987e-23
4.67587e-24
0.00694024
0.00683739
0.00723653
0.00794439
0.00634548
0.00334674
0.00648192
0.0172062
0.0193725
-0.00171382
-0.0360377
-0.0452184
0.00514985
0.13717
0.336756
0.546228
0.677548
0.679069
0.571787
0.393751
0.214917
0.0859011
0.0192768
0.00043997
4.3076e-10
6.10048e-10
5.75066e-10
2.01282e-10
-3.65645e-10
-1.94982e-10
-3.04836e-11
2.3803e-12
9.56799e-13
1.10303e-13
-1.79994e-15
-5.51443e-16
-1.31351e-16
-3.28921e-17
-8.34727e-18
-2.12937e-18
-5.45683e-19
-1.3983e-19
-3.55448e-20
-8.86822e-21
-2.13483e-21
-4.78814e-22
-9.14458e-23
-1.00118e-23
2.84095e-24
2.76759e-24
0.00956912
0.00944333
0.00999674
0.0108873
0.00862936
0.00459788
0.0093562
0.0246848
0.0267622
-0.00471784
-0.0517521
-0.0588315
0.0164181
0.196436
0.460231
0.73962
0.927009
0.941733
0.809817
0.571787
0.321559
0.134044
0.0329367
0.00129285
3.43188e-09
9.71284e-10
1.14466e-09
-4.63414e-09
-2.59439e-09
-4.22859e-10
2.89497e-11
1.32378e-11
1.76752e-12
-2.84701e-14
-1.01339e-14
-1.42526e-15
-2.41938e-16
-6.41777e-17
-1.79628e-17
-5.06e-18
-1.42348e-18
-3.98201e-19
-1.10381e-19
-3.02146e-20
-8.1276e-21
-2.13092e-21
-5.36921e-22
-1.26831e-22
-2.67295e-23
-4.386e-24
0.00954886
0.00941105
0.00999509
0.0109997
0.00856502
0.00394678
0.00914799
0.026379
0.0289215
-0.00654931
-0.059098
-0.0650524
0.0212833
0.220615
0.510075
0.822044
1.04409
1.07601
0.941733
0.679069
0.39128
0.168383
0.0440224
0.00232757
1.60436e-08
-8.89265e-08
-1.17581e-07
-4.90614e-08
-6.21515e-09
3.77141e-10
1.91347e-10
3.43677e-11
-1.84808e-13
-1.24772e-13
-2.90279e-14
-1.33911e-15
-5.93789e-17
-2.51577e-17
-9.20899e-18
-3.2347e-18
-1.1067e-18
-3.66123e-19
-1.16728e-19
-3.5894e-20
-1.06557e-20
-3.04878e-21
-8.35814e-22
-2.17036e-22
-5.22876e-23
-1.12134e-23
0.00536489
0.00521215
0.0056767
0.00675296
0.0048988
0.000345402
0.00372147
0.0191507
0.0238089
-0.00566051
-0.0536052
-0.0627519
0.0108461
0.189694
0.459126
0.762065
0.992962
1.04409
0.927009
0.677548
0.395586
0.173214
0.0469038
0.00290124
-1.83918e-06
-1.87334e-06
-9.01032e-07
-1.6889e-07
1.70616e-09
1.78112e-09
5.78087e-10
4.30825e-11
-7.19984e-13
-4.21261e-13
-6.52436e-14
3.89953e-16
1.90495e-16
6.42319e-17
1.81075e-17
4.40808e-18
9.1091e-19
1.44653e-19
8.46179e-21
-6.04776e-21
-3.72617e-21
-1.48293e-21
-4.91509e-22
-1.43149e-22
-3.66647e-23
-7.89399e-24
-0.000712375
-0.000843113
-0.000666993
0.000241634
-0.000284562
-0.00370646
-0.0038095
0.00511108
0.0125498
-6.81204e-05
-0.0318631
-0.0506298
-0.0174777
0.0990097
0.30428
0.556454
0.762065
0.822044
0.73962
0.546228
0.321589
0.141881
0.0388412
0.0025203
-1.06481e-05
-8.08958e-06
-2.58433e-06
-2.23781e-07
8.81102e-09
4.9418e-09
1.05515e-09
1.1848e-11
-4.21946e-12
-1.34093e-12
-6.67522e-14
1.83382e-15
6.31664e-16
1.75857e-16
4.95384e-17
1.34156e-17
3.45928e-18
8.55703e-19
2.04991e-19
4.78855e-20
1.09628e-20
2.48075e-21
5.66651e-22
1.36156e-22
3.6234e-23
1.09252e-23
-0.00401118
-0.00409011
-0.00419578
-0.00367401
-0.0030475
-0.00455872
-0.00738119
-0.00596585
0.00190583
0.00639385
-0.00561434
-0.0320341
-0.0434009
0.000650802
0.125434
0.30428
0.459126
0.510075
0.460231
0.336756
0.194675
0.0834942
0.0216627
0.00108629
-4.19733e-05
-1.98527e-05
-3.5698e-06
4.88602e-08
2.94082e-08
7.44106e-09
5.9391e-10
-3.85975e-11
-1.51195e-11
-1.89862e-12
3.70606e-14
1.04224e-14
1.15321e-15
2.13856e-16
5.90717e-17
1.62433e-17
4.3562e-18
1.15468e-18
3.06828e-19
8.23149e-20
2.23021e-20
6.09019e-21
1.6756e-21
4.6555e-22
1.31057e-22
3.74397e-23
-0.00285309
-0.00286108
-0.00309938
-0.00307471
-0.00207569
-0.00168654
-0.00469293
-0.00787356
-0.00320867
0.00891556
0.0110635
-0.0117901
-0.0466505
-0.0512296
0.000650805
0.0990097
0.189694
0.220615
0.196436
0.13717
0.0731124
0.027421
0.00524439
-0.000278026
-0.000130824
-2.36272e-05
8.05907e-07
3.3304e-07
4.75823e-08
1.24298e-09
-4.68018e-10
-1.64694e-10
-2.02401e-11
6.38204e-13
2.02811e-13
1.74282e-14
9.42168e-18
2.19806e-17
1.29305e-17
4.94504e-18
1.61571e-18
5.11248e-19
1.6471e-19
5.4058e-20
1.77524e-20
5.7484e-21
1.82443e-21
5.67564e-22
1.73473e-22
5.22059e-23
0.000409019
0.000454619
0.000296715
-4.47718e-05
0.000533051
0.00179685
0.000811713
-0.00296731
-0.0029526
0.0055646
0.0129125
0.00346454
-0.0239515
-0.0466505
-0.0434009
-0.0174777
0.0108461
0.0212833
0.0164181
0.00514988
-0.00364728
-0.00578667
-0.00317629
-0.000916497
-0.00014047
1.13546e-05
5.05096e-06
9.16814e-07
-6.81491e-09
-5.84746e-09
-1.82625e-09
-1.99468e-10
5.13237e-12
2.15418e-12
3.05775e-13
-1.88922e-15
-5.50421e-16
-1.54819e-16
-4.43814e-17
-1.23072e-17
-3.25138e-18
-8.06382e-19
-1.8289e-19
-3.57993e-20
-4.99324e-21
1.30246e-22
4.7602e-22
2.54389e-22
1.03382e-22
3.7161e-23
0.00160213
0.00164654
0.00163799
0.001347
0.00123588
0.00210377
0.00293322
0.00162641
-0.000871645
-0.000187544
0.0049882
0.00859865
0.00346455
-0.0117901
-0.0320341
-0.0506298
-0.0627519
-0.0650524
-0.0588315
-0.0452184
-0.0284944
-0.0136145
-0.00432949
-0.000583773
4.89294e-05
2.3932e-05
6.06821e-06
4.34013e-07
-2.0478e-08
-1.04903e-08
-2.41063e-09
-7.04344e-11
6.22467e-12
2.63352e-12
2.09322e-13
-1.79208e-15
-7.4055e-16
-2.39324e-16
-7.39961e-17
-2.22688e-17
-6.51476e-18
-1.85e-18
-5.08982e-19
-1.35321e-19
-3.46346e-20
-8.48072e-21
-1.96418e-21
-4.20632e-22
-7.90804e-23
-1.10898e-23
0.000228469
0.000233288
0.00032036
0.000289819
-0.000105264
-0.000154842
0.000929449
0.00179387
0.000104292
-0.00296734
-0.00229721
0.0049882
0.0129125
0.0110635
-0.00561434
-0.0318631
-0.0536052
-0.059098
-0.0517521
-0.0360377
-0.0192813
-0.00754826
-0.00175501
4.34956e-05
4.27701e-05
1.47148e-05
1.89414e-06
-1.69943e-07
-5.45572e-08
-8.40873e-09
2.58557e-10
5.64392e-11
7.09729e-12
7.92748e-13
-3.53437e-14
-5.6387e-15
-6.75873e-16
-1.94349e-16
-6.31899e-17
-2.05594e-17
-6.61184e-18
-2.08955e-18
-6.46652e-19
-1.95379e-19
-5.74984e-20
-1.64541e-20
-4.57186e-21
-1.23129e-21
-3.20667e-22
-8.04991e-23
-0.00116888
-0.00118383
-0.00111922
-0.00100998
-0.00122872
-0.0016656
-0.00135411
-0.000231312
-0.000138215
-0.00192189
-0.00296734
-0.00018754
0.0055646
0.00891555
0.00639384
-6.81076e-05
-0.00566048
-0.00654929
-0.00471784
-0.00171384
0.000383145
0.000935924
0.000638717
0.000169041
1.83838e-05
-6.12777e-06
-2.68176e-06
-4.24607e-07
-1.52425e-09
4.93203e-09
1.68165e-09
1.71691e-10
-3.44506e-12
-1.36135e-12
-1.53314e-13
6.88614e-16
1.31244e-16
3.9364e-18
-1.16346e-17
-7.82182e-18
-3.73009e-18
-1.54066e-18
-5.8237e-19
-2.06004e-19
-6.90095e-20
-2.20579e-20
-6.76098e-21
-1.99373e-21
-5.66799e-22
-1.55545e-22
-0.00114625
-0.00115293
-0.00113365
-0.00108685
-0.00114093
-0.00131596
-0.00136046
-0.00111906
-0.000683004
-0.000138216
0.000104296
-0.000871639
-0.00295261
-0.00320868
0.00190582
0.0125499
0.0238089
0.0289215
0.0267622
0.0193725
0.0108141
0.00438581
0.00102171
1.71888e-05
-2.98823e-05
-1.63596e-05
-4.03837e-06
-1.40514e-07
2.77071e-08
1.27559e-08
1.43614e-09
-2.69275e-11
-9.93529e-12
-1.58903e-12
1.98129e-14
5.34283e-15
7.30358e-16
1.37203e-16
2.66979e-17
2.67384e-18
-1.15895e-18
-1.00846e-18
-5.06456e-19
-2.09831e-19
-7.79928e-20
-2.68933e-20
-8.74734e-21
-2.70897e-21
-8.03345e-22
-2.28976e-22
-0.000881911
-0.000874253
-0.000849961
-0.000895632
-0.00101901
-0.000938951
-0.000662839
-0.000777325
-0.00111907
-0.000231315
0.00179387
0.00162642
-0.00296732
-0.00787358
-0.00596586
0.00511111
0.0191508
0.026379
0.0246848
0.0172061
0.00873685
0.00289822
0.000328667
-6.59064e-05
-4.60781e-05
-1.68069e-05
-1.93681e-06
5.54497e-08
3.33908e-08
8.93882e-09
3.4867e-10
-1.99312e-11
-8.36546e-12
-5.17541e-13
1.62842e-14
5.21749e-15
6.09632e-16
9.83613e-17
1.70462e-17
1.36324e-19
-1.96145e-18
-1.30862e-18
-6.27044e-19
-2.58087e-19
-9.65512e-20
-3.36694e-20
-1.10919e-20
-3.47938e-21
-1.04459e-21
-3.01222e-22
-0.0012733
-0.00126686
-0.00120394
-0.00123972
-0.00152034
-0.00153301
-0.000918096
-0.000662838
-0.00136046
-0.00135411
0.000929453
0.00293322
0.000811709
-0.00469295
-0.0073812
-0.00380948
0.00372151
0.00914801
0.0093562
0.00648189
0.00286736
0.000553722
-9.96849e-05
-7.162e-05
-3.15649e-05
-7.66151e-06
-2.14845e-07
2.87349e-08
1.4176e-08
1.7763e-09
-5.2555e-11
-1.32737e-11
-4.59391e-13
1.22236e-13
2.3249e-14
6.8642e-16
1.14666e-17
-1.44424e-17
-1.58859e-17
-9.95662e-18
-5.0176e-18
-2.23068e-18
-9.08598e-19
-3.45562e-19
-1.24045e-19
-4.231e-20
-1.37744e-20
-4.29432e-21
-1.28538e-21
-3.70184e-22
-0.00168598
-0.00168779
-0.00161343
-0.00159442
-0.00189634
-0.00208883
-0.00153301
-0.000938947
-0.00131596
-0.0016656
-0.000154839
0.00210377
0.00179684
-0.00168656
-0.00455873
-0.00370644
0.000345446
0.00394681
0.00459787
0.00334671
0.00150643
0.000332467
-2.03274e-05
-3.39014e-05
-1.57242e-05
-3.11865e-06
-1.30791e-07
1.03406e-09
1.04542e-11
-3.38412e-10
-9.66098e-11
2.14802e-12
2.07042e-12
4.02721e-13
-6.97438e-15
-1.82284e-15
-3.61408e-16
-1.19621e-16
-4.71307e-17
-1.92095e-17
-7.75234e-18
-3.04599e-18
-1.156e-18
-4.22028e-19
-1.47923e-19
-4.97514e-20
-1.60614e-20
-4.98128e-21
-1.48587e-21
-4.26857e-22
-0.00155265
-0.00155636
-0.0014979
-0.00146767
-0.00169909
-0.00189634
-0.00152033
-0.00101901
-0.00114093
-0.00122872
-0.00010526
0.00123588
0.000533048
-0.00207571
-0.00304751
-0.000284542
0.00489885
0.00856504
0.00862936
0.00634544
0.00336882
0.00116505
0.000151966
-5.80646e-06
-6.43437e-06
-3.66201e-06
-9.29339e-07
-3.45111e-08
1.79759e-10
1.88097e-10
8.08626e-11
1.55239e-11
-9.93768e-14
-1.31641e-13
-2.70541e-14
-6.96923e-16
-1.2201e-16
-7.90837e-17
-4.03003e-17
-1.82885e-17
-7.76974e-18
-3.14059e-18
-1.21291e-18
-4.47941e-19
-1.58252e-19
-5.35182e-20
-1.73433e-20
-5.39269e-21
-1.61123e-21
-4.63285e-22
-0.00132018
-0.00132068
-0.00126937
-0.0012599
-0.00146767
-0.00159442
-0.00123972
-0.000895628
-0.00108685
-0.00100998
0.000289822
0.00134701
-4.47756e-05
-0.00307473
-0.00367402
0.000241654
0.006753
0.0109998
0.0108873
0.00794435
0.00417226
0.00141575
0.000178673
-8.93069e-06
-7.8434e-06
-4.09801e-06
-1.11258e-06
-5.61059e-08
4.40599e-10
2.34435e-10
5.1449e-11
7.95766e-13
-1.13331e-13
-4.45795e-14
2.75032e-16
1.30757e-16
-4.24915e-17
-4.84094e-17
-2.94788e-17
-1.49645e-17
-6.87136e-18
-2.92923e-18
-1.17258e-18
-4.43589e-19
-1.59277e-19
-5.4464e-20
-1.77849e-20
-5.55946e-21
-1.66723e-21
-4.8062e-22
-0.00132894
-0.00132842
-0.00127304
-0.00126937
-0.0014979
-0.00161343
-0.00120394
-0.000849956
-0.00113364
-0.00111922
0.000320364
0.001638
0.000296711
-0.0030994
-0.00419579
-0.000666972
0.00567674
0.00999512
0.00999674
0.0072365
0.00370164
0.00118641
0.000115473
-1.35837e-05
-1.08168e-05
-4.57905e-06
-8.75609e-07
-1.44537e-09
1.98527e-10
4.48055e-11
2.14328e-11
8.60601e-12
1.27991e-12
1.31434e-14
-1.56991e-16
-1.16295e-16
-8.19564e-17
-5.13582e-17
-2.85333e-17
-1.43425e-17
-6.63398e-18
-2.85625e-18
-1.15373e-18
-4.39709e-19
-1.58817e-19
-5.45581e-20
-1.788e-20
-5.60492e-21
-1.68454e-21
-4.8643e-22
-0.00138591
-0.00138608
-0.00132842
-0.00132068
-0.00155636
-0.00168779
-0.00126685
-0.000874248
-0.00115293
-0.00118383
0.000233292
0.00164655
0.000454615
-0.0028611
-0.00409012
-0.000843093
0.00521219
0.00941108
0.00944333
0.00683735
0.00348423
0.00110123
9.98336e-05
-1.49111e-05
-1.1665e-05
-4.75133e-06
-7.79277e-07
1.3753e-10
1.18704e-10
4.96867e-11
1.81558e-11
7.93499e-12
2.17895e-12
9.8183e-14
-1.84892e-16
-1.44705e-16
-9.54099e-17
-5.59007e-17
-2.98016e-17
-1.46495e-17
-6.69884e-18
-2.86797e-18
-1.15549e-18
-4.39955e-19
-1.58884e-19
-5.45959e-20
-1.79005e-20
-5.61424e-21
-1.6882e-21
-4.87714e-22
-0.00138555
-0.00138591
-0.00132894
-0.00132018
-0.00155264
-0.00168598
-0.00127329
-0.000881907
-0.00114625
-0.00116888
0.000228473
0.00160214
0.000409015
-0.00285311
-0.00401119
-0.000712355
0.00536493
0.00954889
0.00956912
0.00694021
0.0035532
0.00113686
0.000109322
-1.4316e-05
-1.13239e-05
-4.6987e-06
-8.23989e-07
-3.48906e-10
7.42003e-12
2.03551e-11
1.7367e-11
8.81513e-12
2.44878e-12
1.41186e-13
-1.74028e-16
-1.40032e-16
-9.41098e-17
-5.56276e-17
-2.97619e-17
-1.46495e-17
-6.70165e-18
-2.86939e-18
-1.15601e-18
-4.40125e-19
-1.58937e-19
-5.46124e-20
-1.79058e-20
-5.61593e-21
-1.68874e-21
-4.87887e-22
)
;

boundaryField
{
    movingWall
    {
        type            zeroGradient;
    }
    fixedWalls
    {
        type            zeroGradient;
    }
    frontAndBack
    {
        type            empty;
    }
}

