0.05	3.82865e-10
0.1	3.85385e-10
0.15	3.86439e-10
0.2	3.9683e-10
0.25	3.97421e-10
0.3	3.699e-10
0.35	3.61029e-10
0.4	3.65853e-10
0.45	3.3837e-10
0.5	3.16678e-10
0.55	3.10767e-10
0.6	3.01932e-10
0.65	2.80578e-10
0.7	9.81078e-10
0.75	9.38374e-10
0.8	8.89146e-10
0.85	8.52816e-10
0.9	7.9285e-10
0.95	7.52254e-10
1	7.07579e-10
1.05	6.75175e-10
1.1	6.39104e-10
1.15	6.00285e-10
1.2	5.68055e-10
1.25	5.32429e-10
1.3	4.90327e-10
1.35	4.7649e-10
1.4	4.52011e-10
1.45	4.26854e-10
1.5	4.0046e-10
1.55	3.7346e-10
1.6	3.59365e-10
1.65	3.33374e-10
1.7	3.08522e-10
1.75	2.95382e-10
1.8	9.39197e-10
1.85	8.74833e-10
1.9	8.06565e-10
1.95	7.26778e-10
2	6.97586e-10
2.05	6.54033e-10
2.1	6.22125e-10
2.15	5.60453e-10
2.2	5.41582e-10
2.25	5.04609e-10
2.3	4.62757e-10
2.35	4.40629e-10
2.4	4.13603e-10
2.45	3.88589e-10
2.5	3.66149e-10
2.55	3.44193e-10
2.6	3.29058e-10
2.65	3.05103e-10
2.7	2.93775e-10
2.75	2.74101e-10
2.8	9.8103e-10
2.85	8.99977e-10
2.9	8.79279e-10
2.95	8.13379e-10
3	7.45565e-10
3.05	7.07004e-10
3.1	6.6592e-10
3.15	6.00016e-10
3.2	5.76873e-10
3.25	5.31482e-10
3.3	4.79861e-10
3.35	4.65105e-10
3.4	4.295e-10
3.45	3.88249e-10
3.5	3.72366e-10
3.55	3.51147e-10
3.6	3.20723e-10
3.65	3.05857e-10
3.7	2.85806e-10
3.75	9.24823e-10
3.8	8.72541e-10
3.85	8.0923e-10
3.9	7.49515e-10
3.95	7.01224e-10
4	6.67022e-10
4.05	6.09482e-10
4.1	5.81429e-10
4.15	5.40094e-10
4.2	5.09143e-10
4.25	4.71518e-10
4.3	4.45278e-10
4.35	4.20616e-10
4.4	3.9431e-10
4.45	3.67521e-10
4.5	3.48921e-10
4.55	3.25189e-10
4.6	3.03677e-10
4.65	2.88254e-10
4.7	2.66284e-10
4.75	9.93932e-10
4.8	9.39729e-10
4.85	8.93261e-10
4.9	8.36197e-10
4.95	8.04396e-10
5	7.57178e-10
5.05	7.22355e-10
5.1	6.87339e-10
5.15	6.52614e-10
5.2	6.25223e-10
5.25	5.95775e-10
5.3	5.69938e-10
5.35	5.45166e-10
5.4	5.18523e-10
5.45	4.98599e-10
5.5	4.72003e-10
5.55	4.56773e-10
5.6	4.33571e-10
5.65	4.20481e-10
5.7	4.00207e-10
5.75	3.86529e-10
5.8	3.69479e-10
5.85	3.55062e-10
5.9	3.4073e-10
5.95	3.26154e-10
6	3.13317e-10
6.05	3.01123e-10
6.1	2.88408e-10
6.15	2.77659e-10
6.2	2.65583e-10
6.25	2.55481e-10
6.3	2.45002e-10
6.35	2.35302e-10
6.4	2.26487e-10
6.45	2.17286e-10
6.5	9.96317e-10
6.55	9.67793e-10
6.6	9.28643e-10
6.65	9.02951e-10
6.7	8.66886e-10
6.75	8.41054e-10
6.8	8.09467e-10
6.85	7.8394e-10
6.9	7.55599e-10
6.95	7.33833e-10
7	7.06568e-10
7.05	6.86451e-10
7.1	6.61919e-10
7.15	6.42543e-10
7.2	6.197e-10
7.25	6.01567e-10
7.3	5.81294e-10
7.35	5.6315e-10
7.4	5.46201e-10
7.45	5.27519e-10
7.5	5.11903e-10
7.55	4.95721e-10
7.6	4.8045e-10
7.65	4.65733e-10
7.7	4.51845e-10
7.75	4.38403e-10
7.8	4.25194e-10
7.85	4.13932e-10
7.9	4.00904e-10
7.95	3.91351e-10
8	3.78681e-10
8.05	3.69203e-10
8.1	3.58036e-10
8.15	3.4834e-10
8.2	3.38051e-10
8.25	3.28022e-10
8.3	3.19134e-10
8.35	3.0848e-10
8.4	3.00945e-10
8.45	2.91475e-10
8.5	2.84223e-10
8.55	2.76707e-10
8.6	2.69159e-10
8.65	2.64078e-10
8.7	2.6043e-10
8.75	2.60847e-10
8.8	2.64206e-10
8.85	2.73425e-10
8.9	2.85571e-10
8.95	2.94625e-10
9	2.92562e-10
9.05	2.73416e-10
9.1	2.55498e-10
9.15	2.63815e-10
9.2	2.84628e-10
9.25	2.94815e-10
9.3	2.89965e-10
9.35	2.7459e-10
9.4	2.55639e-10
9.45	2.36561e-10
9.5	2.18652e-10
9.55	2.03112e-10
9.6	1.91806e-10
9.65	1.85062e-10
9.7	1.84211e-10
9.75	1.86906e-10
9.8	1.94106e-10
9.85	2.07628e-10
9.9	2.43941e-10
9.95	3.20078e-10
10	4.64948e-10
