/*--------------------------------*- C++ -*----------------------------------*\
| =========                 |                                                 |
| \\      /  F ield         | OpenFOAM: The Open Source CFD Toolbox           |
|  \\    /   O peration     | Version:  v2006                                 |
|   \\  /    A nd           | Website:  www.openfoam.com                      |
|    \\/     M anipulation  |                                                 |
\*---------------------------------------------------------------------------*/
FoamFile
{
    version     2.0;
    format      ascii;
    class       volVectorField;
    location    "0";
    object      U_new;
}
// * * * * * * * * * * * * * * * * * * * * * * * * * * * * * * * * * * * * * //

dimensions      [0 1 -1 0 0 0 0];


internalField   nonuniform List<vector> 
2500
(
(0.00052 -0.0338 0)
(0.00052 -0.1014 0)
(0.00052 -0.169 0)
(0.00052 -0.2366 0)
(0.00052 -0.3042 0)
(0.00052 -0.3718 0)
(0.00052 -0.4394 0)
(0.00052 -0.507 0)
(0.00052 -0.5746 0)
(0.00052 -0.6422 0)
(0.00052 -0.7098 0)
(0.00052 -0.7774 0)
(0.00052 -0.845 0)
(0.00052 -0.9126 0)
(0.00052 -0.9802 0)
(0.00052 -1.0478 0)
(0.00052 -1.1154 0)
(0.00052 -1.183 0)
(0.00052 -1.2506 0)
(0.00052 -1.3182 0)
(0.00052 -1.3858 0)
(0.00052 -1.4534 0)
(0.00052 -1.521 0)
(0.00052 -1.5886 0)
(0.00052 -1.6562 0)
(0.00052 -1.7238 0)
(0.00052 -1.7914 0)
(0.00052 -1.859 0)
(0.00052 -1.9266 0)
(0.00052 -1.9942 0)
(0.00052 -2.0618 0)
(0.00052 -2.1294 0)
(0.00052 -2.197 0)
(0.00052 -2.2646 0)
(0.00052 -2.3322 0)
(0.00052 -2.3998 0)
(0.00052 -2.4674 0)
(0.00052 -2.535 0)
(0.00052 -2.6026 0)
(0.00052 -2.6702 0)
(0.00052 -2.7378 0)
(0.00052 -2.8054 0)
(0.00052 -2.873 0)
(0.00052 -2.9406 0)
(0.00052 -3.0082 0)
(0.00052 -3.0758 0)
(0.00052 -3.1434 0)
(0.00052 -3.211 0)
(0.00052 -3.2786 0)
(0.00052 -3.3462 0)
(0.00468 -0.0338 0)
(0.00468 -0.1014 0)
(0.00468 -0.169 0)
(0.00468 -0.2366 0)
(0.00468 -0.3042 0)
(0.00468 -0.3718 0)
(0.00468 -0.4394 0)
(0.00468 -0.507 0)
(0.00468 -0.5746 0)
(0.00468 -0.6422 0)
(0.00468 -0.7098 0)
(0.00468 -0.7774 0)
(0.00468 -0.845 0)
(0.00468 -0.9126 0)
(0.00468 -0.9802 0)
(0.00468 -1.0478 0)
(0.00468 -1.1154 0)
(0.00468 -1.183 0)
(0.00468 -1.2506 0)
(0.00468 -1.3182 0)
(0.00468 -1.3858 0)
(0.00468 -1.4534 0)
(0.00468 -1.521 0)
(0.00468 -1.5886 0)
(0.00468 -1.6562 0)
(0.00468 -1.7238 0)
(0.00468 -1.7914 0)
(0.00468 -1.859 0)
(0.00468 -1.9266 0)
(0.00468 -1.9942 0)
(0.00468 -2.0618 0)
(0.00468 -2.1294 0)
(0.00468 -2.197 0)
(0.00468 -2.2646 0)
(0.00468 -2.3322 0)
(0.00468 -2.3998 0)
(0.00468 -2.4674 0)
(0.00468 -2.535 0)
(0.00468 -2.6026 0)
(0.00468 -2.6702 0)
(0.00468 -2.7378 0)
(0.00468 -2.8054 0)
(0.00468 -2.873 0)
(0.00468 -2.9406 0)
(0.00468 -3.0082 0)
(0.00468 -3.0758 0)
(0.00468 -3.1434 0)
(0.00468 -3.211 0)
(0.00468 -3.2786 0)
(0.00468 -3.3462 0)
(0.013 -0.0338 0)
(0.013 -0.1014 0)
(0.013 -0.169 0)
(0.013 -0.2366 0)
(0.013 -0.3042 0)
(0.013 -0.3718 0)
(0.013 -0.4394 0)
(0.013 -0.507 0)
(0.013 -0.5746 0)
(0.013 -0.6422 0)
(0.013 -0.7098 0)
(0.013 -0.7774 0)
(0.013 -0.845 0)
(0.013 -0.9126 0)
(0.013 -0.9802 0)
(0.013 -1.0478 0)
(0.013 -1.1154 0)
(0.013 -1.183 0)
(0.013 -1.2506 0)
(0.013 -1.3182 0)
(0.013 -1.3858 0)
(0.013 -1.4534 0)
(0.013 -1.521 0)
(0.013 -1.5886 0)
(0.013 -1.6562 0)
(0.013 -1.7238 0)
(0.013 -1.7914 0)
(0.013 -1.859 0)
(0.013 -1.9266 0)
(0.013 -1.9942 0)
(0.013 -2.0618 0)
(0.013 -2.1294 0)
(0.013 -2.197 0)
(0.013 -2.2646 0)
(0.013 -2.3322 0)
(0.013 -2.3998 0)
(0.013 -2.4674 0)
(0.013 -2.535 0)
(0.013 -2.6026 0)
(0.013 -2.6702 0)
(0.013 -2.7378 0)
(0.013 -2.8054 0)
(0.013 -2.873 0)
(0.013 -2.9406 0)
(0.013 -3.0082 0)
(0.013 -3.0758 0)
(0.013 -3.1434 0)
(0.013 -3.211 0)
(0.013 -3.2786 0)
(0.013 -3.3462 0)
(0.02548 -0.0338 0)
(0.02548 -0.1014 0)
(0.02548 -0.169 0)
(0.02548 -0.2366 0)
(0.02548 -0.3042 0)
(0.02548 -0.3718 0)
(0.02548 -0.4394 0)
(0.02548 -0.507 0)
(0.02548 -0.5746 0)
(0.02548 -0.6422 0)
(0.02548 -0.7098 0)
(0.02548 -0.7774 0)
(0.02548 -0.845 0)
(0.02548 -0.9126 0)
(0.02548 -0.9802 0)
(0.02548 -1.0478 0)
(0.02548 -1.1154 0)
(0.02548 -1.183 0)
(0.02548 -1.2506 0)
(0.02548 -1.3182 0)
(0.02548 -1.3858 0)
(0.02548 -1.4534 0)
(0.02548 -1.521 0)
(0.02548 -1.5886 0)
(0.02548 -1.6562 0)
(0.02548 -1.7238 0)
(0.02548 -1.7914 0)
(0.02548 -1.859 0)
(0.02548 -1.9266 0)
(0.02548 -1.9942 0)
(0.02548 -2.0618 0)
(0.02548 -2.1294 0)
(0.02548 -2.197 0)
(0.02548 -2.2646 0)
(0.02548 -2.3322 0)
(0.02548 -2.3998 0)
(0.02548 -2.4674 0)
(0.02548 -2.535 0)
(0.02548 -2.6026 0)
(0.02548 -2.6702 0)
(0.02548 -2.7378 0)
(0.02548 -2.8054 0)
(0.02548 -2.873 0)
(0.02548 -2.9406 0)
(0.02548 -3.0082 0)
(0.02548 -3.0758 0)
(0.02548 -3.1434 0)
(0.02548 -3.211 0)
(0.02548 -3.2786 0)
(0.02548 -3.3462 0)
(0.04212 -0.0338 0)
(0.04212 -0.1014 0)
(0.04212 -0.169 0)
(0.04212 -0.2366 0)
(0.04212 -0.3042 0)
(0.04212 -0.3718 0)
(0.04212 -0.4394 0)
(0.04212 -0.507 0)
(0.04212 -0.5746 0)
(0.04212 -0.6422 0)
(0.04212 -0.7098 0)
(0.04212 -0.7774 0)
(0.04212 -0.845 0)
(0.04212 -0.9126 0)
(0.04212 -0.9802 0)
(0.04212 -1.0478 0)
(0.04212 -1.1154 0)
(0.04212 -1.183 0)
(0.04212 -1.2506 0)
(0.04212 -1.3182 0)
(0.04212 -1.3858 0)
(0.04212 -1.4534 0)
(0.04212 -1.521 0)
(0.04212 -1.5886 0)
(0.04212 -1.6562 0)
(0.04212 -1.7238 0)
(0.04212 -1.7914 0)
(0.04212 -1.859 0)
(0.04212 -1.9266 0)
(0.04212 -1.9942 0)
(0.04212 -2.0618 0)
(0.04212 -2.1294 0)
(0.04212 -2.197 0)
(0.04212 -2.2646 0)
(0.04212 -2.3322 0)
(0.04212 -2.3998 0)
(0.04212 -2.4674 0)
(0.04212 -2.535 0)
(0.04212 -2.6026 0)
(0.04212 -2.6702 0)
(0.04212 -2.7378 0)
(0.04212 -2.8054 0)
(0.04212 -2.873 0)
(0.04212 -2.9406 0)
(0.04212 -3.0082 0)
(0.04212 -3.0758 0)
(0.04212 -3.1434 0)
(0.04212 -3.211 0)
(0.04212 -3.2786 0)
(0.04212 -3.3462 0)
(0.06292 -0.0338 0)
(0.06292 -0.1014 0)
(0.06292 -0.169 0)
(0.06292 -0.2366 0)
(0.06292 -0.3042 0)
(0.06292 -0.3718 0)
(0.06292 -0.4394 0)
(0.06292 -0.507 0)
(0.06292 -0.5746 0)
(0.06292 -0.6422 0)
(0.06292 -0.7098 0)
(0.06292 -0.7774 0)
(0.06292 -0.845 0)
(0.06292 -0.9126 0)
(0.06292 -0.9802 0)
(0.06292 -1.0478 0)
(0.06292 -1.1154 0)
(0.06292 -1.183 0)
(0.06292 -1.2506 0)
(0.06292 -1.3182 0)
(0.06292 -1.3858 0)
(0.06292 -1.4534 0)
(0.06292 -1.521 0)
(0.06292 -1.5886 0)
(0.06292 -1.6562 0)
(0.06292 -1.7238 0)
(0.06292 -1.7914 0)
(0.06292 -1.859 0)
(0.06292 -1.9266 0)
(0.06292 -1.9942 0)
(0.06292 -2.0618 0)
(0.06292 -2.1294 0)
(0.06292 -2.197 0)
(0.06292 -2.2646 0)
(0.06292 -2.3322 0)
(0.06292 -2.3998 0)
(0.06292 -2.4674 0)
(0.06292 -2.535 0)
(0.06292 -2.6026 0)
(0.06292 -2.6702 0)
(0.06292 -2.7378 0)
(0.06292 -2.8054 0)
(0.06292 -2.873 0)
(0.06292 -2.9406 0)
(0.06292 -3.0082 0)
(0.06292 -3.0758 0)
(0.06292 -3.1434 0)
(0.06292 -3.211 0)
(0.06292 -3.2786 0)
(0.06292 -3.3462 0)
(0.08788 -0.0338 0)
(0.08788 -0.1014 0)
(0.08788 -0.169 0)
(0.08788 -0.2366 0)
(0.08788 -0.3042 0)
(0.08788 -0.3718 0)
(0.08788 -0.4394 0)
(0.08788 -0.507 0)
(0.08788 -0.5746 0)
(0.08788 -0.6422 0)
(0.08788 -0.7098 0)
(0.08788 -0.7774 0)
(0.08788 -0.845 0)
(0.08788 -0.9126 0)
(0.08788 -0.9802 0)
(0.08788 -1.0478 0)
(0.08788 -1.1154 0)
(0.08788 -1.183 0)
(0.08788 -1.2506 0)
(0.08788 -1.3182 0)
(0.08788 -1.3858 0)
(0.08788 -1.4534 0)
(0.08788 -1.521 0)
(0.08788 -1.5886 0)
(0.08788 -1.6562 0)
(0.08788 -1.7238 0)
(0.08788 -1.7914 0)
(0.08788 -1.859 0)
(0.08788 -1.9266 0)
(0.08788 -1.9942 0)
(0.08788 -2.0618 0)
(0.08788 -2.1294 0)
(0.08788 -2.197 0)
(0.08788 -2.2646 0)
(0.08788 -2.3322 0)
(0.08788 -2.3998 0)
(0.08788 -2.4674 0)
(0.08788 -2.535 0)
(0.08788 -2.6026 0)
(0.08788 -2.6702 0)
(0.08788 -2.7378 0)
(0.08788 -2.8054 0)
(0.08788 -2.873 0)
(0.08788 -2.9406 0)
(0.08788 -3.0082 0)
(0.08788 -3.0758 0)
(0.08788 -3.1434 0)
(0.08788 -3.211 0)
(0.08788 -3.2786 0)
(0.08788 -3.3462 0)
(0.117 -0.0338 0)
(0.117 -0.1014 0)
(0.117 -0.169 0)
(0.117 -0.2366 0)
(0.117 -0.3042 0)
(0.117 -0.3718 0)
(0.117 -0.4394 0)
(0.117 -0.507 0)
(0.117 -0.5746 0)
(0.117 -0.6422 0)
(0.117 -0.7098 0)
(0.117 -0.7774 0)
(0.117 -0.845 0)
(0.117 -0.9126 0)
(0.117 -0.9802 0)
(0.117 -1.0478 0)
(0.117 -1.1154 0)
(0.117 -1.183 0)
(0.117 -1.2506 0)
(0.117 -1.3182 0)
(0.117 -1.3858 0)
(0.117 -1.4534 0)
(0.117 -1.521 0)
(0.117 -1.5886 0)
(0.117 -1.6562 0)
(0.117 -1.7238 0)
(0.117 -1.7914 0)
(0.117 -1.859 0)
(0.117 -1.9266 0)
(0.117 -1.9942 0)
(0.117 -2.0618 0)
(0.117 -2.1294 0)
(0.117 -2.197 0)
(0.117 -2.2646 0)
(0.117 -2.3322 0)
(0.117 -2.3998 0)
(0.117 -2.4674 0)
(0.117 -2.535 0)
(0.117 -2.6026 0)
(0.117 -2.6702 0)
(0.117 -2.7378 0)
(0.117 -2.8054 0)
(0.117 -2.873 0)
(0.117 -2.9406 0)
(0.117 -3.0082 0)
(0.117 -3.0758 0)
(0.117 -3.1434 0)
(0.117 -3.211 0)
(0.117 -3.2786 0)
(0.117 -3.3462 0)
(0.15028 -0.0338 0)
(0.15028 -0.1014 0)
(0.15028 -0.169 0)
(0.15028 -0.2366 0)
(0.15028 -0.3042 0)
(0.15028 -0.3718 0)
(0.15028 -0.4394 0)
(0.15028 -0.507 0)
(0.15028 -0.5746 0)
(0.15028 -0.6422 0)
(0.15028 -0.7098 0)
(0.15028 -0.7774 0)
(0.15028 -0.845 0)
(0.15028 -0.9126 0)
(0.15028 -0.9802 0)
(0.15028 -1.0478 0)
(0.15028 -1.1154 0)
(0.15028 -1.183 0)
(0.15028 -1.2506 0)
(0.15028 -1.3182 0)
(0.15028 -1.3858 0)
(0.15028 -1.4534 0)
(0.15028 -1.521 0)
(0.15028 -1.5886 0)
(0.15028 -1.6562 0)
(0.15028 -1.7238 0)
(0.15028 -1.7914 0)
(0.15028 -1.859 0)
(0.15028 -1.9266 0)
(0.15028 -1.9942 0)
(0.15028 -2.0618 0)
(0.15028 -2.1294 0)
(0.15028 -2.197 0)
(0.15028 -2.2646 0)
(0.15028 -2.3322 0)
(0.15028 -2.3998 0)
(0.15028 -2.4674 0)
(0.15028 -2.535 0)
(0.15028 -2.6026 0)
(0.15028 -2.6702 0)
(0.15028 -2.7378 0)
(0.15028 -2.8054 0)
(0.15028 -2.873 0)
(0.15028 -2.9406 0)
(0.15028 -3.0082 0)
(0.15028 -3.0758 0)
(0.15028 -3.1434 0)
(0.15028 -3.211 0)
(0.15028 -3.2786 0)
(0.15028 -3.3462 0)
(0.18772 -0.0338 0)
(0.18772 -0.1014 0)
(0.18772 -0.169 0)
(0.18772 -0.2366 0)
(0.18772 -0.3042 0)
(0.18772 -0.3718 0)
(0.18772 -0.4394 0)
(0.18772 -0.507 0)
(0.18772 -0.5746 0)
(0.18772 -0.6422 0)
(0.18772 -0.7098 0)
(0.18772 -0.7774 0)
(0.18772 -0.845 0)
(0.18772 -0.9126 0)
(0.18772 -0.9802 0)
(0.18772 -1.0478 0)
(0.18772 -1.1154 0)
(0.18772 -1.183 0)
(0.18772 -1.2506 0)
(0.18772 -1.3182 0)
(0.18772 -1.3858 0)
(0.18772 -1.4534 0)
(0.18772 -1.521 0)
(0.18772 -1.5886 0)
(0.18772 -1.6562 0)
(0.18772 -1.7238 0)
(0.18772 -1.7914 0)
(0.18772 -1.859 0)
(0.18772 -1.9266 0)
(0.18772 -1.9942 0)
(0.18772 -2.0618 0)
(0.18772 -2.1294 0)
(0.18772 -2.197 0)
(0.18772 -2.2646 0)
(0.18772 -2.3322 0)
(0.18772 -2.3998 0)
(0.18772 -2.4674 0)
(0.18772 -2.535 0)
(0.18772 -2.6026 0)
(0.18772 -2.6702 0)
(0.18772 -2.7378 0)
(0.18772 -2.8054 0)
(0.18772 -2.873 0)
(0.18772 -2.9406 0)
(0.18772 -3.0082 0)
(0.18772 -3.0758 0)
(0.18772 -3.1434 0)
(0.18772 -3.211 0)
(0.18772 -3.2786 0)
(0.18772 -3.3462 0)
(0.22932 -0.0338 0)
(0.22932 -0.1014 0)
(0.22932 -0.169 0)
(0.22932 -0.2366 0)
(0.22932 -0.3042 0)
(0.22932 -0.3718 0)
(0.22932 -0.4394 0)
(0.22932 -0.507 0)
(0.22932 -0.5746 0)
(0.22932 -0.6422 0)
(0.22932 -0.7098 0)
(0.22932 -0.7774 0)
(0.22932 -0.845 0)
(0.22932 -0.9126 0)
(0.22932 -0.9802 0)
(0.22932 -1.0478 0)
(0.22932 -1.1154 0)
(0.22932 -1.183 0)
(0.22932 -1.2506 0)
(0.22932 -1.3182 0)
(0.22932 -1.3858 0)
(0.22932 -1.4534 0)
(0.22932 -1.521 0)
(0.22932 -1.5886 0)
(0.22932 -1.6562 0)
(0.22932 -1.7238 0)
(0.22932 -1.7914 0)
(0.22932 -1.859 0)
(0.22932 -1.9266 0)
(0.22932 -1.9942 0)
(0.22932 -2.0618 0)
(0.22932 -2.1294 0)
(0.22932 -2.197 0)
(0.22932 -2.2646 0)
(0.22932 -2.3322 0)
(0.22932 -2.3998 0)
(0.22932 -2.4674 0)
(0.22932 -2.535 0)
(0.22932 -2.6026 0)
(0.22932 -2.6702 0)
(0.22932 -2.7378 0)
(0.22932 -2.8054 0)
(0.22932 -2.873 0)
(0.22932 -2.9406 0)
(0.22932 -3.0082 0)
(0.22932 -3.0758 0)
(0.22932 -3.1434 0)
(0.22932 -3.211 0)
(0.22932 -3.2786 0)
(0.22932 -3.3462 0)
(0.27508 -0.0338 0)
(0.27508 -0.1014 0)
(0.27508 -0.169 0)
(0.27508 -0.2366 0)
(0.27508 -0.3042 0)
(0.27508 -0.3718 0)
(0.27508 -0.4394 0)
(0.27508 -0.507 0)
(0.27508 -0.5746 0)
(0.27508 -0.6422 0)
(0.27508 -0.7098 0)
(0.27508 -0.7774 0)
(0.27508 -0.845 0)
(0.27508 -0.9126 0)
(0.27508 -0.9802 0)
(0.27508 -1.0478 0)
(0.27508 -1.1154 0)
(0.27508 -1.183 0)
(0.27508 -1.2506 0)
(0.27508 -1.3182 0)
(0.27508 -1.3858 0)
(0.27508 -1.4534 0)
(0.27508 -1.521 0)
(0.27508 -1.5886 0)
(0.27508 -1.6562 0)
(0.27508 -1.7238 0)
(0.27508 -1.7914 0)
(0.27508 -1.859 0)
(0.27508 -1.9266 0)
(0.27508 -1.9942 0)
(0.27508 -2.0618 0)
(0.27508 -2.1294 0)
(0.27508 -2.197 0)
(0.27508 -2.2646 0)
(0.27508 -2.3322 0)
(0.27508 -2.3998 0)
(0.27508 -2.4674 0)
(0.27508 -2.535 0)
(0.27508 -2.6026 0)
(0.27508 -2.6702 0)
(0.27508 -2.7378 0)
(0.27508 -2.8054 0)
(0.27508 -2.873 0)
(0.27508 -2.9406 0)
(0.27508 -3.0082 0)
(0.27508 -3.0758 0)
(0.27508 -3.1434 0)
(0.27508 -3.211 0)
(0.27508 -3.2786 0)
(0.27508 -3.3462 0)
(0.325 -0.0338 0)
(0.325 -0.1014 0)
(0.325 -0.169 0)
(0.325 -0.2366 0)
(0.325 -0.3042 0)
(0.325 -0.3718 0)
(0.325 -0.4394 0)
(0.325 -0.507 0)
(0.325 -0.5746 0)
(0.325 -0.6422 0)
(0.325 -0.7098 0)
(0.325 -0.7774 0)
(0.325 -0.845 0)
(0.325 -0.9126 0)
(0.325 -0.9802 0)
(0.325 -1.0478 0)
(0.325 -1.1154 0)
(0.325 -1.183 0)
(0.325 -1.2506 0)
(0.325 -1.3182 0)
(0.325 -1.3858 0)
(0.325 -1.4534 0)
(0.325 -1.521 0)
(0.325 -1.5886 0)
(0.325 -1.6562 0)
(0.325 -1.7238 0)
(0.325 -1.7914 0)
(0.325 -1.859 0)
(0.325 -1.9266 0)
(0.325 -1.9942 0)
(0.325 -2.0618 0)
(0.325 -2.1294 0)
(0.325 -2.197 0)
(0.325 -2.2646 0)
(0.325 -2.3322 0)
(0.325 -2.3998 0)
(0.325 -2.4674 0)
(0.325 -2.535 0)
(0.325 -2.6026 0)
(0.325 -2.6702 0)
(0.325 -2.7378 0)
(0.325 -2.8054 0)
(0.325 -2.873 0)
(0.325 -2.9406 0)
(0.325 -3.0082 0)
(0.325 -3.0758 0)
(0.325 -3.1434 0)
(0.325 -3.211 0)
(0.325 -3.2786 0)
(0.325 -3.3462 0)
(0.37908 -0.0338 0)
(0.37908 -0.1014 0)
(0.37908 -0.169 0)
(0.37908 -0.2366 0)
(0.37908 -0.3042 0)
(0.37908 -0.3718 0)
(0.37908 -0.4394 0)
(0.37908 -0.507 0)
(0.37908 -0.5746 0)
(0.37908 -0.6422 0)
(0.37908 -0.7098 0)
(0.37908 -0.7774 0)
(0.37908 -0.845 0)
(0.37908 -0.9126 0)
(0.37908 -0.9802 0)
(0.37908 -1.0478 0)
(0.37908 -1.1154 0)
(0.37908 -1.183 0)
(0.37908 -1.2506 0)
(0.37908 -1.3182 0)
(0.37908 -1.3858 0)
(0.37908 -1.4534 0)
(0.37908 -1.521 0)
(0.37908 -1.5886 0)
(0.37908 -1.6562 0)
(0.37908 -1.7238 0)
(0.37908 -1.7914 0)
(0.37908 -1.859 0)
(0.37908 -1.9266 0)
(0.37908 -1.9942 0)
(0.37908 -2.0618 0)
(0.37908 -2.1294 0)
(0.37908 -2.197 0)
(0.37908 -2.2646 0)
(0.37908 -2.3322 0)
(0.37908 -2.3998 0)
(0.37908 -2.4674 0)
(0.37908 -2.535 0)
(0.37908 -2.6026 0)
(0.37908 -2.6702 0)
(0.37908 -2.7378 0)
(0.37908 -2.8054 0)
(0.37908 -2.873 0)
(0.37908 -2.9406 0)
(0.37908 -3.0082 0)
(0.37908 -3.0758 0)
(0.37908 -3.1434 0)
(0.37908 -3.211 0)
(0.37908 -3.2786 0)
(0.37908 -3.3462 0)
(0.43732 -0.0338 0)
(0.43732 -0.1014 0)
(0.43732 -0.169 0)
(0.43732 -0.2366 0)
(0.43732 -0.3042 0)
(0.43732 -0.3718 0)
(0.43732 -0.4394 0)
(0.43732 -0.507 0)
(0.43732 -0.5746 0)
(0.43732 -0.6422 0)
(0.43732 -0.7098 0)
(0.43732 -0.7774 0)
(0.43732 -0.845 0)
(0.43732 -0.9126 0)
(0.43732 -0.9802 0)
(0.43732 -1.0478 0)
(0.43732 -1.1154 0)
(0.43732 -1.183 0)
(0.43732 -1.2506 0)
(0.43732 -1.3182 0)
(0.43732 -1.3858 0)
(0.43732 -1.4534 0)
(0.43732 -1.521 0)
(0.43732 -1.5886 0)
(0.43732 -1.6562 0)
(0.43732 -1.7238 0)
(0.43732 -1.7914 0)
(0.43732 -1.859 0)
(0.43732 -1.9266 0)
(0.43732 -1.9942 0)
(0.43732 -2.0618 0)
(0.43732 -2.1294 0)
(0.43732 -2.197 0)
(0.43732 -2.2646 0)
(0.43732 -2.3322 0)
(0.43732 -2.3998 0)
(0.43732 -2.4674 0)
(0.43732 -2.535 0)
(0.43732 -2.6026 0)
(0.43732 -2.6702 0)
(0.43732 -2.7378 0)
(0.43732 -2.8054 0)
(0.43732 -2.873 0)
(0.43732 -2.9406 0)
(0.43732 -3.0082 0)
(0.43732 -3.0758 0)
(0.43732 -3.1434 0)
(0.43732 -3.211 0)
(0.43732 -3.2786 0)
(0.43732 -3.3462 0)
(0.49972 -0.0338 0)
(0.49972 -0.1014 0)
(0.49972 -0.169 0)
(0.49972 -0.2366 0)
(0.49972 -0.3042 0)
(0.49972 -0.3718 0)
(0.49972 -0.4394 0)
(0.49972 -0.507 0)
(0.49972 -0.5746 0)
(0.49972 -0.6422 0)
(0.49972 -0.7098 0)
(0.49972 -0.7774 0)
(0.49972 -0.845 0)
(0.49972 -0.9126 0)
(0.49972 -0.9802 0)
(0.49972 -1.0478 0)
(0.49972 -1.1154 0)
(0.49972 -1.183 0)
(0.49972 -1.2506 0)
(0.49972 -1.3182 0)
(0.49972 -1.3858 0)
(0.49972 -1.4534 0)
(0.49972 -1.521 0)
(0.49972 -1.5886 0)
(0.49972 -1.6562 0)
(0.49972 -1.7238 0)
(0.49972 -1.7914 0)
(0.49972 -1.859 0)
(0.49972 -1.9266 0)
(0.49972 -1.9942 0)
(0.49972 -2.0618 0)
(0.49972 -2.1294 0)
(0.49972 -2.197 0)
(0.49972 -2.2646 0)
(0.49972 -2.3322 0)
(0.49972 -2.3998 0)
(0.49972 -2.4674 0)
(0.49972 -2.535 0)
(0.49972 -2.6026 0)
(0.49972 -2.6702 0)
(0.49972 -2.7378 0)
(0.49972 -2.8054 0)
(0.49972 -2.873 0)
(0.49972 -2.9406 0)
(0.49972 -3.0082 0)
(0.49972 -3.0758 0)
(0.49972 -3.1434 0)
(0.49972 -3.211 0)
(0.49972 -3.2786 0)
(0.49972 -3.3462 0)
(0.56628 -0.0338 0)
(0.56628 -0.1014 0)
(0.56628 -0.169 0)
(0.56628 -0.2366 0)
(0.56628 -0.3042 0)
(0.56628 -0.3718 0)
(0.56628 -0.4394 0)
(0.56628 -0.507 0)
(0.56628 -0.5746 0)
(0.56628 -0.6422 0)
(0.56628 -0.7098 0)
(0.56628 -0.7774 0)
(0.56628 -0.845 0)
(0.56628 -0.9126 0)
(0.56628 -0.9802 0)
(0.56628 -1.0478 0)
(0.56628 -1.1154 0)
(0.56628 -1.183 0)
(0.56628 -1.2506 0)
(0.56628 -1.3182 0)
(0.56628 -1.3858 0)
(0.56628 -1.4534 0)
(0.56628 -1.521 0)
(0.56628 -1.5886 0)
(0.56628 -1.6562 0)
(0.56628 -1.7238 0)
(0.56628 -1.7914 0)
(0.56628 -1.859 0)
(0.56628 -1.9266 0)
(0.56628 -1.9942 0)
(0.56628 -2.0618 0)
(0.56628 -2.1294 0)
(0.56628 -2.197 0)
(0.56628 -2.2646 0)
(0.56628 -2.3322 0)
(0.56628 -2.3998 0)
(0.56628 -2.4674 0)
(0.56628 -2.535 0)
(0.56628 -2.6026 0)
(0.56628 -2.6702 0)
(0.56628 -2.7378 0)
(0.56628 -2.8054 0)
(0.56628 -2.873 0)
(0.56628 -2.9406 0)
(0.56628 -3.0082 0)
(0.56628 -3.0758 0)
(0.56628 -3.1434 0)
(0.56628 -3.211 0)
(0.56628 -3.2786 0)
(0.56628 -3.3462 0)
(0.637 -0.0338 0)
(0.637 -0.1014 0)
(0.637 -0.169 0)
(0.637 -0.2366 0)
(0.637 -0.3042 0)
(0.637 -0.3718 0)
(0.637 -0.4394 0)
(0.637 -0.507 0)
(0.637 -0.5746 0)
(0.637 -0.6422 0)
(0.637 -0.7098 0)
(0.637 -0.7774 0)
(0.637 -0.845 0)
(0.637 -0.9126 0)
(0.637 -0.9802 0)
(0.637 -1.0478 0)
(0.637 -1.1154 0)
(0.637 -1.183 0)
(0.637 -1.2506 0)
(0.637 -1.3182 0)
(0.637 -1.3858 0)
(0.637 -1.4534 0)
(0.637 -1.521 0)
(0.637 -1.5886 0)
(0.637 -1.6562 0)
(0.637 -1.7238 0)
(0.637 -1.7914 0)
(0.637 -1.859 0)
(0.637 -1.9266 0)
(0.637 -1.9942 0)
(0.637 -2.0618 0)
(0.637 -2.1294 0)
(0.637 -2.197 0)
(0.637 -2.2646 0)
(0.637 -2.3322 0)
(0.637 -2.3998 0)
(0.637 -2.4674 0)
(0.637 -2.535 0)
(0.637 -2.6026 0)
(0.637 -2.6702 0)
(0.637 -2.7378 0)
(0.637 -2.8054 0)
(0.637 -2.873 0)
(0.637 -2.9406 0)
(0.637 -3.0082 0)
(0.637 -3.0758 0)
(0.637 -3.1434 0)
(0.637 -3.211 0)
(0.637 -3.2786 0)
(0.637 -3.3462 0)
(0.71188 -0.0338 0)
(0.71188 -0.1014 0)
(0.71188 -0.169 0)
(0.71188 -0.2366 0)
(0.71188 -0.3042 0)
(0.71188 -0.3718 0)
(0.71188 -0.4394 0)
(0.71188 -0.507 0)
(0.71188 -0.5746 0)
(0.71188 -0.6422 0)
(0.71188 -0.7098 0)
(0.71188 -0.7774 0)
(0.71188 -0.845 0)
(0.71188 -0.9126 0)
(0.71188 -0.9802 0)
(0.71188 -1.0478 0)
(0.71188 -1.1154 0)
(0.71188 -1.183 0)
(0.71188 -1.2506 0)
(0.71188 -1.3182 0)
(0.71188 -1.3858 0)
(0.71188 -1.4534 0)
(0.71188 -1.521 0)
(0.71188 -1.5886 0)
(0.71188 -1.6562 0)
(0.71188 -1.7238 0)
(0.71188 -1.7914 0)
(0.71188 -1.859 0)
(0.71188 -1.9266 0)
(0.71188 -1.9942 0)
(0.71188 -2.0618 0)
(0.71188 -2.1294 0)
(0.71188 -2.197 0)
(0.71188 -2.2646 0)
(0.71188 -2.3322 0)
(0.71188 -2.3998 0)
(0.71188 -2.4674 0)
(0.71188 -2.535 0)
(0.71188 -2.6026 0)
(0.71188 -2.6702 0)
(0.71188 -2.7378 0)
(0.71188 -2.8054 0)
(0.71188 -2.873 0)
(0.71188 -2.9406 0)
(0.71188 -3.0082 0)
(0.71188 -3.0758 0)
(0.71188 -3.1434 0)
(0.71188 -3.211 0)
(0.71188 -3.2786 0)
(0.71188 -3.3462 0)
(0.79092 -0.0338 0)
(0.79092 -0.1014 0)
(0.79092 -0.169 0)
(0.79092 -0.2366 0)
(0.79092 -0.3042 0)
(0.79092 -0.3718 0)
(0.79092 -0.4394 0)
(0.79092 -0.507 0)
(0.79092 -0.5746 0)
(0.79092 -0.6422 0)
(0.79092 -0.7098 0)
(0.79092 -0.7774 0)
(0.79092 -0.845 0)
(0.79092 -0.9126 0)
(0.79092 -0.9802 0)
(0.79092 -1.0478 0)
(0.79092 -1.1154 0)
(0.79092 -1.183 0)
(0.79092 -1.2506 0)
(0.79092 -1.3182 0)
(0.79092 -1.3858 0)
(0.79092 -1.4534 0)
(0.79092 -1.521 0)
(0.79092 -1.5886 0)
(0.79092 -1.6562 0)
(0.79092 -1.7238 0)
(0.79092 -1.7914 0)
(0.79092 -1.859 0)
(0.79092 -1.9266 0)
(0.79092 -1.9942 0)
(0.79092 -2.0618 0)
(0.79092 -2.1294 0)
(0.79092 -2.197 0)
(0.79092 -2.2646 0)
(0.79092 -2.3322 0)
(0.79092 -2.3998 0)
(0.79092 -2.4674 0)
(0.79092 -2.535 0)
(0.79092 -2.6026 0)
(0.79092 -2.6702 0)
(0.79092 -2.7378 0)
(0.79092 -2.8054 0)
(0.79092 -2.873 0)
(0.79092 -2.9406 0)
(0.79092 -3.0082 0)
(0.79092 -3.0758 0)
(0.79092 -3.1434 0)
(0.79092 -3.211 0)
(0.79092 -3.2786 0)
(0.79092 -3.3462 0)
(0.87412 -0.0338 0)
(0.87412 -0.1014 0)
(0.87412 -0.169 0)
(0.87412 -0.2366 0)
(0.87412 -0.3042 0)
(0.87412 -0.3718 0)
(0.87412 -0.4394 0)
(0.87412 -0.507 0)
(0.87412 -0.5746 0)
(0.87412 -0.6422 0)
(0.87412 -0.7098 0)
(0.87412 -0.7774 0)
(0.87412 -0.845 0)
(0.87412 -0.9126 0)
(0.87412 -0.9802 0)
(0.87412 -1.0478 0)
(0.87412 -1.1154 0)
(0.87412 -1.183 0)
(0.87412 -1.2506 0)
(0.87412 -1.3182 0)
(0.87412 -1.3858 0)
(0.87412 -1.4534 0)
(0.87412 -1.521 0)
(0.87412 -1.5886 0)
(0.87412 -1.6562 0)
(0.87412 -1.7238 0)
(0.87412 -1.7914 0)
(0.87412 -1.859 0)
(0.87412 -1.9266 0)
(0.87412 -1.9942 0)
(0.87412 -2.0618 0)
(0.87412 -2.1294 0)
(0.87412 -2.197 0)
(0.87412 -2.2646 0)
(0.87412 -2.3322 0)
(0.87412 -2.3998 0)
(0.87412 -2.4674 0)
(0.87412 -2.535 0)
(0.87412 -2.6026 0)
(0.87412 -2.6702 0)
(0.87412 -2.7378 0)
(0.87412 -2.8054 0)
(0.87412 -2.873 0)
(0.87412 -2.9406 0)
(0.87412 -3.0082 0)
(0.87412 -3.0758 0)
(0.87412 -3.1434 0)
(0.87412 -3.211 0)
(0.87412 -3.2786 0)
(0.87412 -3.3462 0)
(0.96148 -0.0338 0)
(0.96148 -0.1014 0)
(0.96148 -0.169 0)
(0.96148 -0.2366 0)
(0.96148 -0.3042 0)
(0.96148 -0.3718 0)
(0.96148 -0.4394 0)
(0.96148 -0.507 0)
(0.96148 -0.5746 0)
(0.96148 -0.6422 0)
(0.96148 -0.7098 0)
(0.96148 -0.7774 0)
(0.96148 -0.845 0)
(0.96148 -0.9126 0)
(0.96148 -0.9802 0)
(0.96148 -1.0478 0)
(0.96148 -1.1154 0)
(0.96148 -1.183 0)
(0.96148 -1.2506 0)
(0.96148 -1.3182 0)
(0.96148 -1.3858 0)
(0.96148 -1.4534 0)
(0.96148 -1.521 0)
(0.96148 -1.5886 0)
(0.96148 -1.6562 0)
(0.96148 -1.7238 0)
(0.96148 -1.7914 0)
(0.96148 -1.859 0)
(0.96148 -1.9266 0)
(0.96148 -1.9942 0)
(0.96148 -2.0618 0)
(0.96148 -2.1294 0)
(0.96148 -2.197 0)
(0.96148 -2.2646 0)
(0.96148 -2.3322 0)
(0.96148 -2.3998 0)
(0.96148 -2.4674 0)
(0.96148 -2.535 0)
(0.96148 -2.6026 0)
(0.96148 -2.6702 0)
(0.96148 -2.7378 0)
(0.96148 -2.8054 0)
(0.96148 -2.873 0)
(0.96148 -2.9406 0)
(0.96148 -3.0082 0)
(0.96148 -3.0758 0)
(0.96148 -3.1434 0)
(0.96148 -3.211 0)
(0.96148 -3.2786 0)
(0.96148 -3.3462 0)
(1.053 -0.0338 0)
(1.053 -0.1014 0)
(1.053 -0.169 0)
(1.053 -0.2366 0)
(1.053 -0.3042 0)
(1.053 -0.3718 0)
(1.053 -0.4394 0)
(1.053 -0.507 0)
(1.053 -0.5746 0)
(1.053 -0.6422 0)
(1.053 -0.7098 0)
(1.053 -0.7774 0)
(1.053 -0.845 0)
(1.053 -0.9126 0)
(1.053 -0.9802 0)
(1.053 -1.0478 0)
(1.053 -1.1154 0)
(1.053 -1.183 0)
(1.053 -1.2506 0)
(1.053 -1.3182 0)
(1.053 -1.3858 0)
(1.053 -1.4534 0)
(1.053 -1.521 0)
(1.053 -1.5886 0)
(1.053 -1.6562 0)
(1.053 -1.7238 0)
(1.053 -1.7914 0)
(1.053 -1.859 0)
(1.053 -1.9266 0)
(1.053 -1.9942 0)
(1.053 -2.0618 0)
(1.053 -2.1294 0)
(1.053 -2.197 0)
(1.053 -2.2646 0)
(1.053 -2.3322 0)
(1.053 -2.3998 0)
(1.053 -2.4674 0)
(1.053 -2.535 0)
(1.053 -2.6026 0)
(1.053 -2.6702 0)
(1.053 -2.7378 0)
(1.053 -2.8054 0)
(1.053 -2.873 0)
(1.053 -2.9406 0)
(1.053 -3.0082 0)
(1.053 -3.0758 0)
(1.053 -3.1434 0)
(1.053 -3.211 0)
(1.053 -3.2786 0)
(1.053 -3.3462 0)
(1.14868 -0.0338 0)
(1.14868 -0.1014 0)
(1.14868 -0.169 0)
(1.14868 -0.2366 0)
(1.14868 -0.3042 0)
(1.14868 -0.3718 0)
(1.14868 -0.4394 0)
(1.14868 -0.507 0)
(1.14868 -0.5746 0)
(1.14868 -0.6422 0)
(1.14868 -0.7098 0)
(1.14868 -0.7774 0)
(1.14868 -0.845 0)
(1.14868 -0.9126 0)
(1.14868 -0.9802 0)
(1.14868 -1.0478 0)
(1.14868 -1.1154 0)
(1.14868 -1.183 0)
(1.14868 -1.2506 0)
(1.14868 -1.3182 0)
(1.14868 -1.3858 0)
(1.14868 -1.4534 0)
(1.14868 -1.521 0)
(1.14868 -1.5886 0)
(1.14868 -1.6562 0)
(1.14868 -1.7238 0)
(1.14868 -1.7914 0)
(1.14868 -1.859 0)
(1.14868 -1.9266 0)
(1.14868 -1.9942 0)
(1.14868 -2.0618 0)
(1.14868 -2.1294 0)
(1.14868 -2.197 0)
(1.14868 -2.2646 0)
(1.14868 -2.3322 0)
(1.14868 -2.3998 0)
(1.14868 -2.4674 0)
(1.14868 -2.535 0)
(1.14868 -2.6026 0)
(1.14868 -2.6702 0)
(1.14868 -2.7378 0)
(1.14868 -2.8054 0)
(1.14868 -2.873 0)
(1.14868 -2.9406 0)
(1.14868 -3.0082 0)
(1.14868 -3.0758 0)
(1.14868 -3.1434 0)
(1.14868 -3.211 0)
(1.14868 -3.2786 0)
(1.14868 -3.3462 0)
(1.24852 -0.0338 0)
(1.24852 -0.1014 0)
(1.24852 -0.169 0)
(1.24852 -0.2366 0)
(1.24852 -0.3042 0)
(1.24852 -0.3718 0)
(1.24852 -0.4394 0)
(1.24852 -0.507 0)
(1.24852 -0.5746 0)
(1.24852 -0.6422 0)
(1.24852 -0.7098 0)
(1.24852 -0.7774 0)
(1.24852 -0.845 0)
(1.24852 -0.9126 0)
(1.24852 -0.9802 0)
(1.24852 -1.0478 0)
(1.24852 -1.1154 0)
(1.24852 -1.183 0)
(1.24852 -1.2506 0)
(1.24852 -1.3182 0)
(1.24852 -1.3858 0)
(1.24852 -1.4534 0)
(1.24852 -1.521 0)
(1.24852 -1.5886 0)
(1.24852 -1.6562 0)
(1.24852 -1.7238 0)
(1.24852 -1.7914 0)
(1.24852 -1.859 0)
(1.24852 -1.9266 0)
(1.24852 -1.9942 0)
(1.24852 -2.0618 0)
(1.24852 -2.1294 0)
(1.24852 -2.197 0)
(1.24852 -2.2646 0)
(1.24852 -2.3322 0)
(1.24852 -2.3998 0)
(1.24852 -2.4674 0)
(1.24852 -2.535 0)
(1.24852 -2.6026 0)
(1.24852 -2.6702 0)
(1.24852 -2.7378 0)
(1.24852 -2.8054 0)
(1.24852 -2.873 0)
(1.24852 -2.9406 0)
(1.24852 -3.0082 0)
(1.24852 -3.0758 0)
(1.24852 -3.1434 0)
(1.24852 -3.211 0)
(1.24852 -3.2786 0)
(1.24852 -3.3462 0)
(1.35252 -0.0338 0)
(1.35252 -0.1014 0)
(1.35252 -0.169 0)
(1.35252 -0.2366 0)
(1.35252 -0.3042 0)
(1.35252 -0.3718 0)
(1.35252 -0.4394 0)
(1.35252 -0.507 0)
(1.35252 -0.5746 0)
(1.35252 -0.6422 0)
(1.35252 -0.7098 0)
(1.35252 -0.7774 0)
(1.35252 -0.845 0)
(1.35252 -0.9126 0)
(1.35252 -0.9802 0)
(1.35252 -1.0478 0)
(1.35252 -1.1154 0)
(1.35252 -1.183 0)
(1.35252 -1.2506 0)
(1.35252 -1.3182 0)
(1.35252 -1.3858 0)
(1.35252 -1.4534 0)
(1.35252 -1.521 0)
(1.35252 -1.5886 0)
(1.35252 -1.6562 0)
(1.35252 -1.7238 0)
(1.35252 -1.7914 0)
(1.35252 -1.859 0)
(1.35252 -1.9266 0)
(1.35252 -1.9942 0)
(1.35252 -2.0618 0)
(1.35252 -2.1294 0)
(1.35252 -2.197 0)
(1.35252 -2.2646 0)
(1.35252 -2.3322 0)
(1.35252 -2.3998 0)
(1.35252 -2.4674 0)
(1.35252 -2.535 0)
(1.35252 -2.6026 0)
(1.35252 -2.6702 0)
(1.35252 -2.7378 0)
(1.35252 -2.8054 0)
(1.35252 -2.873 0)
(1.35252 -2.9406 0)
(1.35252 -3.0082 0)
(1.35252 -3.0758 0)
(1.35252 -3.1434 0)
(1.35252 -3.211 0)
(1.35252 -3.2786 0)
(1.35252 -3.3462 0)
(1.46068 -0.0338 0)
(1.46068 -0.1014 0)
(1.46068 -0.169 0)
(1.46068 -0.2366 0)
(1.46068 -0.3042 0)
(1.46068 -0.3718 0)
(1.46068 -0.4394 0)
(1.46068 -0.507 0)
(1.46068 -0.5746 0)
(1.46068 -0.6422 0)
(1.46068 -0.7098 0)
(1.46068 -0.7774 0)
(1.46068 -0.845 0)
(1.46068 -0.9126 0)
(1.46068 -0.9802 0)
(1.46068 -1.0478 0)
(1.46068 -1.1154 0)
(1.46068 -1.183 0)
(1.46068 -1.2506 0)
(1.46068 -1.3182 0)
(1.46068 -1.3858 0)
(1.46068 -1.4534 0)
(1.46068 -1.521 0)
(1.46068 -1.5886 0)
(1.46068 -1.6562 0)
(1.46068 -1.7238 0)
(1.46068 -1.7914 0)
(1.46068 -1.859 0)
(1.46068 -1.9266 0)
(1.46068 -1.9942 0)
(1.46068 -2.0618 0)
(1.46068 -2.1294 0)
(1.46068 -2.197 0)
(1.46068 -2.2646 0)
(1.46068 -2.3322 0)
(1.46068 -2.3998 0)
(1.46068 -2.4674 0)
(1.46068 -2.535 0)
(1.46068 -2.6026 0)
(1.46068 -2.6702 0)
(1.46068 -2.7378 0)
(1.46068 -2.8054 0)
(1.46068 -2.873 0)
(1.46068 -2.9406 0)
(1.46068 -3.0082 0)
(1.46068 -3.0758 0)
(1.46068 -3.1434 0)
(1.46068 -3.211 0)
(1.46068 -3.2786 0)
(1.46068 -3.3462 0)
(1.573 -0.0338 0)
(1.573 -0.1014 0)
(1.573 -0.169 0)
(1.573 -0.2366 0)
(1.573 -0.3042 0)
(1.573 -0.3718 0)
(1.573 -0.4394 0)
(1.573 -0.507 0)
(1.573 -0.5746 0)
(1.573 -0.6422 0)
(1.573 -0.7098 0)
(1.573 -0.7774 0)
(1.573 -0.845 0)
(1.573 -0.9126 0)
(1.573 -0.9802 0)
(1.573 -1.0478 0)
(1.573 -1.1154 0)
(1.573 -1.183 0)
(1.573 -1.2506 0)
(1.573 -1.3182 0)
(1.573 -1.3858 0)
(1.573 -1.4534 0)
(1.573 -1.521 0)
(1.573 -1.5886 0)
(1.573 -1.6562 0)
(1.573 -1.7238 0)
(1.573 -1.7914 0)
(1.573 -1.859 0)
(1.573 -1.9266 0)
(1.573 -1.9942 0)
(1.573 -2.0618 0)
(1.573 -2.1294 0)
(1.573 -2.197 0)
(1.573 -2.2646 0)
(1.573 -2.3322 0)
(1.573 -2.3998 0)
(1.573 -2.4674 0)
(1.573 -2.535 0)
(1.573 -2.6026 0)
(1.573 -2.6702 0)
(1.573 -2.7378 0)
(1.573 -2.8054 0)
(1.573 -2.873 0)
(1.573 -2.9406 0)
(1.573 -3.0082 0)
(1.573 -3.0758 0)
(1.573 -3.1434 0)
(1.573 -3.211 0)
(1.573 -3.2786 0)
(1.573 -3.3462 0)
(1.68948 -0.0338 0)
(1.68948 -0.1014 0)
(1.68948 -0.169 0)
(1.68948 -0.2366 0)
(1.68948 -0.3042 0)
(1.68948 -0.3718 0)
(1.68948 -0.4394 0)
(1.68948 -0.507 0)
(1.68948 -0.5746 0)
(1.68948 -0.6422 0)
(1.68948 -0.7098 0)
(1.68948 -0.7774 0)
(1.68948 -0.845 0)
(1.68948 -0.9126 0)
(1.68948 -0.9802 0)
(1.68948 -1.0478 0)
(1.68948 -1.1154 0)
(1.68948 -1.183 0)
(1.68948 -1.2506 0)
(1.68948 -1.3182 0)
(1.68948 -1.3858 0)
(1.68948 -1.4534 0)
(1.68948 -1.521 0)
(1.68948 -1.5886 0)
(1.68948 -1.6562 0)
(1.68948 -1.7238 0)
(1.68948 -1.7914 0)
(1.68948 -1.859 0)
(1.68948 -1.9266 0)
(1.68948 -1.9942 0)
(1.68948 -2.0618 0)
(1.68948 -2.1294 0)
(1.68948 -2.197 0)
(1.68948 -2.2646 0)
(1.68948 -2.3322 0)
(1.68948 -2.3998 0)
(1.68948 -2.4674 0)
(1.68948 -2.535 0)
(1.68948 -2.6026 0)
(1.68948 -2.6702 0)
(1.68948 -2.7378 0)
(1.68948 -2.8054 0)
(1.68948 -2.873 0)
(1.68948 -2.9406 0)
(1.68948 -3.0082 0)
(1.68948 -3.0758 0)
(1.68948 -3.1434 0)
(1.68948 -3.211 0)
(1.68948 -3.2786 0)
(1.68948 -3.3462 0)
(1.81012 -0.0338 0)
(1.81012 -0.1014 0)
(1.81012 -0.169 0)
(1.81012 -0.2366 0)
(1.81012 -0.3042 0)
(1.81012 -0.3718 0)
(1.81012 -0.4394 0)
(1.81012 -0.507 0)
(1.81012 -0.5746 0)
(1.81012 -0.6422 0)
(1.81012 -0.7098 0)
(1.81012 -0.7774 0)
(1.81012 -0.845 0)
(1.81012 -0.9126 0)
(1.81012 -0.9802 0)
(1.81012 -1.0478 0)
(1.81012 -1.1154 0)
(1.81012 -1.183 0)
(1.81012 -1.2506 0)
(1.81012 -1.3182 0)
(1.81012 -1.3858 0)
(1.81012 -1.4534 0)
(1.81012 -1.521 0)
(1.81012 -1.5886 0)
(1.81012 -1.6562 0)
(1.81012 -1.7238 0)
(1.81012 -1.7914 0)
(1.81012 -1.859 0)
(1.81012 -1.9266 0)
(1.81012 -1.9942 0)
(1.81012 -2.0618 0)
(1.81012 -2.1294 0)
(1.81012 -2.197 0)
(1.81012 -2.2646 0)
(1.81012 -2.3322 0)
(1.81012 -2.3998 0)
(1.81012 -2.4674 0)
(1.81012 -2.535 0)
(1.81012 -2.6026 0)
(1.81012 -2.6702 0)
(1.81012 -2.7378 0)
(1.81012 -2.8054 0)
(1.81012 -2.873 0)
(1.81012 -2.9406 0)
(1.81012 -3.0082 0)
(1.81012 -3.0758 0)
(1.81012 -3.1434 0)
(1.81012 -3.211 0)
(1.81012 -3.2786 0)
(1.81012 -3.3462 0)
(1.93492 -0.0338 0)
(1.93492 -0.1014 0)
(1.93492 -0.169 0)
(1.93492 -0.2366 0)
(1.93492 -0.3042 0)
(1.93492 -0.3718 0)
(1.93492 -0.4394 0)
(1.93492 -0.507 0)
(1.93492 -0.5746 0)
(1.93492 -0.6422 0)
(1.93492 -0.7098 0)
(1.93492 -0.7774 0)
(1.93492 -0.845 0)
(1.93492 -0.9126 0)
(1.93492 -0.9802 0)
(1.93492 -1.0478 0)
(1.93492 -1.1154 0)
(1.93492 -1.183 0)
(1.93492 -1.2506 0)
(1.93492 -1.3182 0)
(1.93492 -1.3858 0)
(1.93492 -1.4534 0)
(1.93492 -1.521 0)
(1.93492 -1.5886 0)
(1.93492 -1.6562 0)
(1.93492 -1.7238 0)
(1.93492 -1.7914 0)
(1.93492 -1.859 0)
(1.93492 -1.9266 0)
(1.93492 -1.9942 0)
(1.93492 -2.0618 0)
(1.93492 -2.1294 0)
(1.93492 -2.197 0)
(1.93492 -2.2646 0)
(1.93492 -2.3322 0)
(1.93492 -2.3998 0)
(1.93492 -2.4674 0)
(1.93492 -2.535 0)
(1.93492 -2.6026 0)
(1.93492 -2.6702 0)
(1.93492 -2.7378 0)
(1.93492 -2.8054 0)
(1.93492 -2.873 0)
(1.93492 -2.9406 0)
(1.93492 -3.0082 0)
(1.93492 -3.0758 0)
(1.93492 -3.1434 0)
(1.93492 -3.211 0)
(1.93492 -3.2786 0)
(1.93492 -3.3462 0)
(2.06388 -0.0338 0)
(2.06388 -0.1014 0)
(2.06388 -0.169 0)
(2.06388 -0.2366 0)
(2.06388 -0.3042 0)
(2.06388 -0.3718 0)
(2.06388 -0.4394 0)
(2.06388 -0.507 0)
(2.06388 -0.5746 0)
(2.06388 -0.6422 0)
(2.06388 -0.7098 0)
(2.06388 -0.7774 0)
(2.06388 -0.845 0)
(2.06388 -0.9126 0)
(2.06388 -0.9802 0)
(2.06388 -1.0478 0)
(2.06388 -1.1154 0)
(2.06388 -1.183 0)
(2.06388 -1.2506 0)
(2.06388 -1.3182 0)
(2.06388 -1.3858 0)
(2.06388 -1.4534 0)
(2.06388 -1.521 0)
(2.06388 -1.5886 0)
(2.06388 -1.6562 0)
(2.06388 -1.7238 0)
(2.06388 -1.7914 0)
(2.06388 -1.859 0)
(2.06388 -1.9266 0)
(2.06388 -1.9942 0)
(2.06388 -2.0618 0)
(2.06388 -2.1294 0)
(2.06388 -2.197 0)
(2.06388 -2.2646 0)
(2.06388 -2.3322 0)
(2.06388 -2.3998 0)
(2.06388 -2.4674 0)
(2.06388 -2.535 0)
(2.06388 -2.6026 0)
(2.06388 -2.6702 0)
(2.06388 -2.7378 0)
(2.06388 -2.8054 0)
(2.06388 -2.873 0)
(2.06388 -2.9406 0)
(2.06388 -3.0082 0)
(2.06388 -3.0758 0)
(2.06388 -3.1434 0)
(2.06388 -3.211 0)
(2.06388 -3.2786 0)
(2.06388 -3.3462 0)
(2.197 -0.0338 0)
(2.197 -0.1014 0)
(2.197 -0.169 0)
(2.197 -0.2366 0)
(2.197 -0.3042 0)
(2.197 -0.3718 0)
(2.197 -0.4394 0)
(2.197 -0.507 0)
(2.197 -0.5746 0)
(2.197 -0.6422 0)
(2.197 -0.7098 0)
(2.197 -0.7774 0)
(2.197 -0.845 0)
(2.197 -0.9126 0)
(2.197 -0.9802 0)
(2.197 -1.0478 0)
(2.197 -1.1154 0)
(2.197 -1.183 0)
(2.197 -1.2506 0)
(2.197 -1.3182 0)
(2.197 -1.3858 0)
(2.197 -1.4534 0)
(2.197 -1.521 0)
(2.197 -1.5886 0)
(2.197 -1.6562 0)
(2.197 -1.7238 0)
(2.197 -1.7914 0)
(2.197 -1.859 0)
(2.197 -1.9266 0)
(2.197 -1.9942 0)
(2.197 -2.0618 0)
(2.197 -2.1294 0)
(2.197 -2.197 0)
(2.197 -2.2646 0)
(2.197 -2.3322 0)
(2.197 -2.3998 0)
(2.197 -2.4674 0)
(2.197 -2.535 0)
(2.197 -2.6026 0)
(2.197 -2.6702 0)
(2.197 -2.7378 0)
(2.197 -2.8054 0)
(2.197 -2.873 0)
(2.197 -2.9406 0)
(2.197 -3.0082 0)
(2.197 -3.0758 0)
(2.197 -3.1434 0)
(2.197 -3.211 0)
(2.197 -3.2786 0)
(2.197 -3.3462 0)
(2.33428 -0.0338 0)
(2.33428 -0.1014 0)
(2.33428 -0.169 0)
(2.33428 -0.2366 0)
(2.33428 -0.3042 0)
(2.33428 -0.3718 0)
(2.33428 -0.4394 0)
(2.33428 -0.507 0)
(2.33428 -0.5746 0)
(2.33428 -0.6422 0)
(2.33428 -0.7098 0)
(2.33428 -0.7774 0)
(2.33428 -0.845 0)
(2.33428 -0.9126 0)
(2.33428 -0.9802 0)
(2.33428 -1.0478 0)
(2.33428 -1.1154 0)
(2.33428 -1.183 0)
(2.33428 -1.2506 0)
(2.33428 -1.3182 0)
(2.33428 -1.3858 0)
(2.33428 -1.4534 0)
(2.33428 -1.521 0)
(2.33428 -1.5886 0)
(2.33428 -1.6562 0)
(2.33428 -1.7238 0)
(2.33428 -1.7914 0)
(2.33428 -1.859 0)
(2.33428 -1.9266 0)
(2.33428 -1.9942 0)
(2.33428 -2.0618 0)
(2.33428 -2.1294 0)
(2.33428 -2.197 0)
(2.33428 -2.2646 0)
(2.33428 -2.3322 0)
(2.33428 -2.3998 0)
(2.33428 -2.4674 0)
(2.33428 -2.535 0)
(2.33428 -2.6026 0)
(2.33428 -2.6702 0)
(2.33428 -2.7378 0)
(2.33428 -2.8054 0)
(2.33428 -2.873 0)
(2.33428 -2.9406 0)
(2.33428 -3.0082 0)
(2.33428 -3.0758 0)
(2.33428 -3.1434 0)
(2.33428 -3.211 0)
(2.33428 -3.2786 0)
(2.33428 -3.3462 0)
(2.47572 -0.0338 0)
(2.47572 -0.1014 0)
(2.47572 -0.169 0)
(2.47572 -0.2366 0)
(2.47572 -0.3042 0)
(2.47572 -0.3718 0)
(2.47572 -0.4394 0)
(2.47572 -0.507 0)
(2.47572 -0.5746 0)
(2.47572 -0.6422 0)
(2.47572 -0.7098 0)
(2.47572 -0.7774 0)
(2.47572 -0.845 0)
(2.47572 -0.9126 0)
(2.47572 -0.9802 0)
(2.47572 -1.0478 0)
(2.47572 -1.1154 0)
(2.47572 -1.183 0)
(2.47572 -1.2506 0)
(2.47572 -1.3182 0)
(2.47572 -1.3858 0)
(2.47572 -1.4534 0)
(2.47572 -1.521 0)
(2.47572 -1.5886 0)
(2.47572 -1.6562 0)
(2.47572 -1.7238 0)
(2.47572 -1.7914 0)
(2.47572 -1.859 0)
(2.47572 -1.9266 0)
(2.47572 -1.9942 0)
(2.47572 -2.0618 0)
(2.47572 -2.1294 0)
(2.47572 -2.197 0)
(2.47572 -2.2646 0)
(2.47572 -2.3322 0)
(2.47572 -2.3998 0)
(2.47572 -2.4674 0)
(2.47572 -2.535 0)
(2.47572 -2.6026 0)
(2.47572 -2.6702 0)
(2.47572 -2.7378 0)
(2.47572 -2.8054 0)
(2.47572 -2.873 0)
(2.47572 -2.9406 0)
(2.47572 -3.0082 0)
(2.47572 -3.0758 0)
(2.47572 -3.1434 0)
(2.47572 -3.211 0)
(2.47572 -3.2786 0)
(2.47572 -3.3462 0)
(2.62132 -0.0338 0)
(2.62132 -0.1014 0)
(2.62132 -0.169 0)
(2.62132 -0.2366 0)
(2.62132 -0.3042 0)
(2.62132 -0.3718 0)
(2.62132 -0.4394 0)
(2.62132 -0.507 0)
(2.62132 -0.5746 0)
(2.62132 -0.6422 0)
(2.62132 -0.7098 0)
(2.62132 -0.7774 0)
(2.62132 -0.845 0)
(2.62132 -0.9126 0)
(2.62132 -0.9802 0)
(2.62132 -1.0478 0)
(2.62132 -1.1154 0)
(2.62132 -1.183 0)
(2.62132 -1.2506 0)
(2.62132 -1.3182 0)
(2.62132 -1.3858 0)
(2.62132 -1.4534 0)
(2.62132 -1.521 0)
(2.62132 -1.5886 0)
(2.62132 -1.6562 0)
(2.62132 -1.7238 0)
(2.62132 -1.7914 0)
(2.62132 -1.859 0)
(2.62132 -1.9266 0)
(2.62132 -1.9942 0)
(2.62132 -2.0618 0)
(2.62132 -2.1294 0)
(2.62132 -2.197 0)
(2.62132 -2.2646 0)
(2.62132 -2.3322 0)
(2.62132 -2.3998 0)
(2.62132 -2.4674 0)
(2.62132 -2.535 0)
(2.62132 -2.6026 0)
(2.62132 -2.6702 0)
(2.62132 -2.7378 0)
(2.62132 -2.8054 0)
(2.62132 -2.873 0)
(2.62132 -2.9406 0)
(2.62132 -3.0082 0)
(2.62132 -3.0758 0)
(2.62132 -3.1434 0)
(2.62132 -3.211 0)
(2.62132 -3.2786 0)
(2.62132 -3.3462 0)
(2.77108 -0.0338 0)
(2.77108 -0.1014 0)
(2.77108 -0.169 0)
(2.77108 -0.2366 0)
(2.77108 -0.3042 0)
(2.77108 -0.3718 0)
(2.77108 -0.4394 0)
(2.77108 -0.507 0)
(2.77108 -0.5746 0)
(2.77108 -0.6422 0)
(2.77108 -0.7098 0)
(2.77108 -0.7774 0)
(2.77108 -0.845 0)
(2.77108 -0.9126 0)
(2.77108 -0.9802 0)
(2.77108 -1.0478 0)
(2.77108 -1.1154 0)
(2.77108 -1.183 0)
(2.77108 -1.2506 0)
(2.77108 -1.3182 0)
(2.77108 -1.3858 0)
(2.77108 -1.4534 0)
(2.77108 -1.521 0)
(2.77108 -1.5886 0)
(2.77108 -1.6562 0)
(2.77108 -1.7238 0)
(2.77108 -1.7914 0)
(2.77108 -1.859 0)
(2.77108 -1.9266 0)
(2.77108 -1.9942 0)
(2.77108 -2.0618 0)
(2.77108 -2.1294 0)
(2.77108 -2.197 0)
(2.77108 -2.2646 0)
(2.77108 -2.3322 0)
(2.77108 -2.3998 0)
(2.77108 -2.4674 0)
(2.77108 -2.535 0)
(2.77108 -2.6026 0)
(2.77108 -2.6702 0)
(2.77108 -2.7378 0)
(2.77108 -2.8054 0)
(2.77108 -2.873 0)
(2.77108 -2.9406 0)
(2.77108 -3.0082 0)
(2.77108 -3.0758 0)
(2.77108 -3.1434 0)
(2.77108 -3.211 0)
(2.77108 -3.2786 0)
(2.77108 -3.3462 0)
(2.925 -0.0338 0)
(2.925 -0.1014 0)
(2.925 -0.169 0)
(2.925 -0.2366 0)
(2.925 -0.3042 0)
(2.925 -0.3718 0)
(2.925 -0.4394 0)
(2.925 -0.507 0)
(2.925 -0.5746 0)
(2.925 -0.6422 0)
(2.925 -0.7098 0)
(2.925 -0.7774 0)
(2.925 -0.845 0)
(2.925 -0.9126 0)
(2.925 -0.9802 0)
(2.925 -1.0478 0)
(2.925 -1.1154 0)
(2.925 -1.183 0)
(2.925 -1.2506 0)
(2.925 -1.3182 0)
(2.925 -1.3858 0)
(2.925 -1.4534 0)
(2.925 -1.521 0)
(2.925 -1.5886 0)
(2.925 -1.6562 0)
(2.925 -1.7238 0)
(2.925 -1.7914 0)
(2.925 -1.859 0)
(2.925 -1.9266 0)
(2.925 -1.9942 0)
(2.925 -2.0618 0)
(2.925 -2.1294 0)
(2.925 -2.197 0)
(2.925 -2.2646 0)
(2.925 -2.3322 0)
(2.925 -2.3998 0)
(2.925 -2.4674 0)
(2.925 -2.535 0)
(2.925 -2.6026 0)
(2.925 -2.6702 0)
(2.925 -2.7378 0)
(2.925 -2.8054 0)
(2.925 -2.873 0)
(2.925 -2.9406 0)
(2.925 -3.0082 0)
(2.925 -3.0758 0)
(2.925 -3.1434 0)
(2.925 -3.211 0)
(2.925 -3.2786 0)
(2.925 -3.3462 0)
(3.08308 -0.0338 0)
(3.08308 -0.1014 0)
(3.08308 -0.169 0)
(3.08308 -0.2366 0)
(3.08308 -0.3042 0)
(3.08308 -0.3718 0)
(3.08308 -0.4394 0)
(3.08308 -0.507 0)
(3.08308 -0.5746 0)
(3.08308 -0.6422 0)
(3.08308 -0.7098 0)
(3.08308 -0.7774 0)
(3.08308 -0.845 0)
(3.08308 -0.9126 0)
(3.08308 -0.9802 0)
(3.08308 -1.0478 0)
(3.08308 -1.1154 0)
(3.08308 -1.183 0)
(3.08308 -1.2506 0)
(3.08308 -1.3182 0)
(3.08308 -1.3858 0)
(3.08308 -1.4534 0)
(3.08308 -1.521 0)
(3.08308 -1.5886 0)
(3.08308 -1.6562 0)
(3.08308 -1.7238 0)
(3.08308 -1.7914 0)
(3.08308 -1.859 0)
(3.08308 -1.9266 0)
(3.08308 -1.9942 0)
(3.08308 -2.0618 0)
(3.08308 -2.1294 0)
(3.08308 -2.197 0)
(3.08308 -2.2646 0)
(3.08308 -2.3322 0)
(3.08308 -2.3998 0)
(3.08308 -2.4674 0)
(3.08308 -2.535 0)
(3.08308 -2.6026 0)
(3.08308 -2.6702 0)
(3.08308 -2.7378 0)
(3.08308 -2.8054 0)
(3.08308 -2.873 0)
(3.08308 -2.9406 0)
(3.08308 -3.0082 0)
(3.08308 -3.0758 0)
(3.08308 -3.1434 0)
(3.08308 -3.211 0)
(3.08308 -3.2786 0)
(3.08308 -3.3462 0)
(3.24532 -0.0338 0)
(3.24532 -0.1014 0)
(3.24532 -0.169 0)
(3.24532 -0.2366 0)
(3.24532 -0.3042 0)
(3.24532 -0.3718 0)
(3.24532 -0.4394 0)
(3.24532 -0.507 0)
(3.24532 -0.5746 0)
(3.24532 -0.6422 0)
(3.24532 -0.7098 0)
(3.24532 -0.7774 0)
(3.24532 -0.845 0)
(3.24532 -0.9126 0)
(3.24532 -0.9802 0)
(3.24532 -1.0478 0)
(3.24532 -1.1154 0)
(3.24532 -1.183 0)
(3.24532 -1.2506 0)
(3.24532 -1.3182 0)
(3.24532 -1.3858 0)
(3.24532 -1.4534 0)
(3.24532 -1.521 0)
(3.24532 -1.5886 0)
(3.24532 -1.6562 0)
(3.24532 -1.7238 0)
(3.24532 -1.7914 0)
(3.24532 -1.859 0)
(3.24532 -1.9266 0)
(3.24532 -1.9942 0)
(3.24532 -2.0618 0)
(3.24532 -2.1294 0)
(3.24532 -2.197 0)
(3.24532 -2.2646 0)
(3.24532 -2.3322 0)
(3.24532 -2.3998 0)
(3.24532 -2.4674 0)
(3.24532 -2.535 0)
(3.24532 -2.6026 0)
(3.24532 -2.6702 0)
(3.24532 -2.7378 0)
(3.24532 -2.8054 0)
(3.24532 -2.873 0)
(3.24532 -2.9406 0)
(3.24532 -3.0082 0)
(3.24532 -3.0758 0)
(3.24532 -3.1434 0)
(3.24532 -3.211 0)
(3.24532 -3.2786 0)
(3.24532 -3.3462 0)
(3.41172 -0.0338 0)
(3.41172 -0.1014 0)
(3.41172 -0.169 0)
(3.41172 -0.2366 0)
(3.41172 -0.3042 0)
(3.41172 -0.3718 0)
(3.41172 -0.4394 0)
(3.41172 -0.507 0)
(3.41172 -0.5746 0)
(3.41172 -0.6422 0)
(3.41172 -0.7098 0)
(3.41172 -0.7774 0)
(3.41172 -0.845 0)
(3.41172 -0.9126 0)
(3.41172 -0.9802 0)
(3.41172 -1.0478 0)
(3.41172 -1.1154 0)
(3.41172 -1.183 0)
(3.41172 -1.2506 0)
(3.41172 -1.3182 0)
(3.41172 -1.3858 0)
(3.41172 -1.4534 0)
(3.41172 -1.521 0)
(3.41172 -1.5886 0)
(3.41172 -1.6562 0)
(3.41172 -1.7238 0)
(3.41172 -1.7914 0)
(3.41172 -1.859 0)
(3.41172 -1.9266 0)
(3.41172 -1.9942 0)
(3.41172 -2.0618 0)
(3.41172 -2.1294 0)
(3.41172 -2.197 0)
(3.41172 -2.2646 0)
(3.41172 -2.3322 0)
(3.41172 -2.3998 0)
(3.41172 -2.4674 0)
(3.41172 -2.535 0)
(3.41172 -2.6026 0)
(3.41172 -2.6702 0)
(3.41172 -2.7378 0)
(3.41172 -2.8054 0)
(3.41172 -2.873 0)
(3.41172 -2.9406 0)
(3.41172 -3.0082 0)
(3.41172 -3.0758 0)
(3.41172 -3.1434 0)
(3.41172 -3.211 0)
(3.41172 -3.2786 0)
(3.41172 -3.3462 0)
(3.58228 -0.0338 0)
(3.58228 -0.1014 0)
(3.58228 -0.169 0)
(3.58228 -0.2366 0)
(3.58228 -0.3042 0)
(3.58228 -0.3718 0)
(3.58228 -0.4394 0)
(3.58228 -0.507 0)
(3.58228 -0.5746 0)
(3.58228 -0.6422 0)
(3.58228 -0.7098 0)
(3.58228 -0.7774 0)
(3.58228 -0.845 0)
(3.58228 -0.9126 0)
(3.58228 -0.9802 0)
(3.58228 -1.0478 0)
(3.58228 -1.1154 0)
(3.58228 -1.183 0)
(3.58228 -1.2506 0)
(3.58228 -1.3182 0)
(3.58228 -1.3858 0)
(3.58228 -1.4534 0)
(3.58228 -1.521 0)
(3.58228 -1.5886 0)
(3.58228 -1.6562 0)
(3.58228 -1.7238 0)
(3.58228 -1.7914 0)
(3.58228 -1.859 0)
(3.58228 -1.9266 0)
(3.58228 -1.9942 0)
(3.58228 -2.0618 0)
(3.58228 -2.1294 0)
(3.58228 -2.197 0)
(3.58228 -2.2646 0)
(3.58228 -2.3322 0)
(3.58228 -2.3998 0)
(3.58228 -2.4674 0)
(3.58228 -2.535 0)
(3.58228 -2.6026 0)
(3.58228 -2.6702 0)
(3.58228 -2.7378 0)
(3.58228 -2.8054 0)
(3.58228 -2.873 0)
(3.58228 -2.9406 0)
(3.58228 -3.0082 0)
(3.58228 -3.0758 0)
(3.58228 -3.1434 0)
(3.58228 -3.211 0)
(3.58228 -3.2786 0)
(3.58228 -3.3462 0)
(3.757 -0.0338 0)
(3.757 -0.1014 0)
(3.757 -0.169 0)
(3.757 -0.2366 0)
(3.757 -0.3042 0)
(3.757 -0.3718 0)
(3.757 -0.4394 0)
(3.757 -0.507 0)
(3.757 -0.5746 0)
(3.757 -0.6422 0)
(3.757 -0.7098 0)
(3.757 -0.7774 0)
(3.757 -0.845 0)
(3.757 -0.9126 0)
(3.757 -0.9802 0)
(3.757 -1.0478 0)
(3.757 -1.1154 0)
(3.757 -1.183 0)
(3.757 -1.2506 0)
(3.757 -1.3182 0)
(3.757 -1.3858 0)
(3.757 -1.4534 0)
(3.757 -1.521 0)
(3.757 -1.5886 0)
(3.757 -1.6562 0)
(3.757 -1.7238 0)
(3.757 -1.7914 0)
(3.757 -1.859 0)
(3.757 -1.9266 0)
(3.757 -1.9942 0)
(3.757 -2.0618 0)
(3.757 -2.1294 0)
(3.757 -2.197 0)
(3.757 -2.2646 0)
(3.757 -2.3322 0)
(3.757 -2.3998 0)
(3.757 -2.4674 0)
(3.757 -2.535 0)
(3.757 -2.6026 0)
(3.757 -2.6702 0)
(3.757 -2.7378 0)
(3.757 -2.8054 0)
(3.757 -2.873 0)
(3.757 -2.9406 0)
(3.757 -3.0082 0)
(3.757 -3.0758 0)
(3.757 -3.1434 0)
(3.757 -3.211 0)
(3.757 -3.2786 0)
(3.757 -3.3462 0)
(3.93588 -0.0338 0)
(3.93588 -0.1014 0)
(3.93588 -0.169 0)
(3.93588 -0.2366 0)
(3.93588 -0.3042 0)
(3.93588 -0.3718 0)
(3.93588 -0.4394 0)
(3.93588 -0.507 0)
(3.93588 -0.5746 0)
(3.93588 -0.6422 0)
(3.93588 -0.7098 0)
(3.93588 -0.7774 0)
(3.93588 -0.845 0)
(3.93588 -0.9126 0)
(3.93588 -0.9802 0)
(3.93588 -1.0478 0)
(3.93588 -1.1154 0)
(3.93588 -1.183 0)
(3.93588 -1.2506 0)
(3.93588 -1.3182 0)
(3.93588 -1.3858 0)
(3.93588 -1.4534 0)
(3.93588 -1.521 0)
(3.93588 -1.5886 0)
(3.93588 -1.6562 0)
(3.93588 -1.7238 0)
(3.93588 -1.7914 0)
(3.93588 -1.859 0)
(3.93588 -1.9266 0)
(3.93588 -1.9942 0)
(3.93588 -2.0618 0)
(3.93588 -2.1294 0)
(3.93588 -2.197 0)
(3.93588 -2.2646 0)
(3.93588 -2.3322 0)
(3.93588 -2.3998 0)
(3.93588 -2.4674 0)
(3.93588 -2.535 0)
(3.93588 -2.6026 0)
(3.93588 -2.6702 0)
(3.93588 -2.7378 0)
(3.93588 -2.8054 0)
(3.93588 -2.873 0)
(3.93588 -2.9406 0)
(3.93588 -3.0082 0)
(3.93588 -3.0758 0)
(3.93588 -3.1434 0)
(3.93588 -3.211 0)
(3.93588 -3.2786 0)
(3.93588 -3.3462 0)
(4.11892 -0.0338 0)
(4.11892 -0.1014 0)
(4.11892 -0.169 0)
(4.11892 -0.2366 0)
(4.11892 -0.3042 0)
(4.11892 -0.3718 0)
(4.11892 -0.4394 0)
(4.11892 -0.507 0)
(4.11892 -0.5746 0)
(4.11892 -0.6422 0)
(4.11892 -0.7098 0)
(4.11892 -0.7774 0)
(4.11892 -0.845 0)
(4.11892 -0.9126 0)
(4.11892 -0.9802 0)
(4.11892 -1.0478 0)
(4.11892 -1.1154 0)
(4.11892 -1.183 0)
(4.11892 -1.2506 0)
(4.11892 -1.3182 0)
(4.11892 -1.3858 0)
(4.11892 -1.4534 0)
(4.11892 -1.521 0)
(4.11892 -1.5886 0)
(4.11892 -1.6562 0)
(4.11892 -1.7238 0)
(4.11892 -1.7914 0)
(4.11892 -1.859 0)
(4.11892 -1.9266 0)
(4.11892 -1.9942 0)
(4.11892 -2.0618 0)
(4.11892 -2.1294 0)
(4.11892 -2.197 0)
(4.11892 -2.2646 0)
(4.11892 -2.3322 0)
(4.11892 -2.3998 0)
(4.11892 -2.4674 0)
(4.11892 -2.535 0)
(4.11892 -2.6026 0)
(4.11892 -2.6702 0)
(4.11892 -2.7378 0)
(4.11892 -2.8054 0)
(4.11892 -2.873 0)
(4.11892 -2.9406 0)
(4.11892 -3.0082 0)
(4.11892 -3.0758 0)
(4.11892 -3.1434 0)
(4.11892 -3.211 0)
(4.11892 -3.2786 0)
(4.11892 -3.3462 0)
(4.30612 -0.0338 0)
(4.30612 -0.1014 0)
(4.30612 -0.169 0)
(4.30612 -0.2366 0)
(4.30612 -0.3042 0)
(4.30612 -0.3718 0)
(4.30612 -0.4394 0)
(4.30612 -0.507 0)
(4.30612 -0.5746 0)
(4.30612 -0.6422 0)
(4.30612 -0.7098 0)
(4.30612 -0.7774 0)
(4.30612 -0.845 0)
(4.30612 -0.9126 0)
(4.30612 -0.9802 0)
(4.30612 -1.0478 0)
(4.30612 -1.1154 0)
(4.30612 -1.183 0)
(4.30612 -1.2506 0)
(4.30612 -1.3182 0)
(4.30612 -1.3858 0)
(4.30612 -1.4534 0)
(4.30612 -1.521 0)
(4.30612 -1.5886 0)
(4.30612 -1.6562 0)
(4.30612 -1.7238 0)
(4.30612 -1.7914 0)
(4.30612 -1.859 0)
(4.30612 -1.9266 0)
(4.30612 -1.9942 0)
(4.30612 -2.0618 0)
(4.30612 -2.1294 0)
(4.30612 -2.197 0)
(4.30612 -2.2646 0)
(4.30612 -2.3322 0)
(4.30612 -2.3998 0)
(4.30612 -2.4674 0)
(4.30612 -2.535 0)
(4.30612 -2.6026 0)
(4.30612 -2.6702 0)
(4.30612 -2.7378 0)
(4.30612 -2.8054 0)
(4.30612 -2.873 0)
(4.30612 -2.9406 0)
(4.30612 -3.0082 0)
(4.30612 -3.0758 0)
(4.30612 -3.1434 0)
(4.30612 -3.211 0)
(4.30612 -3.2786 0)
(4.30612 -3.3462 0)
(4.49748 -0.0338 0)
(4.49748 -0.1014 0)
(4.49748 -0.169 0)
(4.49748 -0.2366 0)
(4.49748 -0.3042 0)
(4.49748 -0.3718 0)
(4.49748 -0.4394 0)
(4.49748 -0.507 0)
(4.49748 -0.5746 0)
(4.49748 -0.6422 0)
(4.49748 -0.7098 0)
(4.49748 -0.7774 0)
(4.49748 -0.845 0)
(4.49748 -0.9126 0)
(4.49748 -0.9802 0)
(4.49748 -1.0478 0)
(4.49748 -1.1154 0)
(4.49748 -1.183 0)
(4.49748 -1.2506 0)
(4.49748 -1.3182 0)
(4.49748 -1.3858 0)
(4.49748 -1.4534 0)
(4.49748 -1.521 0)
(4.49748 -1.5886 0)
(4.49748 -1.6562 0)
(4.49748 -1.7238 0)
(4.49748 -1.7914 0)
(4.49748 -1.859 0)
(4.49748 -1.9266 0)
(4.49748 -1.9942 0)
(4.49748 -2.0618 0)
(4.49748 -2.1294 0)
(4.49748 -2.197 0)
(4.49748 -2.2646 0)
(4.49748 -2.3322 0)
(4.49748 -2.3998 0)
(4.49748 -2.4674 0)
(4.49748 -2.535 0)
(4.49748 -2.6026 0)
(4.49748 -2.6702 0)
(4.49748 -2.7378 0)
(4.49748 -2.8054 0)
(4.49748 -2.873 0)
(4.49748 -2.9406 0)
(4.49748 -3.0082 0)
(4.49748 -3.0758 0)
(4.49748 -3.1434 0)
(4.49748 -3.211 0)
(4.49748 -3.2786 0)
(4.49748 -3.3462 0)
(4.693 -0.0338 0)
(4.693 -0.1014 0)
(4.693 -0.169 0)
(4.693 -0.2366 0)
(4.693 -0.3042 0)
(4.693 -0.3718 0)
(4.693 -0.4394 0)
(4.693 -0.507 0)
(4.693 -0.5746 0)
(4.693 -0.6422 0)
(4.693 -0.7098 0)
(4.693 -0.7774 0)
(4.693 -0.845 0)
(4.693 -0.9126 0)
(4.693 -0.9802 0)
(4.693 -1.0478 0)
(4.693 -1.1154 0)
(4.693 -1.183 0)
(4.693 -1.2506 0)
(4.693 -1.3182 0)
(4.693 -1.3858 0)
(4.693 -1.4534 0)
(4.693 -1.521 0)
(4.693 -1.5886 0)
(4.693 -1.6562 0)
(4.693 -1.7238 0)
(4.693 -1.7914 0)
(4.693 -1.859 0)
(4.693 -1.9266 0)
(4.693 -1.9942 0)
(4.693 -2.0618 0)
(4.693 -2.1294 0)
(4.693 -2.197 0)
(4.693 -2.2646 0)
(4.693 -2.3322 0)
(4.693 -2.3998 0)
(4.693 -2.4674 0)
(4.693 -2.535 0)
(4.693 -2.6026 0)
(4.693 -2.6702 0)
(4.693 -2.7378 0)
(4.693 -2.8054 0)
(4.693 -2.873 0)
(4.693 -2.9406 0)
(4.693 -3.0082 0)
(4.693 -3.0758 0)
(4.693 -3.1434 0)
(4.693 -3.211 0)
(4.693 -3.2786 0)
(4.693 -3.3462 0)
(4.89268 -0.0338 0)
(4.89268 -0.1014 0)
(4.89268 -0.169 0)
(4.89268 -0.2366 0)
(4.89268 -0.3042 0)
(4.89268 -0.3718 0)
(4.89268 -0.4394 0)
(4.89268 -0.507 0)
(4.89268 -0.5746 0)
(4.89268 -0.6422 0)
(4.89268 -0.7098 0)
(4.89268 -0.7774 0)
(4.89268 -0.845 0)
(4.89268 -0.9126 0)
(4.89268 -0.9802 0)
(4.89268 -1.0478 0)
(4.89268 -1.1154 0)
(4.89268 -1.183 0)
(4.89268 -1.2506 0)
(4.89268 -1.3182 0)
(4.89268 -1.3858 0)
(4.89268 -1.4534 0)
(4.89268 -1.521 0)
(4.89268 -1.5886 0)
(4.89268 -1.6562 0)
(4.89268 -1.7238 0)
(4.89268 -1.7914 0)
(4.89268 -1.859 0)
(4.89268 -1.9266 0)
(4.89268 -1.9942 0)
(4.89268 -2.0618 0)
(4.89268 -2.1294 0)
(4.89268 -2.197 0)
(4.89268 -2.2646 0)
(4.89268 -2.3322 0)
(4.89268 -2.3998 0)
(4.89268 -2.4674 0)
(4.89268 -2.535 0)
(4.89268 -2.6026 0)
(4.89268 -2.6702 0)
(4.89268 -2.7378 0)
(4.89268 -2.8054 0)
(4.89268 -2.873 0)
(4.89268 -2.9406 0)
(4.89268 -3.0082 0)
(4.89268 -3.0758 0)
(4.89268 -3.1434 0)
(4.89268 -3.211 0)
(4.89268 -3.2786 0)
(4.89268 -3.3462 0)
(5.09652 -0.0338 0)
(5.09652 -0.1014 0)
(5.09652 -0.169 0)
(5.09652 -0.2366 0)
(5.09652 -0.3042 0)
(5.09652 -0.3718 0)
(5.09652 -0.4394 0)
(5.09652 -0.507 0)
(5.09652 -0.5746 0)
(5.09652 -0.6422 0)
(5.09652 -0.7098 0)
(5.09652 -0.7774 0)
(5.09652 -0.845 0)
(5.09652 -0.9126 0)
(5.09652 -0.9802 0)
(5.09652 -1.0478 0)
(5.09652 -1.1154 0)
(5.09652 -1.183 0)
(5.09652 -1.2506 0)
(5.09652 -1.3182 0)
(5.09652 -1.3858 0)
(5.09652 -1.4534 0)
(5.09652 -1.521 0)
(5.09652 -1.5886 0)
(5.09652 -1.6562 0)
(5.09652 -1.7238 0)
(5.09652 -1.7914 0)
(5.09652 -1.859 0)
(5.09652 -1.9266 0)
(5.09652 -1.9942 0)
(5.09652 -2.0618 0)
(5.09652 -2.1294 0)
(5.09652 -2.197 0)
(5.09652 -2.2646 0)
(5.09652 -2.3322 0)
(5.09652 -2.3998 0)
(5.09652 -2.4674 0)
(5.09652 -2.535 0)
(5.09652 -2.6026 0)
(5.09652 -2.6702 0)
(5.09652 -2.7378 0)
(5.09652 -2.8054 0)
(5.09652 -2.873 0)
(5.09652 -2.9406 0)
(5.09652 -3.0082 0)
(5.09652 -3.0758 0)
(5.09652 -3.1434 0)
(5.09652 -3.211 0)
(5.09652 -3.2786 0)
(5.09652 -3.3462 0)
)
;

boundaryField
{
    movingWall
    {
        type            calculated;
        value           uniform (0.8 -0.8 0);
    }
    fixedWalls
    {
        type            calculated;
        value           uniform (0.8 -0.8 0);
    }
    frontAndBack
    {
        type            empty;
    }
}

