/*--------------------------------*- C++ -*----------------------------------*\
| =========                 |                                                 |
| \\      /  F ield         | OpenFOAM: The Open Source CFD Toolbox           |
|  \\    /   O peration     | Version:  v2006                                 |
|   \\  /    A nd           | Website:  www.openfoam.com                      |
|    \\/     M anipulation  |                                                 |
\*---------------------------------------------------------------------------*/
FoamFile
{
    version     2.0;
    format      ascii;
    class       volVectorField;
    location    "0";
    object      U_new;
}
// * * * * * * * * * * * * * * * * * * * * * * * * * * * * * * * * * * * * * //

dimensions      [0 1 -1 0 0 0 0];


internalField   nonuniform List<vector> 
2500
(
(0.000568 -0.040328 0)
(0.000568 -0.120984 0)
(0.000568 -0.20164 0)
(0.000568 -0.282296 0)
(0.000568 -0.362952 0)
(0.000568 -0.443608 0)
(0.000568 -0.524264 0)
(0.000568 -0.60492 0)
(0.000568 -0.685576 0)
(0.000568 -0.766232 0)
(0.000568 -0.846888 0)
(0.000568 -0.927544 0)
(0.000568 -1.0082 0)
(0.000568 -1.08886 0)
(0.000568 -1.16951 0)
(0.000568 -1.25017 0)
(0.000568 -1.33082 0)
(0.000568 -1.41148 0)
(0.000568 -1.49214 0)
(0.000568 -1.57279 0)
(0.000568 -1.65345 0)
(0.000568 -1.7341 0)
(0.000568 -1.81476 0)
(0.000568 -1.89542 0)
(0.000568 -1.97607 0)
(0.000568 -2.05673 0)
(0.000568 -2.13738 0)
(0.000568 -2.21804 0)
(0.000568 -2.2987 0)
(0.000568 -2.37935 0)
(0.000568 -2.46001 0)
(0.000568 -2.54066 0)
(0.000568 -2.62132 0)
(0.000568 -2.70198 0)
(0.000568 -2.78263 0)
(0.000568 -2.86329 0)
(0.000568 -2.94394 0)
(0.000568 -3.0246 0)
(0.000568 -3.10526 0)
(0.000568 -3.18591 0)
(0.000568 -3.26657 0)
(0.000568 -3.34722 0)
(0.000568 -3.42788 0)
(0.000568 -3.50854 0)
(0.000568 -3.58919 0)
(0.000568 -3.66985 0)
(0.000568 -3.7505 0)
(0.000568 -3.83116 0)
(0.000568 -3.91182 0)
(0.000568 -3.99247 0)
(0.005112 -0.040328 0)
(0.005112 -0.120984 0)
(0.005112 -0.20164 0)
(0.005112 -0.282296 0)
(0.005112 -0.362952 0)
(0.005112 -0.443608 0)
(0.005112 -0.524264 0)
(0.005112 -0.60492 0)
(0.005112 -0.685576 0)
(0.005112 -0.766232 0)
(0.005112 -0.846888 0)
(0.005112 -0.927544 0)
(0.005112 -1.0082 0)
(0.005112 -1.08886 0)
(0.005112 -1.16951 0)
(0.005112 -1.25017 0)
(0.005112 -1.33082 0)
(0.005112 -1.41148 0)
(0.005112 -1.49214 0)
(0.005112 -1.57279 0)
(0.005112 -1.65345 0)
(0.005112 -1.7341 0)
(0.005112 -1.81476 0)
(0.005112 -1.89542 0)
(0.005112 -1.97607 0)
(0.005112 -2.05673 0)
(0.005112 -2.13738 0)
(0.005112 -2.21804 0)
(0.005112 -2.2987 0)
(0.005112 -2.37935 0)
(0.005112 -2.46001 0)
(0.005112 -2.54066 0)
(0.005112 -2.62132 0)
(0.005112 -2.70198 0)
(0.005112 -2.78263 0)
(0.005112 -2.86329 0)
(0.005112 -2.94394 0)
(0.005112 -3.0246 0)
(0.005112 -3.10526 0)
(0.005112 -3.18591 0)
(0.005112 -3.26657 0)
(0.005112 -3.34722 0)
(0.005112 -3.42788 0)
(0.005112 -3.50854 0)
(0.005112 -3.58919 0)
(0.005112 -3.66985 0)
(0.005112 -3.7505 0)
(0.005112 -3.83116 0)
(0.005112 -3.91182 0)
(0.005112 -3.99247 0)
(0.0142 -0.040328 0)
(0.0142 -0.120984 0)
(0.0142 -0.20164 0)
(0.0142 -0.282296 0)
(0.0142 -0.362952 0)
(0.0142 -0.443608 0)
(0.0142 -0.524264 0)
(0.0142 -0.60492 0)
(0.0142 -0.685576 0)
(0.0142 -0.766232 0)
(0.0142 -0.846888 0)
(0.0142 -0.927544 0)
(0.0142 -1.0082 0)
(0.0142 -1.08886 0)
(0.0142 -1.16951 0)
(0.0142 -1.25017 0)
(0.0142 -1.33082 0)
(0.0142 -1.41148 0)
(0.0142 -1.49214 0)
(0.0142 -1.57279 0)
(0.0142 -1.65345 0)
(0.0142 -1.7341 0)
(0.0142 -1.81476 0)
(0.0142 -1.89542 0)
(0.0142 -1.97607 0)
(0.0142 -2.05673 0)
(0.0142 -2.13738 0)
(0.0142 -2.21804 0)
(0.0142 -2.2987 0)
(0.0142 -2.37935 0)
(0.0142 -2.46001 0)
(0.0142 -2.54066 0)
(0.0142 -2.62132 0)
(0.0142 -2.70198 0)
(0.0142 -2.78263 0)
(0.0142 -2.86329 0)
(0.0142 -2.94394 0)
(0.0142 -3.0246 0)
(0.0142 -3.10526 0)
(0.0142 -3.18591 0)
(0.0142 -3.26657 0)
(0.0142 -3.34722 0)
(0.0142 -3.42788 0)
(0.0142 -3.50854 0)
(0.0142 -3.58919 0)
(0.0142 -3.66985 0)
(0.0142 -3.7505 0)
(0.0142 -3.83116 0)
(0.0142 -3.91182 0)
(0.0142 -3.99247 0)
(0.027832 -0.040328 0)
(0.027832 -0.120984 0)
(0.027832 -0.20164 0)
(0.027832 -0.282296 0)
(0.027832 -0.362952 0)
(0.027832 -0.443608 0)
(0.027832 -0.524264 0)
(0.027832 -0.60492 0)
(0.027832 -0.685576 0)
(0.027832 -0.766232 0)
(0.027832 -0.846888 0)
(0.027832 -0.927544 0)
(0.027832 -1.0082 0)
(0.027832 -1.08886 0)
(0.027832 -1.16951 0)
(0.027832 -1.25017 0)
(0.027832 -1.33082 0)
(0.027832 -1.41148 0)
(0.027832 -1.49214 0)
(0.027832 -1.57279 0)
(0.027832 -1.65345 0)
(0.027832 -1.7341 0)
(0.027832 -1.81476 0)
(0.027832 -1.89542 0)
(0.027832 -1.97607 0)
(0.027832 -2.05673 0)
(0.027832 -2.13738 0)
(0.027832 -2.21804 0)
(0.027832 -2.2987 0)
(0.027832 -2.37935 0)
(0.027832 -2.46001 0)
(0.027832 -2.54066 0)
(0.027832 -2.62132 0)
(0.027832 -2.70198 0)
(0.027832 -2.78263 0)
(0.027832 -2.86329 0)
(0.027832 -2.94394 0)
(0.027832 -3.0246 0)
(0.027832 -3.10526 0)
(0.027832 -3.18591 0)
(0.027832 -3.26657 0)
(0.027832 -3.34722 0)
(0.027832 -3.42788 0)
(0.027832 -3.50854 0)
(0.027832 -3.58919 0)
(0.027832 -3.66985 0)
(0.027832 -3.7505 0)
(0.027832 -3.83116 0)
(0.027832 -3.91182 0)
(0.027832 -3.99247 0)
(0.046008 -0.040328 0)
(0.046008 -0.120984 0)
(0.046008 -0.20164 0)
(0.046008 -0.282296 0)
(0.046008 -0.362952 0)
(0.046008 -0.443608 0)
(0.046008 -0.524264 0)
(0.046008 -0.60492 0)
(0.046008 -0.685576 0)
(0.046008 -0.766232 0)
(0.046008 -0.846888 0)
(0.046008 -0.927544 0)
(0.046008 -1.0082 0)
(0.046008 -1.08886 0)
(0.046008 -1.16951 0)
(0.046008 -1.25017 0)
(0.046008 -1.33082 0)
(0.046008 -1.41148 0)
(0.046008 -1.49214 0)
(0.046008 -1.57279 0)
(0.046008 -1.65345 0)
(0.046008 -1.7341 0)
(0.046008 -1.81476 0)
(0.046008 -1.89542 0)
(0.046008 -1.97607 0)
(0.046008 -2.05673 0)
(0.046008 -2.13738 0)
(0.046008 -2.21804 0)
(0.046008 -2.2987 0)
(0.046008 -2.37935 0)
(0.046008 -2.46001 0)
(0.046008 -2.54066 0)
(0.046008 -2.62132 0)
(0.046008 -2.70198 0)
(0.046008 -2.78263 0)
(0.046008 -2.86329 0)
(0.046008 -2.94394 0)
(0.046008 -3.0246 0)
(0.046008 -3.10526 0)
(0.046008 -3.18591 0)
(0.046008 -3.26657 0)
(0.046008 -3.34722 0)
(0.046008 -3.42788 0)
(0.046008 -3.50854 0)
(0.046008 -3.58919 0)
(0.046008 -3.66985 0)
(0.046008 -3.7505 0)
(0.046008 -3.83116 0)
(0.046008 -3.91182 0)
(0.046008 -3.99247 0)
(0.068728 -0.040328 0)
(0.068728 -0.120984 0)
(0.068728 -0.20164 0)
(0.068728 -0.282296 0)
(0.068728 -0.362952 0)
(0.068728 -0.443608 0)
(0.068728 -0.524264 0)
(0.068728 -0.60492 0)
(0.068728 -0.685576 0)
(0.068728 -0.766232 0)
(0.068728 -0.846888 0)
(0.068728 -0.927544 0)
(0.068728 -1.0082 0)
(0.068728 -1.08886 0)
(0.068728 -1.16951 0)
(0.068728 -1.25017 0)
(0.068728 -1.33082 0)
(0.068728 -1.41148 0)
(0.068728 -1.49214 0)
(0.068728 -1.57279 0)
(0.068728 -1.65345 0)
(0.068728 -1.7341 0)
(0.068728 -1.81476 0)
(0.068728 -1.89542 0)
(0.068728 -1.97607 0)
(0.068728 -2.05673 0)
(0.068728 -2.13738 0)
(0.068728 -2.21804 0)
(0.068728 -2.2987 0)
(0.068728 -2.37935 0)
(0.068728 -2.46001 0)
(0.068728 -2.54066 0)
(0.068728 -2.62132 0)
(0.068728 -2.70198 0)
(0.068728 -2.78263 0)
(0.068728 -2.86329 0)
(0.068728 -2.94394 0)
(0.068728 -3.0246 0)
(0.068728 -3.10526 0)
(0.068728 -3.18591 0)
(0.068728 -3.26657 0)
(0.068728 -3.34722 0)
(0.068728 -3.42788 0)
(0.068728 -3.50854 0)
(0.068728 -3.58919 0)
(0.068728 -3.66985 0)
(0.068728 -3.7505 0)
(0.068728 -3.83116 0)
(0.068728 -3.91182 0)
(0.068728 -3.99247 0)
(0.095992 -0.040328 0)
(0.095992 -0.120984 0)
(0.095992 -0.20164 0)
(0.095992 -0.282296 0)
(0.095992 -0.362952 0)
(0.095992 -0.443608 0)
(0.095992 -0.524264 0)
(0.095992 -0.60492 0)
(0.095992 -0.685576 0)
(0.095992 -0.766232 0)
(0.095992 -0.846888 0)
(0.095992 -0.927544 0)
(0.095992 -1.0082 0)
(0.095992 -1.08886 0)
(0.095992 -1.16951 0)
(0.095992 -1.25017 0)
(0.095992 -1.33082 0)
(0.095992 -1.41148 0)
(0.095992 -1.49214 0)
(0.095992 -1.57279 0)
(0.095992 -1.65345 0)
(0.095992 -1.7341 0)
(0.095992 -1.81476 0)
(0.095992 -1.89542 0)
(0.095992 -1.97607 0)
(0.095992 -2.05673 0)
(0.095992 -2.13738 0)
(0.095992 -2.21804 0)
(0.095992 -2.2987 0)
(0.095992 -2.37935 0)
(0.095992 -2.46001 0)
(0.095992 -2.54066 0)
(0.095992 -2.62132 0)
(0.095992 -2.70198 0)
(0.095992 -2.78263 0)
(0.095992 -2.86329 0)
(0.095992 -2.94394 0)
(0.095992 -3.0246 0)
(0.095992 -3.10526 0)
(0.095992 -3.18591 0)
(0.095992 -3.26657 0)
(0.095992 -3.34722 0)
(0.095992 -3.42788 0)
(0.095992 -3.50854 0)
(0.095992 -3.58919 0)
(0.095992 -3.66985 0)
(0.095992 -3.7505 0)
(0.095992 -3.83116 0)
(0.095992 -3.91182 0)
(0.095992 -3.99247 0)
(0.1278 -0.040328 0)
(0.1278 -0.120984 0)
(0.1278 -0.20164 0)
(0.1278 -0.282296 0)
(0.1278 -0.362952 0)
(0.1278 -0.443608 0)
(0.1278 -0.524264 0)
(0.1278 -0.60492 0)
(0.1278 -0.685576 0)
(0.1278 -0.766232 0)
(0.1278 -0.846888 0)
(0.1278 -0.927544 0)
(0.1278 -1.0082 0)
(0.1278 -1.08886 0)
(0.1278 -1.16951 0)
(0.1278 -1.25017 0)
(0.1278 -1.33082 0)
(0.1278 -1.41148 0)
(0.1278 -1.49214 0)
(0.1278 -1.57279 0)
(0.1278 -1.65345 0)
(0.1278 -1.7341 0)
(0.1278 -1.81476 0)
(0.1278 -1.89542 0)
(0.1278 -1.97607 0)
(0.1278 -2.05673 0)
(0.1278 -2.13738 0)
(0.1278 -2.21804 0)
(0.1278 -2.2987 0)
(0.1278 -2.37935 0)
(0.1278 -2.46001 0)
(0.1278 -2.54066 0)
(0.1278 -2.62132 0)
(0.1278 -2.70198 0)
(0.1278 -2.78263 0)
(0.1278 -2.86329 0)
(0.1278 -2.94394 0)
(0.1278 -3.0246 0)
(0.1278 -3.10526 0)
(0.1278 -3.18591 0)
(0.1278 -3.26657 0)
(0.1278 -3.34722 0)
(0.1278 -3.42788 0)
(0.1278 -3.50854 0)
(0.1278 -3.58919 0)
(0.1278 -3.66985 0)
(0.1278 -3.7505 0)
(0.1278 -3.83116 0)
(0.1278 -3.91182 0)
(0.1278 -3.99247 0)
(0.164152 -0.040328 0)
(0.164152 -0.120984 0)
(0.164152 -0.20164 0)
(0.164152 -0.282296 0)
(0.164152 -0.362952 0)
(0.164152 -0.443608 0)
(0.164152 -0.524264 0)
(0.164152 -0.60492 0)
(0.164152 -0.685576 0)
(0.164152 -0.766232 0)
(0.164152 -0.846888 0)
(0.164152 -0.927544 0)
(0.164152 -1.0082 0)
(0.164152 -1.08886 0)
(0.164152 -1.16951 0)
(0.164152 -1.25017 0)
(0.164152 -1.33082 0)
(0.164152 -1.41148 0)
(0.164152 -1.49214 0)
(0.164152 -1.57279 0)
(0.164152 -1.65345 0)
(0.164152 -1.7341 0)
(0.164152 -1.81476 0)
(0.164152 -1.89542 0)
(0.164152 -1.97607 0)
(0.164152 -2.05673 0)
(0.164152 -2.13738 0)
(0.164152 -2.21804 0)
(0.164152 -2.2987 0)
(0.164152 -2.37935 0)
(0.164152 -2.46001 0)
(0.164152 -2.54066 0)
(0.164152 -2.62132 0)
(0.164152 -2.70198 0)
(0.164152 -2.78263 0)
(0.164152 -2.86329 0)
(0.164152 -2.94394 0)
(0.164152 -3.0246 0)
(0.164152 -3.10526 0)
(0.164152 -3.18591 0)
(0.164152 -3.26657 0)
(0.164152 -3.34722 0)
(0.164152 -3.42788 0)
(0.164152 -3.50854 0)
(0.164152 -3.58919 0)
(0.164152 -3.66985 0)
(0.164152 -3.7505 0)
(0.164152 -3.83116 0)
(0.164152 -3.91182 0)
(0.164152 -3.99247 0)
(0.205048 -0.040328 0)
(0.205048 -0.120984 0)
(0.205048 -0.20164 0)
(0.205048 -0.282296 0)
(0.205048 -0.362952 0)
(0.205048 -0.443608 0)
(0.205048 -0.524264 0)
(0.205048 -0.60492 0)
(0.205048 -0.685576 0)
(0.205048 -0.766232 0)
(0.205048 -0.846888 0)
(0.205048 -0.927544 0)
(0.205048 -1.0082 0)
(0.205048 -1.08886 0)
(0.205048 -1.16951 0)
(0.205048 -1.25017 0)
(0.205048 -1.33082 0)
(0.205048 -1.41148 0)
(0.205048 -1.49214 0)
(0.205048 -1.57279 0)
(0.205048 -1.65345 0)
(0.205048 -1.7341 0)
(0.205048 -1.81476 0)
(0.205048 -1.89542 0)
(0.205048 -1.97607 0)
(0.205048 -2.05673 0)
(0.205048 -2.13738 0)
(0.205048 -2.21804 0)
(0.205048 -2.2987 0)
(0.205048 -2.37935 0)
(0.205048 -2.46001 0)
(0.205048 -2.54066 0)
(0.205048 -2.62132 0)
(0.205048 -2.70198 0)
(0.205048 -2.78263 0)
(0.205048 -2.86329 0)
(0.205048 -2.94394 0)
(0.205048 -3.0246 0)
(0.205048 -3.10526 0)
(0.205048 -3.18591 0)
(0.205048 -3.26657 0)
(0.205048 -3.34722 0)
(0.205048 -3.42788 0)
(0.205048 -3.50854 0)
(0.205048 -3.58919 0)
(0.205048 -3.66985 0)
(0.205048 -3.7505 0)
(0.205048 -3.83116 0)
(0.205048 -3.91182 0)
(0.205048 -3.99247 0)
(0.250488 -0.040328 0)
(0.250488 -0.120984 0)
(0.250488 -0.20164 0)
(0.250488 -0.282296 0)
(0.250488 -0.362952 0)
(0.250488 -0.443608 0)
(0.250488 -0.524264 0)
(0.250488 -0.60492 0)
(0.250488 -0.685576 0)
(0.250488 -0.766232 0)
(0.250488 -0.846888 0)
(0.250488 -0.927544 0)
(0.250488 -1.0082 0)
(0.250488 -1.08886 0)
(0.250488 -1.16951 0)
(0.250488 -1.25017 0)
(0.250488 -1.33082 0)
(0.250488 -1.41148 0)
(0.250488 -1.49214 0)
(0.250488 -1.57279 0)
(0.250488 -1.65345 0)
(0.250488 -1.7341 0)
(0.250488 -1.81476 0)
(0.250488 -1.89542 0)
(0.250488 -1.97607 0)
(0.250488 -2.05673 0)
(0.250488 -2.13738 0)
(0.250488 -2.21804 0)
(0.250488 -2.2987 0)
(0.250488 -2.37935 0)
(0.250488 -2.46001 0)
(0.250488 -2.54066 0)
(0.250488 -2.62132 0)
(0.250488 -2.70198 0)
(0.250488 -2.78263 0)
(0.250488 -2.86329 0)
(0.250488 -2.94394 0)
(0.250488 -3.0246 0)
(0.250488 -3.10526 0)
(0.250488 -3.18591 0)
(0.250488 -3.26657 0)
(0.250488 -3.34722 0)
(0.250488 -3.42788 0)
(0.250488 -3.50854 0)
(0.250488 -3.58919 0)
(0.250488 -3.66985 0)
(0.250488 -3.7505 0)
(0.250488 -3.83116 0)
(0.250488 -3.91182 0)
(0.250488 -3.99247 0)
(0.300472 -0.040328 0)
(0.300472 -0.120984 0)
(0.300472 -0.20164 0)
(0.300472 -0.282296 0)
(0.300472 -0.362952 0)
(0.300472 -0.443608 0)
(0.300472 -0.524264 0)
(0.300472 -0.60492 0)
(0.300472 -0.685576 0)
(0.300472 -0.766232 0)
(0.300472 -0.846888 0)
(0.300472 -0.927544 0)
(0.300472 -1.0082 0)
(0.300472 -1.08886 0)
(0.300472 -1.16951 0)
(0.300472 -1.25017 0)
(0.300472 -1.33082 0)
(0.300472 -1.41148 0)
(0.300472 -1.49214 0)
(0.300472 -1.57279 0)
(0.300472 -1.65345 0)
(0.300472 -1.7341 0)
(0.300472 -1.81476 0)
(0.300472 -1.89542 0)
(0.300472 -1.97607 0)
(0.300472 -2.05673 0)
(0.300472 -2.13738 0)
(0.300472 -2.21804 0)
(0.300472 -2.2987 0)
(0.300472 -2.37935 0)
(0.300472 -2.46001 0)
(0.300472 -2.54066 0)
(0.300472 -2.62132 0)
(0.300472 -2.70198 0)
(0.300472 -2.78263 0)
(0.300472 -2.86329 0)
(0.300472 -2.94394 0)
(0.300472 -3.0246 0)
(0.300472 -3.10526 0)
(0.300472 -3.18591 0)
(0.300472 -3.26657 0)
(0.300472 -3.34722 0)
(0.300472 -3.42788 0)
(0.300472 -3.50854 0)
(0.300472 -3.58919 0)
(0.300472 -3.66985 0)
(0.300472 -3.7505 0)
(0.300472 -3.83116 0)
(0.300472 -3.91182 0)
(0.300472 -3.99247 0)
(0.355 -0.040328 0)
(0.355 -0.120984 0)
(0.355 -0.20164 0)
(0.355 -0.282296 0)
(0.355 -0.362952 0)
(0.355 -0.443608 0)
(0.355 -0.524264 0)
(0.355 -0.60492 0)
(0.355 -0.685576 0)
(0.355 -0.766232 0)
(0.355 -0.846888 0)
(0.355 -0.927544 0)
(0.355 -1.0082 0)
(0.355 -1.08886 0)
(0.355 -1.16951 0)
(0.355 -1.25017 0)
(0.355 -1.33082 0)
(0.355 -1.41148 0)
(0.355 -1.49214 0)
(0.355 -1.57279 0)
(0.355 -1.65345 0)
(0.355 -1.7341 0)
(0.355 -1.81476 0)
(0.355 -1.89542 0)
(0.355 -1.97607 0)
(0.355 -2.05673 0)
(0.355 -2.13738 0)
(0.355 -2.21804 0)
(0.355 -2.2987 0)
(0.355 -2.37935 0)
(0.355 -2.46001 0)
(0.355 -2.54066 0)
(0.355 -2.62132 0)
(0.355 -2.70198 0)
(0.355 -2.78263 0)
(0.355 -2.86329 0)
(0.355 -2.94394 0)
(0.355 -3.0246 0)
(0.355 -3.10526 0)
(0.355 -3.18591 0)
(0.355 -3.26657 0)
(0.355 -3.34722 0)
(0.355 -3.42788 0)
(0.355 -3.50854 0)
(0.355 -3.58919 0)
(0.355 -3.66985 0)
(0.355 -3.7505 0)
(0.355 -3.83116 0)
(0.355 -3.91182 0)
(0.355 -3.99247 0)
(0.414072 -0.040328 0)
(0.414072 -0.120984 0)
(0.414072 -0.20164 0)
(0.414072 -0.282296 0)
(0.414072 -0.362952 0)
(0.414072 -0.443608 0)
(0.414072 -0.524264 0)
(0.414072 -0.60492 0)
(0.414072 -0.685576 0)
(0.414072 -0.766232 0)
(0.414072 -0.846888 0)
(0.414072 -0.927544 0)
(0.414072 -1.0082 0)
(0.414072 -1.08886 0)
(0.414072 -1.16951 0)
(0.414072 -1.25017 0)
(0.414072 -1.33082 0)
(0.414072 -1.41148 0)
(0.414072 -1.49214 0)
(0.414072 -1.57279 0)
(0.414072 -1.65345 0)
(0.414072 -1.7341 0)
(0.414072 -1.81476 0)
(0.414072 -1.89542 0)
(0.414072 -1.97607 0)
(0.414072 -2.05673 0)
(0.414072 -2.13738 0)
(0.414072 -2.21804 0)
(0.414072 -2.2987 0)
(0.414072 -2.37935 0)
(0.414072 -2.46001 0)
(0.414072 -2.54066 0)
(0.414072 -2.62132 0)
(0.414072 -2.70198 0)
(0.414072 -2.78263 0)
(0.414072 -2.86329 0)
(0.414072 -2.94394 0)
(0.414072 -3.0246 0)
(0.414072 -3.10526 0)
(0.414072 -3.18591 0)
(0.414072 -3.26657 0)
(0.414072 -3.34722 0)
(0.414072 -3.42788 0)
(0.414072 -3.50854 0)
(0.414072 -3.58919 0)
(0.414072 -3.66985 0)
(0.414072 -3.7505 0)
(0.414072 -3.83116 0)
(0.414072 -3.91182 0)
(0.414072 -3.99247 0)
(0.477688 -0.040328 0)
(0.477688 -0.120984 0)
(0.477688 -0.20164 0)
(0.477688 -0.282296 0)
(0.477688 -0.362952 0)
(0.477688 -0.443608 0)
(0.477688 -0.524264 0)
(0.477688 -0.60492 0)
(0.477688 -0.685576 0)
(0.477688 -0.766232 0)
(0.477688 -0.846888 0)
(0.477688 -0.927544 0)
(0.477688 -1.0082 0)
(0.477688 -1.08886 0)
(0.477688 -1.16951 0)
(0.477688 -1.25017 0)
(0.477688 -1.33082 0)
(0.477688 -1.41148 0)
(0.477688 -1.49214 0)
(0.477688 -1.57279 0)
(0.477688 -1.65345 0)
(0.477688 -1.7341 0)
(0.477688 -1.81476 0)
(0.477688 -1.89542 0)
(0.477688 -1.97607 0)
(0.477688 -2.05673 0)
(0.477688 -2.13738 0)
(0.477688 -2.21804 0)
(0.477688 -2.2987 0)
(0.477688 -2.37935 0)
(0.477688 -2.46001 0)
(0.477688 -2.54066 0)
(0.477688 -2.62132 0)
(0.477688 -2.70198 0)
(0.477688 -2.78263 0)
(0.477688 -2.86329 0)
(0.477688 -2.94394 0)
(0.477688 -3.0246 0)
(0.477688 -3.10526 0)
(0.477688 -3.18591 0)
(0.477688 -3.26657 0)
(0.477688 -3.34722 0)
(0.477688 -3.42788 0)
(0.477688 -3.50854 0)
(0.477688 -3.58919 0)
(0.477688 -3.66985 0)
(0.477688 -3.7505 0)
(0.477688 -3.83116 0)
(0.477688 -3.91182 0)
(0.477688 -3.99247 0)
(0.545848 -0.040328 0)
(0.545848 -0.120984 0)
(0.545848 -0.20164 0)
(0.545848 -0.282296 0)
(0.545848 -0.362952 0)
(0.545848 -0.443608 0)
(0.545848 -0.524264 0)
(0.545848 -0.60492 0)
(0.545848 -0.685576 0)
(0.545848 -0.766232 0)
(0.545848 -0.846888 0)
(0.545848 -0.927544 0)
(0.545848 -1.0082 0)
(0.545848 -1.08886 0)
(0.545848 -1.16951 0)
(0.545848 -1.25017 0)
(0.545848 -1.33082 0)
(0.545848 -1.41148 0)
(0.545848 -1.49214 0)
(0.545848 -1.57279 0)
(0.545848 -1.65345 0)
(0.545848 -1.7341 0)
(0.545848 -1.81476 0)
(0.545848 -1.89542 0)
(0.545848 -1.97607 0)
(0.545848 -2.05673 0)
(0.545848 -2.13738 0)
(0.545848 -2.21804 0)
(0.545848 -2.2987 0)
(0.545848 -2.37935 0)
(0.545848 -2.46001 0)
(0.545848 -2.54066 0)
(0.545848 -2.62132 0)
(0.545848 -2.70198 0)
(0.545848 -2.78263 0)
(0.545848 -2.86329 0)
(0.545848 -2.94394 0)
(0.545848 -3.0246 0)
(0.545848 -3.10526 0)
(0.545848 -3.18591 0)
(0.545848 -3.26657 0)
(0.545848 -3.34722 0)
(0.545848 -3.42788 0)
(0.545848 -3.50854 0)
(0.545848 -3.58919 0)
(0.545848 -3.66985 0)
(0.545848 -3.7505 0)
(0.545848 -3.83116 0)
(0.545848 -3.91182 0)
(0.545848 -3.99247 0)
(0.618552 -0.040328 0)
(0.618552 -0.120984 0)
(0.618552 -0.20164 0)
(0.618552 -0.282296 0)
(0.618552 -0.362952 0)
(0.618552 -0.443608 0)
(0.618552 -0.524264 0)
(0.618552 -0.60492 0)
(0.618552 -0.685576 0)
(0.618552 -0.766232 0)
(0.618552 -0.846888 0)
(0.618552 -0.927544 0)
(0.618552 -1.0082 0)
(0.618552 -1.08886 0)
(0.618552 -1.16951 0)
(0.618552 -1.25017 0)
(0.618552 -1.33082 0)
(0.618552 -1.41148 0)
(0.618552 -1.49214 0)
(0.618552 -1.57279 0)
(0.618552 -1.65345 0)
(0.618552 -1.7341 0)
(0.618552 -1.81476 0)
(0.618552 -1.89542 0)
(0.618552 -1.97607 0)
(0.618552 -2.05673 0)
(0.618552 -2.13738 0)
(0.618552 -2.21804 0)
(0.618552 -2.2987 0)
(0.618552 -2.37935 0)
(0.618552 -2.46001 0)
(0.618552 -2.54066 0)
(0.618552 -2.62132 0)
(0.618552 -2.70198 0)
(0.618552 -2.78263 0)
(0.618552 -2.86329 0)
(0.618552 -2.94394 0)
(0.618552 -3.0246 0)
(0.618552 -3.10526 0)
(0.618552 -3.18591 0)
(0.618552 -3.26657 0)
(0.618552 -3.34722 0)
(0.618552 -3.42788 0)
(0.618552 -3.50854 0)
(0.618552 -3.58919 0)
(0.618552 -3.66985 0)
(0.618552 -3.7505 0)
(0.618552 -3.83116 0)
(0.618552 -3.91182 0)
(0.618552 -3.99247 0)
(0.6958 -0.040328 0)
(0.6958 -0.120984 0)
(0.6958 -0.20164 0)
(0.6958 -0.282296 0)
(0.6958 -0.362952 0)
(0.6958 -0.443608 0)
(0.6958 -0.524264 0)
(0.6958 -0.60492 0)
(0.6958 -0.685576 0)
(0.6958 -0.766232 0)
(0.6958 -0.846888 0)
(0.6958 -0.927544 0)
(0.6958 -1.0082 0)
(0.6958 -1.08886 0)
(0.6958 -1.16951 0)
(0.6958 -1.25017 0)
(0.6958 -1.33082 0)
(0.6958 -1.41148 0)
(0.6958 -1.49214 0)
(0.6958 -1.57279 0)
(0.6958 -1.65345 0)
(0.6958 -1.7341 0)
(0.6958 -1.81476 0)
(0.6958 -1.89542 0)
(0.6958 -1.97607 0)
(0.6958 -2.05673 0)
(0.6958 -2.13738 0)
(0.6958 -2.21804 0)
(0.6958 -2.2987 0)
(0.6958 -2.37935 0)
(0.6958 -2.46001 0)
(0.6958 -2.54066 0)
(0.6958 -2.62132 0)
(0.6958 -2.70198 0)
(0.6958 -2.78263 0)
(0.6958 -2.86329 0)
(0.6958 -2.94394 0)
(0.6958 -3.0246 0)
(0.6958 -3.10526 0)
(0.6958 -3.18591 0)
(0.6958 -3.26657 0)
(0.6958 -3.34722 0)
(0.6958 -3.42788 0)
(0.6958 -3.50854 0)
(0.6958 -3.58919 0)
(0.6958 -3.66985 0)
(0.6958 -3.7505 0)
(0.6958 -3.83116 0)
(0.6958 -3.91182 0)
(0.6958 -3.99247 0)
(0.777592 -0.040328 0)
(0.777592 -0.120984 0)
(0.777592 -0.20164 0)
(0.777592 -0.282296 0)
(0.777592 -0.362952 0)
(0.777592 -0.443608 0)
(0.777592 -0.524264 0)
(0.777592 -0.60492 0)
(0.777592 -0.685576 0)
(0.777592 -0.766232 0)
(0.777592 -0.846888 0)
(0.777592 -0.927544 0)
(0.777592 -1.0082 0)
(0.777592 -1.08886 0)
(0.777592 -1.16951 0)
(0.777592 -1.25017 0)
(0.777592 -1.33082 0)
(0.777592 -1.41148 0)
(0.777592 -1.49214 0)
(0.777592 -1.57279 0)
(0.777592 -1.65345 0)
(0.777592 -1.7341 0)
(0.777592 -1.81476 0)
(0.777592 -1.89542 0)
(0.777592 -1.97607 0)
(0.777592 -2.05673 0)
(0.777592 -2.13738 0)
(0.777592 -2.21804 0)
(0.777592 -2.2987 0)
(0.777592 -2.37935 0)
(0.777592 -2.46001 0)
(0.777592 -2.54066 0)
(0.777592 -2.62132 0)
(0.777592 -2.70198 0)
(0.777592 -2.78263 0)
(0.777592 -2.86329 0)
(0.777592 -2.94394 0)
(0.777592 -3.0246 0)
(0.777592 -3.10526 0)
(0.777592 -3.18591 0)
(0.777592 -3.26657 0)
(0.777592 -3.34722 0)
(0.777592 -3.42788 0)
(0.777592 -3.50854 0)
(0.777592 -3.58919 0)
(0.777592 -3.66985 0)
(0.777592 -3.7505 0)
(0.777592 -3.83116 0)
(0.777592 -3.91182 0)
(0.777592 -3.99247 0)
(0.863928 -0.040328 0)
(0.863928 -0.120984 0)
(0.863928 -0.20164 0)
(0.863928 -0.282296 0)
(0.863928 -0.362952 0)
(0.863928 -0.443608 0)
(0.863928 -0.524264 0)
(0.863928 -0.60492 0)
(0.863928 -0.685576 0)
(0.863928 -0.766232 0)
(0.863928 -0.846888 0)
(0.863928 -0.927544 0)
(0.863928 -1.0082 0)
(0.863928 -1.08886 0)
(0.863928 -1.16951 0)
(0.863928 -1.25017 0)
(0.863928 -1.33082 0)
(0.863928 -1.41148 0)
(0.863928 -1.49214 0)
(0.863928 -1.57279 0)
(0.863928 -1.65345 0)
(0.863928 -1.7341 0)
(0.863928 -1.81476 0)
(0.863928 -1.89542 0)
(0.863928 -1.97607 0)
(0.863928 -2.05673 0)
(0.863928 -2.13738 0)
(0.863928 -2.21804 0)
(0.863928 -2.2987 0)
(0.863928 -2.37935 0)
(0.863928 -2.46001 0)
(0.863928 -2.54066 0)
(0.863928 -2.62132 0)
(0.863928 -2.70198 0)
(0.863928 -2.78263 0)
(0.863928 -2.86329 0)
(0.863928 -2.94394 0)
(0.863928 -3.0246 0)
(0.863928 -3.10526 0)
(0.863928 -3.18591 0)
(0.863928 -3.26657 0)
(0.863928 -3.34722 0)
(0.863928 -3.42788 0)
(0.863928 -3.50854 0)
(0.863928 -3.58919 0)
(0.863928 -3.66985 0)
(0.863928 -3.7505 0)
(0.863928 -3.83116 0)
(0.863928 -3.91182 0)
(0.863928 -3.99247 0)
(0.954808 -0.040328 0)
(0.954808 -0.120984 0)
(0.954808 -0.20164 0)
(0.954808 -0.282296 0)
(0.954808 -0.362952 0)
(0.954808 -0.443608 0)
(0.954808 -0.524264 0)
(0.954808 -0.60492 0)
(0.954808 -0.685576 0)
(0.954808 -0.766232 0)
(0.954808 -0.846888 0)
(0.954808 -0.927544 0)
(0.954808 -1.0082 0)
(0.954808 -1.08886 0)
(0.954808 -1.16951 0)
(0.954808 -1.25017 0)
(0.954808 -1.33082 0)
(0.954808 -1.41148 0)
(0.954808 -1.49214 0)
(0.954808 -1.57279 0)
(0.954808 -1.65345 0)
(0.954808 -1.7341 0)
(0.954808 -1.81476 0)
(0.954808 -1.89542 0)
(0.954808 -1.97607 0)
(0.954808 -2.05673 0)
(0.954808 -2.13738 0)
(0.954808 -2.21804 0)
(0.954808 -2.2987 0)
(0.954808 -2.37935 0)
(0.954808 -2.46001 0)
(0.954808 -2.54066 0)
(0.954808 -2.62132 0)
(0.954808 -2.70198 0)
(0.954808 -2.78263 0)
(0.954808 -2.86329 0)
(0.954808 -2.94394 0)
(0.954808 -3.0246 0)
(0.954808 -3.10526 0)
(0.954808 -3.18591 0)
(0.954808 -3.26657 0)
(0.954808 -3.34722 0)
(0.954808 -3.42788 0)
(0.954808 -3.50854 0)
(0.954808 -3.58919 0)
(0.954808 -3.66985 0)
(0.954808 -3.7505 0)
(0.954808 -3.83116 0)
(0.954808 -3.91182 0)
(0.954808 -3.99247 0)
(1.05023 -0.040328 0)
(1.05023 -0.120984 0)
(1.05023 -0.20164 0)
(1.05023 -0.282296 0)
(1.05023 -0.362952 0)
(1.05023 -0.443608 0)
(1.05023 -0.524264 0)
(1.05023 -0.60492 0)
(1.05023 -0.685576 0)
(1.05023 -0.766232 0)
(1.05023 -0.846888 0)
(1.05023 -0.927544 0)
(1.05023 -1.0082 0)
(1.05023 -1.08886 0)
(1.05023 -1.16951 0)
(1.05023 -1.25017 0)
(1.05023 -1.33082 0)
(1.05023 -1.41148 0)
(1.05023 -1.49214 0)
(1.05023 -1.57279 0)
(1.05023 -1.65345 0)
(1.05023 -1.7341 0)
(1.05023 -1.81476 0)
(1.05023 -1.89542 0)
(1.05023 -1.97607 0)
(1.05023 -2.05673 0)
(1.05023 -2.13738 0)
(1.05023 -2.21804 0)
(1.05023 -2.2987 0)
(1.05023 -2.37935 0)
(1.05023 -2.46001 0)
(1.05023 -2.54066 0)
(1.05023 -2.62132 0)
(1.05023 -2.70198 0)
(1.05023 -2.78263 0)
(1.05023 -2.86329 0)
(1.05023 -2.94394 0)
(1.05023 -3.0246 0)
(1.05023 -3.10526 0)
(1.05023 -3.18591 0)
(1.05023 -3.26657 0)
(1.05023 -3.34722 0)
(1.05023 -3.42788 0)
(1.05023 -3.50854 0)
(1.05023 -3.58919 0)
(1.05023 -3.66985 0)
(1.05023 -3.7505 0)
(1.05023 -3.83116 0)
(1.05023 -3.91182 0)
(1.05023 -3.99247 0)
(1.1502 -0.040328 0)
(1.1502 -0.120984 0)
(1.1502 -0.20164 0)
(1.1502 -0.282296 0)
(1.1502 -0.362952 0)
(1.1502 -0.443608 0)
(1.1502 -0.524264 0)
(1.1502 -0.60492 0)
(1.1502 -0.685576 0)
(1.1502 -0.766232 0)
(1.1502 -0.846888 0)
(1.1502 -0.927544 0)
(1.1502 -1.0082 0)
(1.1502 -1.08886 0)
(1.1502 -1.16951 0)
(1.1502 -1.25017 0)
(1.1502 -1.33082 0)
(1.1502 -1.41148 0)
(1.1502 -1.49214 0)
(1.1502 -1.57279 0)
(1.1502 -1.65345 0)
(1.1502 -1.7341 0)
(1.1502 -1.81476 0)
(1.1502 -1.89542 0)
(1.1502 -1.97607 0)
(1.1502 -2.05673 0)
(1.1502 -2.13738 0)
(1.1502 -2.21804 0)
(1.1502 -2.2987 0)
(1.1502 -2.37935 0)
(1.1502 -2.46001 0)
(1.1502 -2.54066 0)
(1.1502 -2.62132 0)
(1.1502 -2.70198 0)
(1.1502 -2.78263 0)
(1.1502 -2.86329 0)
(1.1502 -2.94394 0)
(1.1502 -3.0246 0)
(1.1502 -3.10526 0)
(1.1502 -3.18591 0)
(1.1502 -3.26657 0)
(1.1502 -3.34722 0)
(1.1502 -3.42788 0)
(1.1502 -3.50854 0)
(1.1502 -3.58919 0)
(1.1502 -3.66985 0)
(1.1502 -3.7505 0)
(1.1502 -3.83116 0)
(1.1502 -3.91182 0)
(1.1502 -3.99247 0)
(1.25471 -0.040328 0)
(1.25471 -0.120984 0)
(1.25471 -0.20164 0)
(1.25471 -0.282296 0)
(1.25471 -0.362952 0)
(1.25471 -0.443608 0)
(1.25471 -0.524264 0)
(1.25471 -0.60492 0)
(1.25471 -0.685576 0)
(1.25471 -0.766232 0)
(1.25471 -0.846888 0)
(1.25471 -0.927544 0)
(1.25471 -1.0082 0)
(1.25471 -1.08886 0)
(1.25471 -1.16951 0)
(1.25471 -1.25017 0)
(1.25471 -1.33082 0)
(1.25471 -1.41148 0)
(1.25471 -1.49214 0)
(1.25471 -1.57279 0)
(1.25471 -1.65345 0)
(1.25471 -1.7341 0)
(1.25471 -1.81476 0)
(1.25471 -1.89542 0)
(1.25471 -1.97607 0)
(1.25471 -2.05673 0)
(1.25471 -2.13738 0)
(1.25471 -2.21804 0)
(1.25471 -2.2987 0)
(1.25471 -2.37935 0)
(1.25471 -2.46001 0)
(1.25471 -2.54066 0)
(1.25471 -2.62132 0)
(1.25471 -2.70198 0)
(1.25471 -2.78263 0)
(1.25471 -2.86329 0)
(1.25471 -2.94394 0)
(1.25471 -3.0246 0)
(1.25471 -3.10526 0)
(1.25471 -3.18591 0)
(1.25471 -3.26657 0)
(1.25471 -3.34722 0)
(1.25471 -3.42788 0)
(1.25471 -3.50854 0)
(1.25471 -3.58919 0)
(1.25471 -3.66985 0)
(1.25471 -3.7505 0)
(1.25471 -3.83116 0)
(1.25471 -3.91182 0)
(1.25471 -3.99247 0)
(1.36377 -0.040328 0)
(1.36377 -0.120984 0)
(1.36377 -0.20164 0)
(1.36377 -0.282296 0)
(1.36377 -0.362952 0)
(1.36377 -0.443608 0)
(1.36377 -0.524264 0)
(1.36377 -0.60492 0)
(1.36377 -0.685576 0)
(1.36377 -0.766232 0)
(1.36377 -0.846888 0)
(1.36377 -0.927544 0)
(1.36377 -1.0082 0)
(1.36377 -1.08886 0)
(1.36377 -1.16951 0)
(1.36377 -1.25017 0)
(1.36377 -1.33082 0)
(1.36377 -1.41148 0)
(1.36377 -1.49214 0)
(1.36377 -1.57279 0)
(1.36377 -1.65345 0)
(1.36377 -1.7341 0)
(1.36377 -1.81476 0)
(1.36377 -1.89542 0)
(1.36377 -1.97607 0)
(1.36377 -2.05673 0)
(1.36377 -2.13738 0)
(1.36377 -2.21804 0)
(1.36377 -2.2987 0)
(1.36377 -2.37935 0)
(1.36377 -2.46001 0)
(1.36377 -2.54066 0)
(1.36377 -2.62132 0)
(1.36377 -2.70198 0)
(1.36377 -2.78263 0)
(1.36377 -2.86329 0)
(1.36377 -2.94394 0)
(1.36377 -3.0246 0)
(1.36377 -3.10526 0)
(1.36377 -3.18591 0)
(1.36377 -3.26657 0)
(1.36377 -3.34722 0)
(1.36377 -3.42788 0)
(1.36377 -3.50854 0)
(1.36377 -3.58919 0)
(1.36377 -3.66985 0)
(1.36377 -3.7505 0)
(1.36377 -3.83116 0)
(1.36377 -3.91182 0)
(1.36377 -3.99247 0)
(1.47737 -0.040328 0)
(1.47737 -0.120984 0)
(1.47737 -0.20164 0)
(1.47737 -0.282296 0)
(1.47737 -0.362952 0)
(1.47737 -0.443608 0)
(1.47737 -0.524264 0)
(1.47737 -0.60492 0)
(1.47737 -0.685576 0)
(1.47737 -0.766232 0)
(1.47737 -0.846888 0)
(1.47737 -0.927544 0)
(1.47737 -1.0082 0)
(1.47737 -1.08886 0)
(1.47737 -1.16951 0)
(1.47737 -1.25017 0)
(1.47737 -1.33082 0)
(1.47737 -1.41148 0)
(1.47737 -1.49214 0)
(1.47737 -1.57279 0)
(1.47737 -1.65345 0)
(1.47737 -1.7341 0)
(1.47737 -1.81476 0)
(1.47737 -1.89542 0)
(1.47737 -1.97607 0)
(1.47737 -2.05673 0)
(1.47737 -2.13738 0)
(1.47737 -2.21804 0)
(1.47737 -2.2987 0)
(1.47737 -2.37935 0)
(1.47737 -2.46001 0)
(1.47737 -2.54066 0)
(1.47737 -2.62132 0)
(1.47737 -2.70198 0)
(1.47737 -2.78263 0)
(1.47737 -2.86329 0)
(1.47737 -2.94394 0)
(1.47737 -3.0246 0)
(1.47737 -3.10526 0)
(1.47737 -3.18591 0)
(1.47737 -3.26657 0)
(1.47737 -3.34722 0)
(1.47737 -3.42788 0)
(1.47737 -3.50854 0)
(1.47737 -3.58919 0)
(1.47737 -3.66985 0)
(1.47737 -3.7505 0)
(1.47737 -3.83116 0)
(1.47737 -3.91182 0)
(1.47737 -3.99247 0)
(1.59551 -0.040328 0)
(1.59551 -0.120984 0)
(1.59551 -0.20164 0)
(1.59551 -0.282296 0)
(1.59551 -0.362952 0)
(1.59551 -0.443608 0)
(1.59551 -0.524264 0)
(1.59551 -0.60492 0)
(1.59551 -0.685576 0)
(1.59551 -0.766232 0)
(1.59551 -0.846888 0)
(1.59551 -0.927544 0)
(1.59551 -1.0082 0)
(1.59551 -1.08886 0)
(1.59551 -1.16951 0)
(1.59551 -1.25017 0)
(1.59551 -1.33082 0)
(1.59551 -1.41148 0)
(1.59551 -1.49214 0)
(1.59551 -1.57279 0)
(1.59551 -1.65345 0)
(1.59551 -1.7341 0)
(1.59551 -1.81476 0)
(1.59551 -1.89542 0)
(1.59551 -1.97607 0)
(1.59551 -2.05673 0)
(1.59551 -2.13738 0)
(1.59551 -2.21804 0)
(1.59551 -2.2987 0)
(1.59551 -2.37935 0)
(1.59551 -2.46001 0)
(1.59551 -2.54066 0)
(1.59551 -2.62132 0)
(1.59551 -2.70198 0)
(1.59551 -2.78263 0)
(1.59551 -2.86329 0)
(1.59551 -2.94394 0)
(1.59551 -3.0246 0)
(1.59551 -3.10526 0)
(1.59551 -3.18591 0)
(1.59551 -3.26657 0)
(1.59551 -3.34722 0)
(1.59551 -3.42788 0)
(1.59551 -3.50854 0)
(1.59551 -3.58919 0)
(1.59551 -3.66985 0)
(1.59551 -3.7505 0)
(1.59551 -3.83116 0)
(1.59551 -3.91182 0)
(1.59551 -3.99247 0)
(1.7182 -0.040328 0)
(1.7182 -0.120984 0)
(1.7182 -0.20164 0)
(1.7182 -0.282296 0)
(1.7182 -0.362952 0)
(1.7182 -0.443608 0)
(1.7182 -0.524264 0)
(1.7182 -0.60492 0)
(1.7182 -0.685576 0)
(1.7182 -0.766232 0)
(1.7182 -0.846888 0)
(1.7182 -0.927544 0)
(1.7182 -1.0082 0)
(1.7182 -1.08886 0)
(1.7182 -1.16951 0)
(1.7182 -1.25017 0)
(1.7182 -1.33082 0)
(1.7182 -1.41148 0)
(1.7182 -1.49214 0)
(1.7182 -1.57279 0)
(1.7182 -1.65345 0)
(1.7182 -1.7341 0)
(1.7182 -1.81476 0)
(1.7182 -1.89542 0)
(1.7182 -1.97607 0)
(1.7182 -2.05673 0)
(1.7182 -2.13738 0)
(1.7182 -2.21804 0)
(1.7182 -2.2987 0)
(1.7182 -2.37935 0)
(1.7182 -2.46001 0)
(1.7182 -2.54066 0)
(1.7182 -2.62132 0)
(1.7182 -2.70198 0)
(1.7182 -2.78263 0)
(1.7182 -2.86329 0)
(1.7182 -2.94394 0)
(1.7182 -3.0246 0)
(1.7182 -3.10526 0)
(1.7182 -3.18591 0)
(1.7182 -3.26657 0)
(1.7182 -3.34722 0)
(1.7182 -3.42788 0)
(1.7182 -3.50854 0)
(1.7182 -3.58919 0)
(1.7182 -3.66985 0)
(1.7182 -3.7505 0)
(1.7182 -3.83116 0)
(1.7182 -3.91182 0)
(1.7182 -3.99247 0)
(1.84543 -0.040328 0)
(1.84543 -0.120984 0)
(1.84543 -0.20164 0)
(1.84543 -0.282296 0)
(1.84543 -0.362952 0)
(1.84543 -0.443608 0)
(1.84543 -0.524264 0)
(1.84543 -0.60492 0)
(1.84543 -0.685576 0)
(1.84543 -0.766232 0)
(1.84543 -0.846888 0)
(1.84543 -0.927544 0)
(1.84543 -1.0082 0)
(1.84543 -1.08886 0)
(1.84543 -1.16951 0)
(1.84543 -1.25017 0)
(1.84543 -1.33082 0)
(1.84543 -1.41148 0)
(1.84543 -1.49214 0)
(1.84543 -1.57279 0)
(1.84543 -1.65345 0)
(1.84543 -1.7341 0)
(1.84543 -1.81476 0)
(1.84543 -1.89542 0)
(1.84543 -1.97607 0)
(1.84543 -2.05673 0)
(1.84543 -2.13738 0)
(1.84543 -2.21804 0)
(1.84543 -2.2987 0)
(1.84543 -2.37935 0)
(1.84543 -2.46001 0)
(1.84543 -2.54066 0)
(1.84543 -2.62132 0)
(1.84543 -2.70198 0)
(1.84543 -2.78263 0)
(1.84543 -2.86329 0)
(1.84543 -2.94394 0)
(1.84543 -3.0246 0)
(1.84543 -3.10526 0)
(1.84543 -3.18591 0)
(1.84543 -3.26657 0)
(1.84543 -3.34722 0)
(1.84543 -3.42788 0)
(1.84543 -3.50854 0)
(1.84543 -3.58919 0)
(1.84543 -3.66985 0)
(1.84543 -3.7505 0)
(1.84543 -3.83116 0)
(1.84543 -3.91182 0)
(1.84543 -3.99247 0)
(1.97721 -0.040328 0)
(1.97721 -0.120984 0)
(1.97721 -0.20164 0)
(1.97721 -0.282296 0)
(1.97721 -0.362952 0)
(1.97721 -0.443608 0)
(1.97721 -0.524264 0)
(1.97721 -0.60492 0)
(1.97721 -0.685576 0)
(1.97721 -0.766232 0)
(1.97721 -0.846888 0)
(1.97721 -0.927544 0)
(1.97721 -1.0082 0)
(1.97721 -1.08886 0)
(1.97721 -1.16951 0)
(1.97721 -1.25017 0)
(1.97721 -1.33082 0)
(1.97721 -1.41148 0)
(1.97721 -1.49214 0)
(1.97721 -1.57279 0)
(1.97721 -1.65345 0)
(1.97721 -1.7341 0)
(1.97721 -1.81476 0)
(1.97721 -1.89542 0)
(1.97721 -1.97607 0)
(1.97721 -2.05673 0)
(1.97721 -2.13738 0)
(1.97721 -2.21804 0)
(1.97721 -2.2987 0)
(1.97721 -2.37935 0)
(1.97721 -2.46001 0)
(1.97721 -2.54066 0)
(1.97721 -2.62132 0)
(1.97721 -2.70198 0)
(1.97721 -2.78263 0)
(1.97721 -2.86329 0)
(1.97721 -2.94394 0)
(1.97721 -3.0246 0)
(1.97721 -3.10526 0)
(1.97721 -3.18591 0)
(1.97721 -3.26657 0)
(1.97721 -3.34722 0)
(1.97721 -3.42788 0)
(1.97721 -3.50854 0)
(1.97721 -3.58919 0)
(1.97721 -3.66985 0)
(1.97721 -3.7505 0)
(1.97721 -3.83116 0)
(1.97721 -3.91182 0)
(1.97721 -3.99247 0)
(2.11353 -0.040328 0)
(2.11353 -0.120984 0)
(2.11353 -0.20164 0)
(2.11353 -0.282296 0)
(2.11353 -0.362952 0)
(2.11353 -0.443608 0)
(2.11353 -0.524264 0)
(2.11353 -0.60492 0)
(2.11353 -0.685576 0)
(2.11353 -0.766232 0)
(2.11353 -0.846888 0)
(2.11353 -0.927544 0)
(2.11353 -1.0082 0)
(2.11353 -1.08886 0)
(2.11353 -1.16951 0)
(2.11353 -1.25017 0)
(2.11353 -1.33082 0)
(2.11353 -1.41148 0)
(2.11353 -1.49214 0)
(2.11353 -1.57279 0)
(2.11353 -1.65345 0)
(2.11353 -1.7341 0)
(2.11353 -1.81476 0)
(2.11353 -1.89542 0)
(2.11353 -1.97607 0)
(2.11353 -2.05673 0)
(2.11353 -2.13738 0)
(2.11353 -2.21804 0)
(2.11353 -2.2987 0)
(2.11353 -2.37935 0)
(2.11353 -2.46001 0)
(2.11353 -2.54066 0)
(2.11353 -2.62132 0)
(2.11353 -2.70198 0)
(2.11353 -2.78263 0)
(2.11353 -2.86329 0)
(2.11353 -2.94394 0)
(2.11353 -3.0246 0)
(2.11353 -3.10526 0)
(2.11353 -3.18591 0)
(2.11353 -3.26657 0)
(2.11353 -3.34722 0)
(2.11353 -3.42788 0)
(2.11353 -3.50854 0)
(2.11353 -3.58919 0)
(2.11353 -3.66985 0)
(2.11353 -3.7505 0)
(2.11353 -3.83116 0)
(2.11353 -3.91182 0)
(2.11353 -3.99247 0)
(2.25439 -0.040328 0)
(2.25439 -0.120984 0)
(2.25439 -0.20164 0)
(2.25439 -0.282296 0)
(2.25439 -0.362952 0)
(2.25439 -0.443608 0)
(2.25439 -0.524264 0)
(2.25439 -0.60492 0)
(2.25439 -0.685576 0)
(2.25439 -0.766232 0)
(2.25439 -0.846888 0)
(2.25439 -0.927544 0)
(2.25439 -1.0082 0)
(2.25439 -1.08886 0)
(2.25439 -1.16951 0)
(2.25439 -1.25017 0)
(2.25439 -1.33082 0)
(2.25439 -1.41148 0)
(2.25439 -1.49214 0)
(2.25439 -1.57279 0)
(2.25439 -1.65345 0)
(2.25439 -1.7341 0)
(2.25439 -1.81476 0)
(2.25439 -1.89542 0)
(2.25439 -1.97607 0)
(2.25439 -2.05673 0)
(2.25439 -2.13738 0)
(2.25439 -2.21804 0)
(2.25439 -2.2987 0)
(2.25439 -2.37935 0)
(2.25439 -2.46001 0)
(2.25439 -2.54066 0)
(2.25439 -2.62132 0)
(2.25439 -2.70198 0)
(2.25439 -2.78263 0)
(2.25439 -2.86329 0)
(2.25439 -2.94394 0)
(2.25439 -3.0246 0)
(2.25439 -3.10526 0)
(2.25439 -3.18591 0)
(2.25439 -3.26657 0)
(2.25439 -3.34722 0)
(2.25439 -3.42788 0)
(2.25439 -3.50854 0)
(2.25439 -3.58919 0)
(2.25439 -3.66985 0)
(2.25439 -3.7505 0)
(2.25439 -3.83116 0)
(2.25439 -3.91182 0)
(2.25439 -3.99247 0)
(2.3998 -0.040328 0)
(2.3998 -0.120984 0)
(2.3998 -0.20164 0)
(2.3998 -0.282296 0)
(2.3998 -0.362952 0)
(2.3998 -0.443608 0)
(2.3998 -0.524264 0)
(2.3998 -0.60492 0)
(2.3998 -0.685576 0)
(2.3998 -0.766232 0)
(2.3998 -0.846888 0)
(2.3998 -0.927544 0)
(2.3998 -1.0082 0)
(2.3998 -1.08886 0)
(2.3998 -1.16951 0)
(2.3998 -1.25017 0)
(2.3998 -1.33082 0)
(2.3998 -1.41148 0)
(2.3998 -1.49214 0)
(2.3998 -1.57279 0)
(2.3998 -1.65345 0)
(2.3998 -1.7341 0)
(2.3998 -1.81476 0)
(2.3998 -1.89542 0)
(2.3998 -1.97607 0)
(2.3998 -2.05673 0)
(2.3998 -2.13738 0)
(2.3998 -2.21804 0)
(2.3998 -2.2987 0)
(2.3998 -2.37935 0)
(2.3998 -2.46001 0)
(2.3998 -2.54066 0)
(2.3998 -2.62132 0)
(2.3998 -2.70198 0)
(2.3998 -2.78263 0)
(2.3998 -2.86329 0)
(2.3998 -2.94394 0)
(2.3998 -3.0246 0)
(2.3998 -3.10526 0)
(2.3998 -3.18591 0)
(2.3998 -3.26657 0)
(2.3998 -3.34722 0)
(2.3998 -3.42788 0)
(2.3998 -3.50854 0)
(2.3998 -3.58919 0)
(2.3998 -3.66985 0)
(2.3998 -3.7505 0)
(2.3998 -3.83116 0)
(2.3998 -3.91182 0)
(2.3998 -3.99247 0)
(2.54975 -0.040328 0)
(2.54975 -0.120984 0)
(2.54975 -0.20164 0)
(2.54975 -0.282296 0)
(2.54975 -0.362952 0)
(2.54975 -0.443608 0)
(2.54975 -0.524264 0)
(2.54975 -0.60492 0)
(2.54975 -0.685576 0)
(2.54975 -0.766232 0)
(2.54975 -0.846888 0)
(2.54975 -0.927544 0)
(2.54975 -1.0082 0)
(2.54975 -1.08886 0)
(2.54975 -1.16951 0)
(2.54975 -1.25017 0)
(2.54975 -1.33082 0)
(2.54975 -1.41148 0)
(2.54975 -1.49214 0)
(2.54975 -1.57279 0)
(2.54975 -1.65345 0)
(2.54975 -1.7341 0)
(2.54975 -1.81476 0)
(2.54975 -1.89542 0)
(2.54975 -1.97607 0)
(2.54975 -2.05673 0)
(2.54975 -2.13738 0)
(2.54975 -2.21804 0)
(2.54975 -2.2987 0)
(2.54975 -2.37935 0)
(2.54975 -2.46001 0)
(2.54975 -2.54066 0)
(2.54975 -2.62132 0)
(2.54975 -2.70198 0)
(2.54975 -2.78263 0)
(2.54975 -2.86329 0)
(2.54975 -2.94394 0)
(2.54975 -3.0246 0)
(2.54975 -3.10526 0)
(2.54975 -3.18591 0)
(2.54975 -3.26657 0)
(2.54975 -3.34722 0)
(2.54975 -3.42788 0)
(2.54975 -3.50854 0)
(2.54975 -3.58919 0)
(2.54975 -3.66985 0)
(2.54975 -3.7505 0)
(2.54975 -3.83116 0)
(2.54975 -3.91182 0)
(2.54975 -3.99247 0)
(2.70425 -0.040328 0)
(2.70425 -0.120984 0)
(2.70425 -0.20164 0)
(2.70425 -0.282296 0)
(2.70425 -0.362952 0)
(2.70425 -0.443608 0)
(2.70425 -0.524264 0)
(2.70425 -0.60492 0)
(2.70425 -0.685576 0)
(2.70425 -0.766232 0)
(2.70425 -0.846888 0)
(2.70425 -0.927544 0)
(2.70425 -1.0082 0)
(2.70425 -1.08886 0)
(2.70425 -1.16951 0)
(2.70425 -1.25017 0)
(2.70425 -1.33082 0)
(2.70425 -1.41148 0)
(2.70425 -1.49214 0)
(2.70425 -1.57279 0)
(2.70425 -1.65345 0)
(2.70425 -1.7341 0)
(2.70425 -1.81476 0)
(2.70425 -1.89542 0)
(2.70425 -1.97607 0)
(2.70425 -2.05673 0)
(2.70425 -2.13738 0)
(2.70425 -2.21804 0)
(2.70425 -2.2987 0)
(2.70425 -2.37935 0)
(2.70425 -2.46001 0)
(2.70425 -2.54066 0)
(2.70425 -2.62132 0)
(2.70425 -2.70198 0)
(2.70425 -2.78263 0)
(2.70425 -2.86329 0)
(2.70425 -2.94394 0)
(2.70425 -3.0246 0)
(2.70425 -3.10526 0)
(2.70425 -3.18591 0)
(2.70425 -3.26657 0)
(2.70425 -3.34722 0)
(2.70425 -3.42788 0)
(2.70425 -3.50854 0)
(2.70425 -3.58919 0)
(2.70425 -3.66985 0)
(2.70425 -3.7505 0)
(2.70425 -3.83116 0)
(2.70425 -3.91182 0)
(2.70425 -3.99247 0)
(2.86329 -0.040328 0)
(2.86329 -0.120984 0)
(2.86329 -0.20164 0)
(2.86329 -0.282296 0)
(2.86329 -0.362952 0)
(2.86329 -0.443608 0)
(2.86329 -0.524264 0)
(2.86329 -0.60492 0)
(2.86329 -0.685576 0)
(2.86329 -0.766232 0)
(2.86329 -0.846888 0)
(2.86329 -0.927544 0)
(2.86329 -1.0082 0)
(2.86329 -1.08886 0)
(2.86329 -1.16951 0)
(2.86329 -1.25017 0)
(2.86329 -1.33082 0)
(2.86329 -1.41148 0)
(2.86329 -1.49214 0)
(2.86329 -1.57279 0)
(2.86329 -1.65345 0)
(2.86329 -1.7341 0)
(2.86329 -1.81476 0)
(2.86329 -1.89542 0)
(2.86329 -1.97607 0)
(2.86329 -2.05673 0)
(2.86329 -2.13738 0)
(2.86329 -2.21804 0)
(2.86329 -2.2987 0)
(2.86329 -2.37935 0)
(2.86329 -2.46001 0)
(2.86329 -2.54066 0)
(2.86329 -2.62132 0)
(2.86329 -2.70198 0)
(2.86329 -2.78263 0)
(2.86329 -2.86329 0)
(2.86329 -2.94394 0)
(2.86329 -3.0246 0)
(2.86329 -3.10526 0)
(2.86329 -3.18591 0)
(2.86329 -3.26657 0)
(2.86329 -3.34722 0)
(2.86329 -3.42788 0)
(2.86329 -3.50854 0)
(2.86329 -3.58919 0)
(2.86329 -3.66985 0)
(2.86329 -3.7505 0)
(2.86329 -3.83116 0)
(2.86329 -3.91182 0)
(2.86329 -3.99247 0)
(3.02687 -0.040328 0)
(3.02687 -0.120984 0)
(3.02687 -0.20164 0)
(3.02687 -0.282296 0)
(3.02687 -0.362952 0)
(3.02687 -0.443608 0)
(3.02687 -0.524264 0)
(3.02687 -0.60492 0)
(3.02687 -0.685576 0)
(3.02687 -0.766232 0)
(3.02687 -0.846888 0)
(3.02687 -0.927544 0)
(3.02687 -1.0082 0)
(3.02687 -1.08886 0)
(3.02687 -1.16951 0)
(3.02687 -1.25017 0)
(3.02687 -1.33082 0)
(3.02687 -1.41148 0)
(3.02687 -1.49214 0)
(3.02687 -1.57279 0)
(3.02687 -1.65345 0)
(3.02687 -1.7341 0)
(3.02687 -1.81476 0)
(3.02687 -1.89542 0)
(3.02687 -1.97607 0)
(3.02687 -2.05673 0)
(3.02687 -2.13738 0)
(3.02687 -2.21804 0)
(3.02687 -2.2987 0)
(3.02687 -2.37935 0)
(3.02687 -2.46001 0)
(3.02687 -2.54066 0)
(3.02687 -2.62132 0)
(3.02687 -2.70198 0)
(3.02687 -2.78263 0)
(3.02687 -2.86329 0)
(3.02687 -2.94394 0)
(3.02687 -3.0246 0)
(3.02687 -3.10526 0)
(3.02687 -3.18591 0)
(3.02687 -3.26657 0)
(3.02687 -3.34722 0)
(3.02687 -3.42788 0)
(3.02687 -3.50854 0)
(3.02687 -3.58919 0)
(3.02687 -3.66985 0)
(3.02687 -3.7505 0)
(3.02687 -3.83116 0)
(3.02687 -3.91182 0)
(3.02687 -3.99247 0)
(3.195 -0.040328 0)
(3.195 -0.120984 0)
(3.195 -0.20164 0)
(3.195 -0.282296 0)
(3.195 -0.362952 0)
(3.195 -0.443608 0)
(3.195 -0.524264 0)
(3.195 -0.60492 0)
(3.195 -0.685576 0)
(3.195 -0.766232 0)
(3.195 -0.846888 0)
(3.195 -0.927544 0)
(3.195 -1.0082 0)
(3.195 -1.08886 0)
(3.195 -1.16951 0)
(3.195 -1.25017 0)
(3.195 -1.33082 0)
(3.195 -1.41148 0)
(3.195 -1.49214 0)
(3.195 -1.57279 0)
(3.195 -1.65345 0)
(3.195 -1.7341 0)
(3.195 -1.81476 0)
(3.195 -1.89542 0)
(3.195 -1.97607 0)
(3.195 -2.05673 0)
(3.195 -2.13738 0)
(3.195 -2.21804 0)
(3.195 -2.2987 0)
(3.195 -2.37935 0)
(3.195 -2.46001 0)
(3.195 -2.54066 0)
(3.195 -2.62132 0)
(3.195 -2.70198 0)
(3.195 -2.78263 0)
(3.195 -2.86329 0)
(3.195 -2.94394 0)
(3.195 -3.0246 0)
(3.195 -3.10526 0)
(3.195 -3.18591 0)
(3.195 -3.26657 0)
(3.195 -3.34722 0)
(3.195 -3.42788 0)
(3.195 -3.50854 0)
(3.195 -3.58919 0)
(3.195 -3.66985 0)
(3.195 -3.7505 0)
(3.195 -3.83116 0)
(3.195 -3.91182 0)
(3.195 -3.99247 0)
(3.36767 -0.040328 0)
(3.36767 -0.120984 0)
(3.36767 -0.20164 0)
(3.36767 -0.282296 0)
(3.36767 -0.362952 0)
(3.36767 -0.443608 0)
(3.36767 -0.524264 0)
(3.36767 -0.60492 0)
(3.36767 -0.685576 0)
(3.36767 -0.766232 0)
(3.36767 -0.846888 0)
(3.36767 -0.927544 0)
(3.36767 -1.0082 0)
(3.36767 -1.08886 0)
(3.36767 -1.16951 0)
(3.36767 -1.25017 0)
(3.36767 -1.33082 0)
(3.36767 -1.41148 0)
(3.36767 -1.49214 0)
(3.36767 -1.57279 0)
(3.36767 -1.65345 0)
(3.36767 -1.7341 0)
(3.36767 -1.81476 0)
(3.36767 -1.89542 0)
(3.36767 -1.97607 0)
(3.36767 -2.05673 0)
(3.36767 -2.13738 0)
(3.36767 -2.21804 0)
(3.36767 -2.2987 0)
(3.36767 -2.37935 0)
(3.36767 -2.46001 0)
(3.36767 -2.54066 0)
(3.36767 -2.62132 0)
(3.36767 -2.70198 0)
(3.36767 -2.78263 0)
(3.36767 -2.86329 0)
(3.36767 -2.94394 0)
(3.36767 -3.0246 0)
(3.36767 -3.10526 0)
(3.36767 -3.18591 0)
(3.36767 -3.26657 0)
(3.36767 -3.34722 0)
(3.36767 -3.42788 0)
(3.36767 -3.50854 0)
(3.36767 -3.58919 0)
(3.36767 -3.66985 0)
(3.36767 -3.7505 0)
(3.36767 -3.83116 0)
(3.36767 -3.91182 0)
(3.36767 -3.99247 0)
(3.54489 -0.040328 0)
(3.54489 -0.120984 0)
(3.54489 -0.20164 0)
(3.54489 -0.282296 0)
(3.54489 -0.362952 0)
(3.54489 -0.443608 0)
(3.54489 -0.524264 0)
(3.54489 -0.60492 0)
(3.54489 -0.685576 0)
(3.54489 -0.766232 0)
(3.54489 -0.846888 0)
(3.54489 -0.927544 0)
(3.54489 -1.0082 0)
(3.54489 -1.08886 0)
(3.54489 -1.16951 0)
(3.54489 -1.25017 0)
(3.54489 -1.33082 0)
(3.54489 -1.41148 0)
(3.54489 -1.49214 0)
(3.54489 -1.57279 0)
(3.54489 -1.65345 0)
(3.54489 -1.7341 0)
(3.54489 -1.81476 0)
(3.54489 -1.89542 0)
(3.54489 -1.97607 0)
(3.54489 -2.05673 0)
(3.54489 -2.13738 0)
(3.54489 -2.21804 0)
(3.54489 -2.2987 0)
(3.54489 -2.37935 0)
(3.54489 -2.46001 0)
(3.54489 -2.54066 0)
(3.54489 -2.62132 0)
(3.54489 -2.70198 0)
(3.54489 -2.78263 0)
(3.54489 -2.86329 0)
(3.54489 -2.94394 0)
(3.54489 -3.0246 0)
(3.54489 -3.10526 0)
(3.54489 -3.18591 0)
(3.54489 -3.26657 0)
(3.54489 -3.34722 0)
(3.54489 -3.42788 0)
(3.54489 -3.50854 0)
(3.54489 -3.58919 0)
(3.54489 -3.66985 0)
(3.54489 -3.7505 0)
(3.54489 -3.83116 0)
(3.54489 -3.91182 0)
(3.54489 -3.99247 0)
(3.72665 -0.040328 0)
(3.72665 -0.120984 0)
(3.72665 -0.20164 0)
(3.72665 -0.282296 0)
(3.72665 -0.362952 0)
(3.72665 -0.443608 0)
(3.72665 -0.524264 0)
(3.72665 -0.60492 0)
(3.72665 -0.685576 0)
(3.72665 -0.766232 0)
(3.72665 -0.846888 0)
(3.72665 -0.927544 0)
(3.72665 -1.0082 0)
(3.72665 -1.08886 0)
(3.72665 -1.16951 0)
(3.72665 -1.25017 0)
(3.72665 -1.33082 0)
(3.72665 -1.41148 0)
(3.72665 -1.49214 0)
(3.72665 -1.57279 0)
(3.72665 -1.65345 0)
(3.72665 -1.7341 0)
(3.72665 -1.81476 0)
(3.72665 -1.89542 0)
(3.72665 -1.97607 0)
(3.72665 -2.05673 0)
(3.72665 -2.13738 0)
(3.72665 -2.21804 0)
(3.72665 -2.2987 0)
(3.72665 -2.37935 0)
(3.72665 -2.46001 0)
(3.72665 -2.54066 0)
(3.72665 -2.62132 0)
(3.72665 -2.70198 0)
(3.72665 -2.78263 0)
(3.72665 -2.86329 0)
(3.72665 -2.94394 0)
(3.72665 -3.0246 0)
(3.72665 -3.10526 0)
(3.72665 -3.18591 0)
(3.72665 -3.26657 0)
(3.72665 -3.34722 0)
(3.72665 -3.42788 0)
(3.72665 -3.50854 0)
(3.72665 -3.58919 0)
(3.72665 -3.66985 0)
(3.72665 -3.7505 0)
(3.72665 -3.83116 0)
(3.72665 -3.91182 0)
(3.72665 -3.99247 0)
(3.91295 -0.040328 0)
(3.91295 -0.120984 0)
(3.91295 -0.20164 0)
(3.91295 -0.282296 0)
(3.91295 -0.362952 0)
(3.91295 -0.443608 0)
(3.91295 -0.524264 0)
(3.91295 -0.60492 0)
(3.91295 -0.685576 0)
(3.91295 -0.766232 0)
(3.91295 -0.846888 0)
(3.91295 -0.927544 0)
(3.91295 -1.0082 0)
(3.91295 -1.08886 0)
(3.91295 -1.16951 0)
(3.91295 -1.25017 0)
(3.91295 -1.33082 0)
(3.91295 -1.41148 0)
(3.91295 -1.49214 0)
(3.91295 -1.57279 0)
(3.91295 -1.65345 0)
(3.91295 -1.7341 0)
(3.91295 -1.81476 0)
(3.91295 -1.89542 0)
(3.91295 -1.97607 0)
(3.91295 -2.05673 0)
(3.91295 -2.13738 0)
(3.91295 -2.21804 0)
(3.91295 -2.2987 0)
(3.91295 -2.37935 0)
(3.91295 -2.46001 0)
(3.91295 -2.54066 0)
(3.91295 -2.62132 0)
(3.91295 -2.70198 0)
(3.91295 -2.78263 0)
(3.91295 -2.86329 0)
(3.91295 -2.94394 0)
(3.91295 -3.0246 0)
(3.91295 -3.10526 0)
(3.91295 -3.18591 0)
(3.91295 -3.26657 0)
(3.91295 -3.34722 0)
(3.91295 -3.42788 0)
(3.91295 -3.50854 0)
(3.91295 -3.58919 0)
(3.91295 -3.66985 0)
(3.91295 -3.7505 0)
(3.91295 -3.83116 0)
(3.91295 -3.91182 0)
(3.91295 -3.99247 0)
(4.1038 -0.040328 0)
(4.1038 -0.120984 0)
(4.1038 -0.20164 0)
(4.1038 -0.282296 0)
(4.1038 -0.362952 0)
(4.1038 -0.443608 0)
(4.1038 -0.524264 0)
(4.1038 -0.60492 0)
(4.1038 -0.685576 0)
(4.1038 -0.766232 0)
(4.1038 -0.846888 0)
(4.1038 -0.927544 0)
(4.1038 -1.0082 0)
(4.1038 -1.08886 0)
(4.1038 -1.16951 0)
(4.1038 -1.25017 0)
(4.1038 -1.33082 0)
(4.1038 -1.41148 0)
(4.1038 -1.49214 0)
(4.1038 -1.57279 0)
(4.1038 -1.65345 0)
(4.1038 -1.7341 0)
(4.1038 -1.81476 0)
(4.1038 -1.89542 0)
(4.1038 -1.97607 0)
(4.1038 -2.05673 0)
(4.1038 -2.13738 0)
(4.1038 -2.21804 0)
(4.1038 -2.2987 0)
(4.1038 -2.37935 0)
(4.1038 -2.46001 0)
(4.1038 -2.54066 0)
(4.1038 -2.62132 0)
(4.1038 -2.70198 0)
(4.1038 -2.78263 0)
(4.1038 -2.86329 0)
(4.1038 -2.94394 0)
(4.1038 -3.0246 0)
(4.1038 -3.10526 0)
(4.1038 -3.18591 0)
(4.1038 -3.26657 0)
(4.1038 -3.34722 0)
(4.1038 -3.42788 0)
(4.1038 -3.50854 0)
(4.1038 -3.58919 0)
(4.1038 -3.66985 0)
(4.1038 -3.7505 0)
(4.1038 -3.83116 0)
(4.1038 -3.91182 0)
(4.1038 -3.99247 0)
(4.29919 -0.040328 0)
(4.29919 -0.120984 0)
(4.29919 -0.20164 0)
(4.29919 -0.282296 0)
(4.29919 -0.362952 0)
(4.29919 -0.443608 0)
(4.29919 -0.524264 0)
(4.29919 -0.60492 0)
(4.29919 -0.685576 0)
(4.29919 -0.766232 0)
(4.29919 -0.846888 0)
(4.29919 -0.927544 0)
(4.29919 -1.0082 0)
(4.29919 -1.08886 0)
(4.29919 -1.16951 0)
(4.29919 -1.25017 0)
(4.29919 -1.33082 0)
(4.29919 -1.41148 0)
(4.29919 -1.49214 0)
(4.29919 -1.57279 0)
(4.29919 -1.65345 0)
(4.29919 -1.7341 0)
(4.29919 -1.81476 0)
(4.29919 -1.89542 0)
(4.29919 -1.97607 0)
(4.29919 -2.05673 0)
(4.29919 -2.13738 0)
(4.29919 -2.21804 0)
(4.29919 -2.2987 0)
(4.29919 -2.37935 0)
(4.29919 -2.46001 0)
(4.29919 -2.54066 0)
(4.29919 -2.62132 0)
(4.29919 -2.70198 0)
(4.29919 -2.78263 0)
(4.29919 -2.86329 0)
(4.29919 -2.94394 0)
(4.29919 -3.0246 0)
(4.29919 -3.10526 0)
(4.29919 -3.18591 0)
(4.29919 -3.26657 0)
(4.29919 -3.34722 0)
(4.29919 -3.42788 0)
(4.29919 -3.50854 0)
(4.29919 -3.58919 0)
(4.29919 -3.66985 0)
(4.29919 -3.7505 0)
(4.29919 -3.83116 0)
(4.29919 -3.91182 0)
(4.29919 -3.99247 0)
(4.49913 -0.040328 0)
(4.49913 -0.120984 0)
(4.49913 -0.20164 0)
(4.49913 -0.282296 0)
(4.49913 -0.362952 0)
(4.49913 -0.443608 0)
(4.49913 -0.524264 0)
(4.49913 -0.60492 0)
(4.49913 -0.685576 0)
(4.49913 -0.766232 0)
(4.49913 -0.846888 0)
(4.49913 -0.927544 0)
(4.49913 -1.0082 0)
(4.49913 -1.08886 0)
(4.49913 -1.16951 0)
(4.49913 -1.25017 0)
(4.49913 -1.33082 0)
(4.49913 -1.41148 0)
(4.49913 -1.49214 0)
(4.49913 -1.57279 0)
(4.49913 -1.65345 0)
(4.49913 -1.7341 0)
(4.49913 -1.81476 0)
(4.49913 -1.89542 0)
(4.49913 -1.97607 0)
(4.49913 -2.05673 0)
(4.49913 -2.13738 0)
(4.49913 -2.21804 0)
(4.49913 -2.2987 0)
(4.49913 -2.37935 0)
(4.49913 -2.46001 0)
(4.49913 -2.54066 0)
(4.49913 -2.62132 0)
(4.49913 -2.70198 0)
(4.49913 -2.78263 0)
(4.49913 -2.86329 0)
(4.49913 -2.94394 0)
(4.49913 -3.0246 0)
(4.49913 -3.10526 0)
(4.49913 -3.18591 0)
(4.49913 -3.26657 0)
(4.49913 -3.34722 0)
(4.49913 -3.42788 0)
(4.49913 -3.50854 0)
(4.49913 -3.58919 0)
(4.49913 -3.66985 0)
(4.49913 -3.7505 0)
(4.49913 -3.83116 0)
(4.49913 -3.91182 0)
(4.49913 -3.99247 0)
(4.70361 -0.040328 0)
(4.70361 -0.120984 0)
(4.70361 -0.20164 0)
(4.70361 -0.282296 0)
(4.70361 -0.362952 0)
(4.70361 -0.443608 0)
(4.70361 -0.524264 0)
(4.70361 -0.60492 0)
(4.70361 -0.685576 0)
(4.70361 -0.766232 0)
(4.70361 -0.846888 0)
(4.70361 -0.927544 0)
(4.70361 -1.0082 0)
(4.70361 -1.08886 0)
(4.70361 -1.16951 0)
(4.70361 -1.25017 0)
(4.70361 -1.33082 0)
(4.70361 -1.41148 0)
(4.70361 -1.49214 0)
(4.70361 -1.57279 0)
(4.70361 -1.65345 0)
(4.70361 -1.7341 0)
(4.70361 -1.81476 0)
(4.70361 -1.89542 0)
(4.70361 -1.97607 0)
(4.70361 -2.05673 0)
(4.70361 -2.13738 0)
(4.70361 -2.21804 0)
(4.70361 -2.2987 0)
(4.70361 -2.37935 0)
(4.70361 -2.46001 0)
(4.70361 -2.54066 0)
(4.70361 -2.62132 0)
(4.70361 -2.70198 0)
(4.70361 -2.78263 0)
(4.70361 -2.86329 0)
(4.70361 -2.94394 0)
(4.70361 -3.0246 0)
(4.70361 -3.10526 0)
(4.70361 -3.18591 0)
(4.70361 -3.26657 0)
(4.70361 -3.34722 0)
(4.70361 -3.42788 0)
(4.70361 -3.50854 0)
(4.70361 -3.58919 0)
(4.70361 -3.66985 0)
(4.70361 -3.7505 0)
(4.70361 -3.83116 0)
(4.70361 -3.91182 0)
(4.70361 -3.99247 0)
(4.91263 -0.040328 0)
(4.91263 -0.120984 0)
(4.91263 -0.20164 0)
(4.91263 -0.282296 0)
(4.91263 -0.362952 0)
(4.91263 -0.443608 0)
(4.91263 -0.524264 0)
(4.91263 -0.60492 0)
(4.91263 -0.685576 0)
(4.91263 -0.766232 0)
(4.91263 -0.846888 0)
(4.91263 -0.927544 0)
(4.91263 -1.0082 0)
(4.91263 -1.08886 0)
(4.91263 -1.16951 0)
(4.91263 -1.25017 0)
(4.91263 -1.33082 0)
(4.91263 -1.41148 0)
(4.91263 -1.49214 0)
(4.91263 -1.57279 0)
(4.91263 -1.65345 0)
(4.91263 -1.7341 0)
(4.91263 -1.81476 0)
(4.91263 -1.89542 0)
(4.91263 -1.97607 0)
(4.91263 -2.05673 0)
(4.91263 -2.13738 0)
(4.91263 -2.21804 0)
(4.91263 -2.2987 0)
(4.91263 -2.37935 0)
(4.91263 -2.46001 0)
(4.91263 -2.54066 0)
(4.91263 -2.62132 0)
(4.91263 -2.70198 0)
(4.91263 -2.78263 0)
(4.91263 -2.86329 0)
(4.91263 -2.94394 0)
(4.91263 -3.0246 0)
(4.91263 -3.10526 0)
(4.91263 -3.18591 0)
(4.91263 -3.26657 0)
(4.91263 -3.34722 0)
(4.91263 -3.42788 0)
(4.91263 -3.50854 0)
(4.91263 -3.58919 0)
(4.91263 -3.66985 0)
(4.91263 -3.7505 0)
(4.91263 -3.83116 0)
(4.91263 -3.91182 0)
(4.91263 -3.99247 0)
(5.1262 -0.040328 0)
(5.1262 -0.120984 0)
(5.1262 -0.20164 0)
(5.1262 -0.282296 0)
(5.1262 -0.362952 0)
(5.1262 -0.443608 0)
(5.1262 -0.524264 0)
(5.1262 -0.60492 0)
(5.1262 -0.685576 0)
(5.1262 -0.766232 0)
(5.1262 -0.846888 0)
(5.1262 -0.927544 0)
(5.1262 -1.0082 0)
(5.1262 -1.08886 0)
(5.1262 -1.16951 0)
(5.1262 -1.25017 0)
(5.1262 -1.33082 0)
(5.1262 -1.41148 0)
(5.1262 -1.49214 0)
(5.1262 -1.57279 0)
(5.1262 -1.65345 0)
(5.1262 -1.7341 0)
(5.1262 -1.81476 0)
(5.1262 -1.89542 0)
(5.1262 -1.97607 0)
(5.1262 -2.05673 0)
(5.1262 -2.13738 0)
(5.1262 -2.21804 0)
(5.1262 -2.2987 0)
(5.1262 -2.37935 0)
(5.1262 -2.46001 0)
(5.1262 -2.54066 0)
(5.1262 -2.62132 0)
(5.1262 -2.70198 0)
(5.1262 -2.78263 0)
(5.1262 -2.86329 0)
(5.1262 -2.94394 0)
(5.1262 -3.0246 0)
(5.1262 -3.10526 0)
(5.1262 -3.18591 0)
(5.1262 -3.26657 0)
(5.1262 -3.34722 0)
(5.1262 -3.42788 0)
(5.1262 -3.50854 0)
(5.1262 -3.58919 0)
(5.1262 -3.66985 0)
(5.1262 -3.7505 0)
(5.1262 -3.83116 0)
(5.1262 -3.91182 0)
(5.1262 -3.99247 0)
(5.34431 -0.040328 0)
(5.34431 -0.120984 0)
(5.34431 -0.20164 0)
(5.34431 -0.282296 0)
(5.34431 -0.362952 0)
(5.34431 -0.443608 0)
(5.34431 -0.524264 0)
(5.34431 -0.60492 0)
(5.34431 -0.685576 0)
(5.34431 -0.766232 0)
(5.34431 -0.846888 0)
(5.34431 -0.927544 0)
(5.34431 -1.0082 0)
(5.34431 -1.08886 0)
(5.34431 -1.16951 0)
(5.34431 -1.25017 0)
(5.34431 -1.33082 0)
(5.34431 -1.41148 0)
(5.34431 -1.49214 0)
(5.34431 -1.57279 0)
(5.34431 -1.65345 0)
(5.34431 -1.7341 0)
(5.34431 -1.81476 0)
(5.34431 -1.89542 0)
(5.34431 -1.97607 0)
(5.34431 -2.05673 0)
(5.34431 -2.13738 0)
(5.34431 -2.21804 0)
(5.34431 -2.2987 0)
(5.34431 -2.37935 0)
(5.34431 -2.46001 0)
(5.34431 -2.54066 0)
(5.34431 -2.62132 0)
(5.34431 -2.70198 0)
(5.34431 -2.78263 0)
(5.34431 -2.86329 0)
(5.34431 -2.94394 0)
(5.34431 -3.0246 0)
(5.34431 -3.10526 0)
(5.34431 -3.18591 0)
(5.34431 -3.26657 0)
(5.34431 -3.34722 0)
(5.34431 -3.42788 0)
(5.34431 -3.50854 0)
(5.34431 -3.58919 0)
(5.34431 -3.66985 0)
(5.34431 -3.7505 0)
(5.34431 -3.83116 0)
(5.34431 -3.91182 0)
(5.34431 -3.99247 0)
(5.56697 -0.040328 0)
(5.56697 -0.120984 0)
(5.56697 -0.20164 0)
(5.56697 -0.282296 0)
(5.56697 -0.362952 0)
(5.56697 -0.443608 0)
(5.56697 -0.524264 0)
(5.56697 -0.60492 0)
(5.56697 -0.685576 0)
(5.56697 -0.766232 0)
(5.56697 -0.846888 0)
(5.56697 -0.927544 0)
(5.56697 -1.0082 0)
(5.56697 -1.08886 0)
(5.56697 -1.16951 0)
(5.56697 -1.25017 0)
(5.56697 -1.33082 0)
(5.56697 -1.41148 0)
(5.56697 -1.49214 0)
(5.56697 -1.57279 0)
(5.56697 -1.65345 0)
(5.56697 -1.7341 0)
(5.56697 -1.81476 0)
(5.56697 -1.89542 0)
(5.56697 -1.97607 0)
(5.56697 -2.05673 0)
(5.56697 -2.13738 0)
(5.56697 -2.21804 0)
(5.56697 -2.2987 0)
(5.56697 -2.37935 0)
(5.56697 -2.46001 0)
(5.56697 -2.54066 0)
(5.56697 -2.62132 0)
(5.56697 -2.70198 0)
(5.56697 -2.78263 0)
(5.56697 -2.86329 0)
(5.56697 -2.94394 0)
(5.56697 -3.0246 0)
(5.56697 -3.10526 0)
(5.56697 -3.18591 0)
(5.56697 -3.26657 0)
(5.56697 -3.34722 0)
(5.56697 -3.42788 0)
(5.56697 -3.50854 0)
(5.56697 -3.58919 0)
(5.56697 -3.66985 0)
(5.56697 -3.7505 0)
(5.56697 -3.83116 0)
(5.56697 -3.91182 0)
(5.56697 -3.99247 0)
)
;

boundaryField
{
    movingWall
    {
        type            calculated;
        value           uniform (0.8 -0.8 0);
    }
    fixedWalls
    {
        type            calculated;
        value           uniform (0.8 -0.8 0);
    }
    frontAndBack
    {
        type            empty;
    }
}

