/*--------------------------------*- C++ -*----------------------------------*\
| =========                 |                                                 |
| \\      /  F ield         | OpenFOAM: The Open Source CFD Toolbox           |
|  \\    /   O peration     | Version:  v2006                                 |
|   \\  /    A nd           | Website:  www.openfoam.com                      |
|    \\/     M anipulation  |                                                 |
\*---------------------------------------------------------------------------*/
FoamFile
{
    version     2.0;
    format      ascii;
    class       volScalarField;
    location    "0";
    object      f;
}
// * * * * * * * * * * * * * * * * * * * * * * * * * * * * * * * * * * * * * //

dimensions      [0 0 0 0 0 0 0];


internalField   nonuniform List<scalar> 
2500
(
1.38482e-17
-4.08547e-17
-6.42817e-16
6.87637e-16
4.01869e-15
-3.83553e-15
-1.63261e-14
9.90903e-15
4.99139e-14
-1.70149e-14
-1.4979e-13
5.05223e-14
3.54283e-13
-1.02599e-13
-7.16878e-13
-3.1894e-13
1.89025e-12
1.38496e-12
-4.17935e-12
-5.02587e-12
9.11235e-12
9.88376e-12
-5.06413e-12
-2.6792e-11
-2.71674e-11
8.80692e-11
4.62846e-11
-2.69967e-11
-3.58213e-10
2.68054e-10
-1.56891e-10
1.48815e-09
-2.40634e-09
2.98721e-09
-7.2095e-09
1.09587e-08
-1.48557e-08
3.60897e-08
-5.61116e-08
8.60741e-08
-1.98765e-07
3.62541e-07
-6.51562e-07
1.33552e-06
-2.29481e-06
4.0366e-06
-7.5656e-06
1.28722e-05
-2.36646e-05
4.52791e-05
-1.72202e-18
9.05065e-18
1.97203e-16
-4.44532e-16
-1.93502e-15
2.8829e-15
9.13758e-15
-1.0151e-14
-2.86827e-14
2.42078e-14
8.86925e-14
-7.1295e-14
-2.09121e-13
1.58468e-13
4.42819e-13
-5.98265e-14
-1.19321e-12
-1.90916e-13
2.66836e-12
1.71714e-12
-6.05705e-12
-3.13547e-12
5.58806e-12
1.14822e-11
5.76311e-12
-4.02177e-11
-1.16041e-11
1.09649e-11
1.56396e-10
-1.47522e-10
1.82786e-10
-7.96647e-10
1.1824e-09
-1.88956e-09
4.33897e-09
-5.31971e-09
8.73222e-09
-2.18436e-08
2.78657e-08
-4.7191e-08
1.18048e-07
-1.92129e-07
3.60932e-07
-7.70603e-07
1.23645e-06
-2.19407e-06
4.16141e-06
-6.7997e-06
1.28012e-05
-2.49475e-05
5.28709e-20
-2.50803e-18
-4.33291e-17
1.68024e-16
1.11061e-15
-1.10981e-15
-7.14564e-15
4.07311e-15
2.21394e-14
-6.77431e-15
-7.07953e-14
2.74327e-14
1.68607e-13
-5.10469e-14
-3.86414e-13
-4.26376e-14
9.83836e-13
3.18231e-13
-2.13395e-12
-1.65945e-12
4.92432e-12
3.12868e-12
-6.05e-12
-1.0085e-11
1.71038e-12
3.26814e-11
-8.50188e-13
-3.397e-11
-7.55775e-11
1.50087e-10
-1.14747e-10
3.7277e-10
-8.44183e-10
1.40157e-09
-2.15992e-09
3.19407e-09
-6.66271e-09
1.13763e-08
-1.48668e-08
3.40166e-08
-6.64509e-08
1.04549e-07
-2.28368e-07
4.31708e-07
-6.7014e-07
1.29539e-06
-2.33676e-06
3.91654e-06
-7.80075e-06
1.48059e-05
-1.41595e-20
-1.80255e-20
1.21782e-18
-3.52424e-17
-2.53471e-16
3.70672e-16
3.05092e-15
-1.26373e-16
-1.14208e-14
-4.1766e-15
3.76467e-14
9.76022e-15
-8.93675e-14
-3.87138e-14
2.00064e-13
1.83184e-13
-4.88258e-13
-5.73288e-13
9.40838e-13
1.83866e-12
-2.00419e-12
-3.79701e-12
1.50948e-12
8.50944e-12
5.49078e-12
-2.39299e-11
-1.21627e-11
2.28489e-11
7.65748e-11
-9.26361e-11
4.38764e-12
-2.40615e-10
6.24408e-10
-6.30093e-10
1.07289e-09
-2.46824e-09
3.52974e-09
-5.46292e-09
1.16461e-08
-2.03049e-08
3.34518e-08
-7.01464e-08
1.36193e-07
-2.34613e-07
4.35784e-07
-8.14752e-07
1.43737e-06
-2.63759e-06
4.93271e-06
-9.01069e-06
-2.95634e-21
1.20891e-20
3.07955e-19
2.87226e-18
4.15247e-18
-1.59675e-16
-6.50589e-16
3.33109e-16
3.92331e-15
8.47008e-16
-1.47825e-14
-1.60021e-15
3.49954e-14
1.16571e-14
-7.92431e-14
-7.48623e-14
1.90421e-13
2.39101e-13
-3.55503e-13
-7.50543e-13
7.14038e-13
1.52231e-12
-3.599e-14
-3.46685e-12
-4.03162e-12
9.99622e-12
8.94433e-12
-4.4421e-12
-4.87486e-11
3.42997e-11
4.72514e-12
1.6112e-10
-3.01977e-10
2.56724e-10
-7.03741e-10
1.36688e-09
-1.50074e-09
3.5048e-09
-7.03196e-09
9.17166e-09
-2.00119e-08
4.27468e-08
-7.14169e-08
1.42755e-07
-2.70056e-07
4.60575e-07
-8.58456e-07
1.52113e-06
-2.67089e-06
5.03455e-06
-2.34189e-21
-3.94499e-21
2.90956e-20
2.01802e-21
3.96881e-18
3.29067e-17
5.16362e-17
-3.39685e-16
-1.74707e-15
3.54347e-16
8.86117e-15
-2.54349e-16
-2.18745e-14
-5.40343e-15
5.26906e-14
4.10676e-14
-1.34984e-13
-1.37519e-13
2.93274e-13
4.12737e-13
-6.24187e-13
-8.41764e-13
3.95546e-13
1.94735e-12
1.90078e-12
-6.27193e-12
-3.04941e-12
1.75412e-12
2.54866e-11
-1.8217e-11
3.88125e-12
-8.96947e-11
1.6188e-10
-1.87478e-10
4.37298e-10
-6.99636e-10
9.69155e-10
-2.15116e-09
3.53854e-09
-5.62053e-09
1.2665e-08
-2.30347e-08
4.22741e-08
-8.54217e-08
1.43338e-07
-2.5436e-07
4.72621e-07
-7.99529e-07
1.49309e-06
-2.86672e-06
-1.21737e-21
-3.98558e-21
-7.33974e-21
-1.31628e-19
-1.65401e-19
3.6186e-18
1.45017e-17
4.54099e-17
2.17997e-16
-1.45926e-16
-2.83499e-15
-7.51832e-16
8.76881e-15
6.75293e-15
-1.76864e-14
-4.07322e-14
4.56545e-14
1.21765e-13
-6.67025e-14
-3.69949e-13
1.61855e-13
6.41731e-13
2.66742e-13
-1.23958e-12
-2.21182e-12
3.54534e-12
3.49387e-12
1.1265e-12
-1.78195e-11
6.4296e-12
2.35733e-12
5.91684e-11
-9.09818e-11
8.09671e-11
-2.43006e-10
4.21306e-10
-4.76363e-10
1.09051e-09
-2.19359e-09
3.11035e-09
-6.29408e-09
1.2982e-08
-2.25104e-08
4.25624e-08
-7.89063e-08
1.40698e-07
-2.56961e-07
4.66804e-07
-8.51507e-07
1.57329e-06
-5.04075e-22
-2.24062e-21
-5.93526e-21
8.74103e-20
9.37737e-19
6.11186e-19
-9.75095e-18
-2.46118e-17
8.01076e-17
2.86927e-16
-1.00623e-16
-1.65381e-15
-5.00535e-16
5.68668e-15
-2.90204e-16
-3.69585e-15
-7.90592e-15
3.51691e-15
3.41415e-15
4.36759e-14
-6.19399e-14
-1.70617e-15
-6.18699e-14
6.48061e-15
6.77748e-13
-4.99427e-13
-8.1222e-13
-1.79229e-12
5.6674e-12
-5.37102e-13
4.57118e-12
-3.07122e-11
3.11372e-11
-3.85623e-11
1.49675e-10
-1.90272e-10
1.95441e-10
-7.08253e-10
1.11439e-09
-1.16881e-09
3.66915e-09
-7.04877e-09
1.04812e-08
-2.53894e-08
4.62028e-08
-7.32787e-08
1.4634e-07
-2.44729e-07
4.07876e-07
-8.03356e-07
-1.22957e-22
-4.67187e-22
-1.43682e-21
-1.85718e-20
-1.21802e-19
4.42706e-19
6.81106e-18
2.69144e-17
4.78333e-18
-3.0663e-16
-3.82577e-16
1.70685e-15
2.31942e-15
-5.89048e-15
-7.14271e-15
1.15417e-14
2.69604e-14
-2.46153e-14
-7.15929e-14
2.42781e-14
1.94704e-13
-3.88743e-14
-3.49449e-13
-4.67303e-14
3.74348e-13
7.69738e-13
-8.98287e-13
-4.83105e-13
-1.34888e-12
4.36529e-12
-6.47615e-12
1.19556e-11
-1.98119e-11
4.92465e-11
-9.26173e-11
8.72242e-11
-1.9975e-10
4.60273e-10
-4.35731e-10
9.66763e-10
-2.65138e-09
3.43441e-09
-7.26055e-09
1.66676e-08
-2.23148e-08
3.99366e-08
-7.78785e-08
1.11936e-07
-2.27317e-07
4.73249e-07
-1.79381e-23
-9.52261e-23
-8.3814e-22
-6.32613e-21
-2.92595e-20
-1.54964e-19
-9.508e-19
-3.29223e-18
7.41952e-18
1.1863e-16
2.54127e-16
-7.34409e-16
-1.91886e-15
1.39191e-15
7.28979e-15
2.39348e-15
-2.16114e-14
-1.599e-14
4.9541e-14
6.12058e-14
-1.04231e-13
-1.49309e-13
1.2047e-13
3.30597e-13
1.08856e-13
-9.08818e-13
-1.74393e-13
4.13594e-13
2.49356e-12
-2.55512e-12
1.46792e-12
-8.1379e-12
1.81585e-11
-2.97152e-11
4.21406e-11
-6.56095e-11
1.42251e-10
-2.03536e-10
2.94864e-10
-7.58085e-10
1.18308e-09
-1.81925e-09
4.51469e-09
-7.16904e-09
1.06053e-08
-2.37533e-08
4.03256e-08
-7.23586e-08
1.56449e-07
-2.83827e-07
-5.22063e-24
-4.18297e-23
-3.69827e-22
-2.20615e-21
-7.0026e-21
-2.14544e-20
-1.55434e-19
-7.52406e-19
-4.30232e-18
-1.79326e-17
-2.55752e-17
1.87369e-16
3.9339e-16
-4.19545e-16
-1.66845e-15
-7.75198e-16
5.73775e-15
7.02698e-15
-1.08767e-14
-2.41791e-14
1.64087e-14
5.03334e-14
4.00862e-15
-8.81923e-14
-1.35663e-13
3.11253e-13
3.83281e-14
-3.28529e-14
-9.2034e-13
1.27941e-12
-7.60039e-13
3.99537e-12
-1.02131e-11
1.16735e-11
-1.7576e-11
4.66275e-11
-6.63302e-11
9.44273e-11
-2.24266e-10
3.41843e-10
-5.39492e-10
1.30236e-09
-2.26756e-09
4.11529e-09
-9.0032e-09
1.60105e-08
-2.88819e-08
5.53006e-08
-9.31108e-08
1.66302e-07
-1.9978e-24
-1.51266e-23
-9.04602e-23
-3.73608e-22
-1.28658e-21
-9.65924e-21
-5.82411e-20
-1.96654e-19
-3.13336e-19
-1.7784e-18
-1.35127e-17
-7.05098e-17
-9.04559e-17
2.72183e-16
8.32699e-16
-7.9789e-16
-3.63929e-15
2.44592e-15
1.26553e-14
-2.15463e-15
-3.73803e-14
-2.07182e-15
7.90558e-14
3.86427e-14
-9.90059e-14
-3.01124e-13
2.75486e-13
4.86841e-13
3.98966e-13
-1.59803e-12
1.04325e-13
-1.74209e-12
7.95162e-12
-7.973e-12
1.33245e-11
-3.22015e-11
4.15097e-11
-7.23251e-11
1.38076e-10
-2.2417e-10
5.06883e-10
-9.46245e-10
1.76016e-09
-3.84448e-09
6.39025e-09
-1.06192e-08
2.02117e-08
-3.20599e-08
5.7184e-08
-1.15281e-07
-5.2094e-25
-2.70495e-24
-5.34283e-24
9.91016e-24
-6.22281e-23
-1.99436e-21
-9.11497e-21
-4.17549e-20
-2.70322e-19
-1.57011e-18
-4.23684e-18
-1.22761e-18
4.44033e-18
-1.32792e-16
-5.42617e-16
-4.95847e-16
3.32295e-15
5.13304e-15
-1.00679e-14
-1.87615e-14
2.10439e-14
5.35235e-14
-2.10528e-14
-1.13031e-13
-7.7412e-14
2.7426e-13
2.20567e-13
-1.09617e-13
-1.11166e-12
5.59129e-13
3.72946e-13
3.10643e-12
-4.53267e-12
2.88245e-12
-1.14128e-11
1.90776e-11
-2.33926e-11
4.64553e-11
-8.28923e-11
1.63812e-10
-2.89724e-10
4.99161e-10
-1.06601e-09
1.76011e-09
-2.63372e-09
5.42514e-09
-9.33174e-09
1.65315e-08
-3.59775e-08
6.62736e-08
-1.24251e-25
-6.69743e-25
-1.96949e-24
3.10467e-24
5.64264e-23
4.99309e-22
2.42227e-21
-1.05493e-20
-1.4383e-19
-6.39462e-19
-1.81396e-18
-4.6081e-18
-1.53863e-17
-2.89823e-17
4.18077e-17
2.22262e-16
-5.81721e-16
-2.88105e-15
3.89593e-16
1.12084e-14
9.37662e-15
-2.78479e-14
-3.54108e-14
2.72805e-14
1.06275e-13
-8.83584e-15
-1.53997e-13
-2.71272e-13
3.93605e-13
3.04091e-13
2.1352e-13
-1.60083e-12
7.76728e-13
-1.13376e-12
4.99655e-12
-7.64084e-12
8.49823e-12
-1.70283e-11
4.53617e-11
-6.00324e-11
7.90417e-11
-2.44542e-10
3.7445e-10
-5.58043e-10
1.60184e-09
-2.94335e-09
5.1323e-09
-1.12887e-08
1.83189e-08
-3.00713e-08
-1.22409e-26
1.03929e-27
7.92043e-25
7.20307e-24
2.94984e-23
3.21829e-23
-7.45983e-22
-8.7752e-21
-4.69854e-20
-1.77923e-19
-8.74155e-19
-3.56137e-18
-1.03387e-17
-1.48369e-17
-7.1691e-18
-4.92805e-17
-1.74298e-16
-2.38422e-17
1.09584e-15
1.52005e-15
-2.44524e-15
-6.6346e-15
-1.1427e-15
1.94839e-14
1.8058e-14
-1.78274e-14
-8.11979e-14
-1.9514e-14
1.09974e-13
2.77976e-13
-2.32896e-13
-2.06505e-14
-9.53856e-13
1.21185e-12
-1.70499e-12
5.2315e-12
-5.25906e-12
1.20753e-11
-2.75267e-11
2.54989e-11
-8.69401e-11
2.03249e-10
-2.84823e-10
7.74822e-10
-1.53126e-09
2.18675e-09
-4.40203e-09
7.07871e-09
-1.00968e-08
2.11455e-08
3.03621e-26
2.41698e-25
1.66028e-24
8.60343e-24
3.15596e-23
4.74034e-23
-4.73305e-22
-5.5812e-21
-3.47097e-20
-1.5725e-19
-5.62312e-19
-1.41123e-18
-2.61501e-18
-6.75635e-18
-2.98191e-17
-9.18567e-17
-9.22902e-17
2.18406e-16
7.40978e-16
-7.31131e-17
-3.61506e-15
-1.81165e-15
1.19367e-14
1.01242e-14
-5.88988e-15
-5.64705e-14
-8.12727e-15
8.43342e-14
2.03577e-13
-1.8856e-13
-1.40151e-13
-5.5153e-13
8.30847e-13
-3.21926e-13
2.62931e-12
-2.97057e-12
2.46043e-12
-1.23644e-11
1.30567e-11
-2.22121e-11
7.71115e-11
-9.30459e-11
1.87457e-10
-4.327e-10
4.54005e-10
-7.89356e-10
1.56872e-09
-1.85575e-09
4.94518e-09
-1.11433e-08
2.96781e-26
2.09496e-25
1.22648e-24
5.67334e-24
2.08103e-23
4.26561e-23
-1.77138e-22
-2.73511e-21
-1.87476e-20
-8.84582e-20
-3.12519e-19
-8.66749e-19
-2.15207e-18
-5.34264e-18
-1.30584e-17
-2.11158e-17
-6.71918e-18
-7.05766e-17
-3.71821e-16
-5.72411e-16
5.35663e-16
4.87071e-15
4.18953e-15
-8.62345e-15
-2.99262e-14
9.35281e-15
5.8322e-14
8.16494e-14
-1.47606e-13
-1.60546e-13
-1.12074e-13
4.90858e-13
2.73425e-13
3.48846e-13
-1.59058e-12
-1.5387e-13
-1.60838e-12
5.41395e-12
-1.81119e-12
9.61559e-12
-1.40713e-11
4.30325e-12
-3.47833e-11
3.57959e-12
2.60764e-11
1.51402e-10
-1.70378e-10
6.97325e-10
-2.0021e-09
2.61519e-09
1.59205e-26
1.08742e-25
6.18888e-25
2.96883e-24
1.26416e-23
3.69117e-23
-3.60507e-23
-1.33082e-21
-9.81915e-21
-4.66773e-20
-1.65867e-19
-4.93089e-19
-1.34799e-18
-3.30433e-18
-7.21907e-18
-1.17094e-17
-1.40686e-17
-5.64154e-17
-1.48501e-16
-2.26973e-16
4.32268e-16
1.5552e-15
-2.44632e-16
-7.7103e-15
-4.50739e-15
2.46989e-14
2.24137e-14
-3.04218e-14
-7.59583e-14
-5.37579e-14
1.71845e-13
1.90067e-13
9.03815e-14
-6.48587e-13
-2.26116e-13
-5.4414e-13
2.46014e-12
-7.23756e-13
2.15984e-12
-5.96302e-12
5.1436e-12
-2.29653e-11
3.7331e-11
-8.4398e-11
2.50562e-10
-3.98529e-10
7.62464e-10
-1.45599e-09
1.77508e-09
-3.16752e-09
6.58522e-27
4.52822e-26
2.72126e-25
1.49492e-24
7.62935e-24
2.80771e-23
2.31339e-23
-5.34483e-22
-4.61962e-21
-2.38036e-20
-9.19832e-20
-2.89717e-19
-7.69782e-19
-1.70893e-18
-3.40335e-18
-6.83416e-18
-1.96871e-17
-4.97006e-17
-6.07387e-17
4.49356e-17
5.53374e-16
-6.23413e-16
-3.7964e-15
-2.68329e-16
1.28346e-14
1.32774e-14
-2.47079e-14
-4.79062e-14
-1.1264e-14
1.37662e-13
6.48251e-14
-1.31792e-14
-4.32662e-13
9.29612e-14
-2.27551e-13
1.42244e-12
-1.08098e-12
1.4599e-12
-4.46449e-12
6.45863e-12
-1.74977e-11
3.22096e-11
-5.46482e-11
1.36399e-10
-1.92547e-10
2.85025e-10
-5.59015e-10
6.7146e-10
-1.32291e-09
3.18631e-09
2.53733e-27
1.8175e-26
1.2193e-25
7.78619e-25
4.45959e-24
1.82499e-23
3.00374e-23
-2.09686e-22
-2.1987e-21
-1.19079e-20
-4.6805e-20
-1.46341e-19
-3.89705e-19
-9.63913e-19
-2.31011e-18
-5.35958e-18
-9.14238e-18
-7.19539e-18
-3.8462e-18
-5.16724e-17
-3.95995e-16
-7.58901e-16
1.22022e-15
3.83884e-15
3.46583e-15
-1.42107e-14
-1.41606e-14
4.84553e-15
6.69112e-14
6.22269e-15
-2.64445e-14
-2.00652e-13
5.20988e-14
2.16208e-14
6.50695e-13
-3.33083e-13
-6.44291e-14
-1.8406e-12
1.38547e-12
-2.74948e-12
7.59809e-12
-3.7603e-12
1.452e-11
-1.72528e-11
-1.57614e-11
-2.02311e-11
1.05108e-11
-2.10674e-11
5.01218e-10
-8.22362e-10
9.31327e-28
7.07118e-27
5.32639e-26
3.78222e-25
2.26921e-24
9.42904e-24
1.62029e-23
-1.01557e-22
-1.07847e-21
-5.76839e-21
-2.24464e-20
-7.08686e-20
-1.96781e-19
-5.10429e-19
-1.23944e-18
-2.67543e-18
-4.71865e-18
-8.4232e-18
-1.8305e-17
-4.50813e-17
-3.89837e-17
2.29509e-17
3.17558e-16
-4.63055e-16
-2.60436e-15
-2.14715e-15
5.0363e-15
1.63105e-14
3.8149e-15
-2.22169e-14
-4.89529e-14
-1.69508e-14
8.49201e-14
1.455e-13
-1.77758e-14
-1.99921e-13
-4.70653e-13
2.45256e-13
6.00577e-14
1.4321e-12
1.15086e-12
2.34462e-14
-3.50322e-12
-3.30365e-12
-3.08345e-11
6.10457e-11
-9.6716e-11
3.2821e-10
-4.56477e-10
5.52081e-10
2.39032e-28
2.0134e-27
1.79229e-26
1.43016e-25
8.85541e-25
3.50589e-24
3.64409e-24
-6.01511e-23
-5.27378e-22
-2.68833e-21
-1.04051e-20
-3.3736e-20
-9.68813e-20
-2.52999e-19
-5.95597e-19
-1.23224e-18
-2.44328e-18
-5.35161e-18
-1.20282e-17
-2.20171e-17
-2.95678e-17
-9.53557e-18
5.75755e-17
-4.3553e-16
-8.59154e-16
-7.3796e-18
6.50631e-15
4.16172e-15
-1.32206e-14
-3.09065e-14
-3.85916e-15
5.412e-14
1.24668e-13
-1.05248e-13
-1.30679e-13
-3.68648e-13
4.55809e-13
7.90629e-14
1.25571e-12
-1.55398e-12
2.34195e-12
-9.88009e-12
1.40339e-11
-3.40993e-11
7.38927e-11
-1.00002e-10
2.00317e-10
-3.00611e-10
3.66997e-10
-8.47685e-10
-4.14587e-29
-1.36299e-28
1.63114e-27
2.84596e-26
2.12574e-25
7.35207e-25
-1.46057e-24
-3.56077e-23
-2.53398e-22
-1.22737e-21
-4.70046e-21
-1.52284e-20
-4.33696e-20
-1.11845e-19
-2.65107e-19
-5.99991e-19
-1.35099e-18
-2.91994e-18
-5.24841e-18
-6.882e-18
-1.13776e-17
-3.45594e-17
-1.58066e-16
-1.76775e-16
1.38294e-16
1.9544e-15
5.52588e-16
-4.26859e-15
-1.66098e-14
9.99582e-15
1.97849e-14
6.7718e-14
-9.12507e-14
-6.46104e-14
-1.59737e-13
3.01428e-13
8.62844e-14
4.57958e-13
-9.20854e-13
7.0733e-13
-3.44223e-12
4.57115e-12
-7.00168e-12
1.77018e-11
-1.11768e-11
1.96304e-11
-4.51273e-11
1.33947e-11
-1.45847e-10
3.87996e-10
-9.92662e-29
-6.34551e-28
-2.88734e-27
-7.35186e-27
-3.27476e-27
-7.89151e-26
-2.00761e-24
-1.91639e-23
-1.16881e-22
-5.33514e-22
-1.96884e-21
-6.18724e-21
-1.7281e-20
-4.47432e-20
-1.10474e-19
-2.64157e-19
-5.89458e-19
-1.18127e-18
-2.13901e-18
-4.13843e-18
-9.62998e-18
-2.47285e-17
-3.69909e-17
3.68097e-17
2.31997e-16
-4.08598e-16
-1.72401e-15
-4.53638e-15
8.52713e-15
1.20298e-14
1.05168e-14
-4.828e-14
-3.76747e-14
1.69488e-14
1.31684e-13
8.82148e-14
-7.91379e-14
-2.69853e-13
-1.82968e-13
-2.50171e-15
1.2286e-13
1.95997e-12
-1.86671e-12
6.91294e-12
-1.30741e-11
1.04223e-11
-2.79095e-11
1.24012e-11
3.19891e-11
2.82722e-11
-6.69655e-29
-4.44698e-28
-2.30183e-27
-8.78397e-27
-2.75736e-26
-1.39115e-25
-1.20057e-24
-8.83452e-24
-4.83958e-23
-2.05401e-22
-7.12582e-22
-2.13491e-21
-5.83055e-21
-1.51833e-20
-3.81311e-20
-9.03991e-20
-1.96035e-19
-4.10263e-19
-9.03408e-19
-2.06933e-18
-4.65573e-18
-8.58659e-18
-5.93811e-18
3.7712e-18
-1.03522e-16
-3.9405e-16
-2.7882e-16
1.42273e-15
3.73821e-15
-6.65697e-16
-1.3029e-14
-1.28715e-14
1.96788e-14
3.64775e-14
3.52439e-14
-6.13949e-14
-1.2444e-13
-7.49913e-14
8.44333e-14
1.8806e-13
4.34421e-13
4.33336e-13
-1.13486e-12
1.40966e-12
-1.26334e-11
1.78114e-11
-3.11869e-11
7.29763e-11
-6.83121e-11
9.84066e-11
-2.71006e-29
-1.79587e-28
-9.20835e-28
-3.44828e-27
-1.06796e-26
-5.34618e-26
-4.40641e-25
-3.04515e-24
-1.55339e-23
-6.08664e-23
-1.94077e-22
-5.35807e-22
-1.36017e-21
-3.29653e-21
-7.56848e-21
-1.67741e-20
-3.89482e-20
-1.04384e-19
-2.833e-19
-6.63147e-19
-1.19911e-18
-1.44977e-18
-4.25877e-18
-1.64149e-17
-5.82631e-17
-7.31827e-17
1.80628e-16
4.67289e-16
-2.33316e-16
-4.18548e-15
-1.77896e-15
3.68127e-15
2.62821e-14
-9.73685e-15
-1.84078e-14
-8.17175e-14
5.96623e-14
-1.77974e-14
2.67037e-13
-2.04703e-13
7.99774e-13
-2.14527e-12
2.83472e-12
-7.8161e-12
1.27128e-11
-1.50175e-11
3.1432e-11
-3.54272e-11
5.42643e-11
-1.55674e-10
-5.82651e-30
-3.6761e-29
-1.55393e-28
-2.63009e-28
1.06541e-27
5.09974e-27
-2.94951e-26
-3.96967e-25
-2.09845e-24
-6.67042e-24
-1.17825e-23
5.69595e-24
1.35682e-22
6.50717e-22
2.22023e-21
5.89925e-21
1.18476e-20
1.72802e-20
2.03708e-20
1.65462e-20
-4.43391e-20
-5.64116e-19
-2.7275e-18
-7.9935e-18
-5.37296e-18
3.62955e-17
-9.28615e-18
-2.00525e-16
-1.33527e-15
2.46704e-16
1.71419e-15
1.00119e-14
-5.69383e-15
-1.22071e-14
-3.1801e-14
2.65431e-14
3.23669e-14
9.92402e-14
-4.44217e-14
9.29047e-15
-5.00205e-13
5.71571e-14
-1.31967e-14
3.37185e-13
3.95491e-12
-4.34539e-12
8.82823e-12
-2.26355e-11
4.99496e-12
-3.62244e-13
9.51452e-31
8.16986e-30
7.73767e-29
6.61972e-28
4.52969e-27
2.45343e-26
1.10509e-25
4.56133e-25
1.90951e-24
8.24855e-24
3.45801e-23
1.32901e-22
4.57623e-22
1.41123e-21
3.91762e-21
9.86738e-21
2.28521e-20
4.97907e-20
1.01979e-19
1.8632e-19
2.64971e-19
1.45827e-19
-1.88057e-19
5.56663e-19
2.82975e-18
-6.45411e-18
-5.47891e-17
-1.36116e-16
-1.53032e-16
7.74596e-16
1.51263e-15
-1.47583e-15
-7.91496e-15
-3.27293e-15
6.5455e-15
3.06328e-14
6.15497e-15
-1.07315e-14
-9.70577e-14
1.30091e-14
-2.16134e-13
6.26423e-13
-7.1115e-13
2.40883e-12
-3.10873e-12
2.35227e-12
-7.00156e-12
3.36225e-12
-4.24551e-12
3.22953e-11
1.84945e-30
1.35972e-29
9.67116e-29
6.5989e-28
4.14038e-27
2.31165e-26
1.14888e-25
5.21617e-25
2.22565e-24
9.01376e-24
3.43425e-23
1.21272e-22
3.92894e-22
1.16698e-21
3.20456e-21
8.24007e-21
1.99999e-20
4.55892e-20
9.62021e-20
1.8515e-19
3.20672e-19
5.23803e-19
8.57862e-19
1.33352e-18
1.45e-19
-6.42374e-18
-1.79843e-17
-2.16705e-18
1.23005e-16
7.92209e-17
-6.15769e-16
-2.236e-15
-2.55233e-16
6.41677e-15
8.76299e-15
1.81624e-15
-2.7457e-14
-1.88841e-14
-3.05096e-14
6.49901e-14
3.61165e-14
3.66014e-13
-5.80551e-13
1.10733e-12
-3.8301e-12
5.23857e-12
-9.55368e-12
1.80496e-11
-1.82979e-11
3.57013e-11
1.3232e-30
9.60325e-30
6.64053e-29
4.4011e-28
2.72672e-27
1.53413e-26
7.77795e-26
3.5964e-25
1.54132e-24
6.16814e-24
2.30091e-23
7.96417e-23
2.55269e-22
7.59904e-22
2.11596e-21
5.55109e-21
1.37348e-20
3.19012e-20
6.9371e-20
1.41774e-19
2.73442e-19
4.91317e-19
7.79692e-19
9.42157e-19
4.51647e-19
-4.18711e-19
4.01823e-18
1.1922e-17
1.86208e-17
-1.7406e-16
-2.14205e-16
-4.18263e-16
2.51298e-15
-1.77751e-16
2.0228e-15
-1.42558e-14
4.13722e-15
-1.94111e-14
6.61163e-14
-4.14204e-14
1.97521e-13
-4.37707e-13
5.79438e-13
-1.56986e-12
2.01601e-12
-2.38886e-12
5.30021e-12
-5.04136e-12
1.09238e-11
-3.18508e-11
7.21429e-31
5.22348e-30
3.58974e-29
2.35794e-28
1.45304e-27
8.20411e-27
4.2078e-26
1.9723e-25
8.52939e-25
3.42122e-24
1.27489e-23
4.41987e-23
1.42909e-22
4.32246e-22
1.2269e-21
3.27763e-21
8.25114e-21
1.95744e-20
4.37516e-20
9.20488e-20
1.80862e-19
3.25522e-19
5.26571e-19
7.76642e-19
1.10937e-18
1.62846e-18
1.59119e-18
-3.78143e-18
-2.04963e-17
-1.85512e-17
5.50325e-17
2.42988e-16
-3.87042e-16
-9.85326e-16
-3.12613e-15
-4.71322e-16
4.89752e-15
1.71406e-14
1.52531e-15
-7.17565e-15
-5.25788e-14
-6.63325e-14
7.36562e-14
-2.11483e-13
1.17773e-12
-1.21661e-12
2.2843e-12
-4.2124e-12
1.41619e-12
-4.0994e-12
3.14954e-31
2.27896e-30
1.56427e-29
1.02761e-28
6.37089e-28
3.64929e-27
1.91017e-26
9.14392e-26
4.02431e-25
1.63632e-24
6.17409e-24
2.172e-23
7.15199e-23
2.20862e-22
6.40362e-22
1.74622e-21
4.48704e-21
1.08622e-20
2.46919e-20
5.24302e-20
1.03345e-19
1.88786e-19
3.2215e-19
5.2599e-19
7.99192e-19
9.70637e-19
4.81486e-19
-1.2427e-18
-1.2913e-18
6.79562e-18
5.0522e-18
-5.08379e-18
-3.34811e-16
-3.74789e-16
-6.82452e-16
2.86904e-15
1.71013e-15
2.68531e-15
-1.23364e-14
4.14753e-15
-5.40503e-14
8.92982e-14
-8.07343e-14
3.35057e-13
-2.5013e-13
-3.65772e-15
-2.59044e-13
-1.40158e-12
1.05952e-12
3.01442e-12
1.02643e-31
7.43965e-31
5.15505e-30
3.46393e-29
2.2247e-28
1.32957e-27
7.26608e-27
3.6166e-26
1.64504e-25
6.87766e-25
2.66058e-24
9.58675e-24
3.23359e-23
1.02342e-22
3.04167e-22
8.49398e-22
2.22889e-21
5.48396e-21
1.26007e-20
2.69685e-20
5.38273e-20
1.00699e-19
1.77129e-19
2.8853e-19
4.09045e-19
4.543e-19
3.70622e-19
5.84848e-19
1.43234e-18
2.94891e-18
-9.38739e-18
-1.88326e-17
-1.4036e-16
7.15024e-17
5.68927e-17
1.18733e-15
-1.60187e-15
-6.36724e-16
-9.83441e-15
9.66249e-15
-1.06404e-14
9.19464e-14
-1.42435e-13
3.40686e-13
-8.34441e-13
1.0694e-12
-2.16549e-12
3.68243e-12
-4.02661e-12
8.40534e-12
1.66389e-32
1.2266e-31
9.13526e-31
7.01044e-30
5.24574e-29
3.59429e-28
2.19208e-27
1.18749e-26
5.76227e-26
2.53279e-25
1.01996e-24
3.80288e-24
1.32338e-23
4.3164e-23
1.3203e-22
3.78244e-22
1.01302e-21
2.53097e-21
5.89013e-21
1.27757e-20
2.58781e-20
4.89106e-20
8.56213e-20
1.36659e-19
1.95673e-19
2.56027e-19
3.29719e-19
4.0171e-19
1.30115e-19
-1.65821e-18
-4.3969e-18
-9.54019e-18
4.13713e-17
2.70948e-17
1.71563e-16
-9.95193e-16
-5.93021e-16
-2.97648e-15
7.49078e-15
-5.64958e-15
3.49017e-14
-5.93754e-14
8.63587e-14
-2.38516e-13
2.1519e-13
-2.29471e-13
6.11584e-13
-3.38206e-13
1.32389e-12
-4.24136e-12
-7.72982e-33
-5.38691e-32
-3.09818e-31
-1.23855e-30
-9.49847e-31
3.66734e-29
4.07292e-28
2.89485e-27
1.6394e-26
7.94936e-26
3.42686e-25
1.34569e-24
4.8896e-24
1.65631e-23
5.23576e-23
1.54156e-22
4.22041e-22
1.07378e-21
2.53973e-21
5.58676e-21
1.14163e-20
2.15861e-20
3.75859e-20
6.02502e-20
8.96538e-20
1.24544e-19
1.52864e-19
1.21167e-19
-8.87073e-20
-4.40837e-19
-2.28562e-19
6.49108e-19
-6.6266e-19
-2.40898e-17
-5.46113e-17
-6.44063e-17
2.03749e-16
3.11338e-16
6.61039e-16
-4.46639e-16
-3.72663e-16
-2.12869e-14
2.60835e-14
-7.90135e-14
2.45717e-13
-2.74228e-13
5.53035e-13
-8.27853e-13
5.71287e-13
-1.61938e-12
-9.52964e-33
-6.75927e-32
-4.26104e-31
-2.31188e-30
-1.03376e-29
-3.48996e-29
-6.10424e-29
2.35143e-28
3.06204e-27
1.95335e-26
9.7086e-26
4.17241e-25
1.61721e-24
5.75502e-24
1.89096e-23
5.74258e-23
1.61262e-22
4.19105e-22
1.0085e-21
2.2455e-21
4.61842e-21
8.76116e-21
1.53525e-20
2.49634e-20
3.75393e-20
5.04664e-20
5.4391e-20
3.26899e-20
-1.81552e-20
-3.76405e-20
-1.40508e-20
-5.90268e-19
-2.63796e-18
-7.93696e-18
-7.33199e-18
8.23499e-18
3.5965e-17
1.589e-16
-7.1926e-16
-1.54764e-16
-6.65114e-15
9.60351e-15
-1.01762e-14
4.42061e-14
6.51285e-15
-4.17053e-14
2.08097e-14
-3.68743e-13
2.63579e-13
2.3909e-13
-6.12188e-33
-4.35592e-32
-2.79034e-31
-1.58113e-30
-7.77614e-30
-3.24503e-29
-1.1037e-28
-2.72882e-28
-2.21619e-28
2.51743e-27
2.07209e-26
1.08676e-25
4.70051e-25
1.7936e-24
6.18702e-24
1.94868e-23
5.63122e-23
1.49686e-22
3.66401e-22
8.26237e-22
1.71722e-21
3.29215e-21
5.82438e-21
9.47527e-21
1.39614e-20
1.80162e-20
1.93616e-20
1.64354e-20
7.62426e-21
-2.73338e-20
-1.80772e-19
-6.11318e-19
-1.33184e-18
-9.08293e-19
-1.14686e-18
1.48609e-17
-2.84561e-17
1.29055e-16
-7.45201e-16
1.37899e-15
-5.23412e-15
1.43704e-14
-2.39749e-14
6.4413e-14
-1.45609e-13
1.7803e-13
-3.68146e-13
6.05524e-13
-7.04763e-13
1.56267e-12
-3.09933e-33
-2.20791e-32
-1.42329e-31
-8.20113e-31
-4.17235e-30
-1.85315e-29
-7.09005e-29
-2.27968e-28
-5.7621e-28
-8.51949e-28
1.64555e-27
2.09889e-26
1.15391e-25
4.93315e-25
1.81834e-24
5.98412e-24
1.78457e-23
4.85733e-23
1.21149e-22
2.77635e-22
5.85628e-22
1.13668e-21
2.0222e-21
3.26884e-21
4.73297e-21
6.03419e-21
6.6303e-21
5.57098e-21
-9.23663e-22
-2.34693e-20
-7.74172e-20
-1.46761e-19
-1.57397e-19
-7.00998e-20
-8.92141e-19
-2.61513e-18
-8.97349e-18
-2.05597e-17
1.61968e-16
-4.05672e-16
3.47686e-15
-5.69576e-15
9.73874e-15
-3.17383e-14
2.19994e-14
-1.85799e-14
7.24995e-14
-9.21589e-15
1.7332e-13
-5.91749e-13
-1.3603e-33
-9.69619e-33
-6.27055e-32
-3.64395e-31
-1.88484e-30
-8.61264e-30
-3.45438e-29
-1.20555e-28
-3.59013e-28
-8.62242e-28
-1.32459e-27
1.24308e-27
2.14895e-26
1.16031e-25
4.73143e-25
1.64661e-24
5.09166e-24
1.42354e-23
3.63002e-23
8.48078e-23
1.81788e-22
3.56814e-22
6.37846e-22
1.0305e-21
1.48941e-21
1.88578e-21
1.93809e-21
9.89636e-22
-2.32123e-21
-8.83746e-21
-1.47208e-20
-1.13732e-20
-1.67779e-20
-1.38755e-19
-6.07062e-19
-1.95018e-18
-5.85343e-19
-5.89092e-19
4.90834e-17
-3.49172e-17
5.91576e-16
-2.57142e-15
5.21307e-15
-1.54323e-14
3.73806e-14
-4.4148e-14
8.94264e-14
-1.3715e-13
1.10357e-13
-3.13172e-13
-5.37285e-34
-3.83086e-33
-2.48155e-32
-1.44836e-31
-7.5538e-31
-3.4995e-30
-1.43487e-29
-5.18976e-29
-1.64387e-28
-4.46698e-28
-9.7824e-28
-1.32563e-27
1.65434e-27
2.15687e-26
1.06093e-25
4.00285e-25
1.29649e-24
3.7441e-24
9.79181e-24
2.33378e-23
5.07774e-23
1.00721e-22
1.81459e-22
2.94977e-22
4.26335e-22
5.24339e-22
4.73084e-22
9.10234e-23
-7.28324e-22
-1.56802e-21
-1.51722e-21
-2.41808e-21
-1.67953e-20
-6.74339e-20
-1.15461e-19
-3.03988e-19
7.24308e-19
6.17145e-19
1.22933e-17
-2.46146e-18
-1.16563e-16
4.66136e-16
-1.18097e-15
4.95565e-15
1.46912e-15
-9.15768e-15
6.18203e-15
-5.33943e-14
3.41196e-14
3.89542e-14
-1.93594e-34
-1.38041e-33
-8.94697e-33
-5.22997e-32
-2.7361e-31
-1.27466e-30
-5.27715e-30
-1.94028e-29
-6.32082e-29
-1.808e-28
-4.42293e-28
-8.54793e-28
-8.91116e-28
2.26773e-27
1.92629e-26
8.38916e-26
2.90633e-25
8.74212e-25
2.35065e-24
5.71263e-24
1.26009e-23
2.52478e-23
4.5807e-23
7.44843e-23
1.05894e-22
1.24287e-22
1.04667e-22
3.76096e-23
-2.40072e-23
1.61161e-23
-3.0434e-23
-1.05085e-21
-3.09593e-21
8.53094e-22
3.60466e-20
9.25398e-20
1.08464e-19
-2.3985e-19
-4.37567e-18
3.8929e-18
-1.44769e-16
8.53485e-16
-2.47239e-15
7.84647e-15
-1.68503e-14
2.43026e-14
-4.78463e-14
7.64133e-14
-9.10309e-14
2.09121e-13
-6.36952e-35
-4.54117e-34
-2.94259e-33
-1.71958e-32
-8.99597e-32
-4.19529e-31
-1.7425e-30
-6.45141e-30
-2.12936e-29
-6.24208e-29
-1.60542e-28
-3.50599e-28
-5.8668e-28
-3.94606e-28
2.2715e-27
1.43119e-26
5.57328e-26
1.77437e-25
4.93065e-25
1.2235e-24
2.73604e-24
5.52527e-24
1.00173e-23
1.60285e-23
2.19201e-23
2.44257e-23
2.1693e-23
2.12665e-23
4.55027e-23
1.25788e-22
3.42715e-22
1.14826e-21
4.08995e-21
1.21136e-20
2.6241e-20
3.57726e-20
-4.83611e-20
-1.29501e-19
-6.42006e-19
2.49513e-18
5.42673e-18
-4.98275e-17
3.76594e-16
-1.81047e-15
1.70236e-15
-4.54385e-16
3.88739e-15
6.24746e-15
9.45555e-15
-5.66789e-14
-1.90642e-35
-1.35887e-34
-8.79931e-34
-5.13598e-33
-2.68307e-32
-1.24997e-31
-5.19243e-31
-1.92673e-30
-6.39628e-30
-1.89867e-29
-5.01598e-29
-1.16376e-28
-2.28512e-28
-3.34221e-28
-1.1488e-28
1.61975e-27
8.49094e-27
2.99747e-26
8.76265e-26
2.23818e-25
5.08543e-25
1.0301e-24
1.8399e-24
2.82598e-24
3.59057e-24
3.64704e-24
3.36873e-24
5.86358e-24
2.09678e-23
8.1935e-23
3.03151e-22
9.92679e-22
2.68189e-21
5.79124e-21
9.83504e-21
1.58947e-20
2.62735e-20
1.04093e-19
2.44461e-19
4.38211e-19
2.54453e-19
-3.05685e-17
2.8627e-16
-1.4231e-15
3.63256e-15
-6.20256e-15
1.27978e-14
-2.04099e-14
2.29818e-14
-5.43357e-14
-5.17554e-36
-3.68811e-35
-2.38641e-34
-1.39101e-33
-7.25396e-33
-3.37356e-32
-1.39972e-31
-5.19376e-31
-1.72813e-30
-5.16515e-30
-1.38675e-29
-3.33341e-29
-7.09165e-29
-1.28787e-28
-1.75262e-28
-5.32473e-29
7.67033e-28
3.75059e-27
1.23407e-26
3.33759e-26
7.77706e-26
1.57046e-25
2.69638e-25
3.75554e-25
3.86407e-25
2.50658e-25
2.56664e-25
1.83634e-24
1.00121e-23
4.06415e-23
1.34931e-22
3.74326e-22
8.79259e-22
1.85846e-21
4.03979e-21
1.03288e-20
2.70968e-20
5.84258e-20
9.02266e-20
-9.74283e-20
-3.35672e-19
-4.08136e-18
1.86838e-17
3.85284e-17
-1.16738e-16
-3.2004e-16
1.8944e-16
-2.92949e-15
1.09777e-15
1.05271e-14
-1.2743e-36
-9.07863e-36
-5.87043e-35
-3.41758e-34
-1.77918e-33
-8.25844e-33
-3.42049e-32
-1.2679e-31
-4.22151e-31
-1.26678e-30
-3.43622e-30
-8.44776e-30
-1.88474e-29
-3.79935e-29
-6.76136e-29
-9.75985e-29
-7.41027e-29
1.78821e-28
1.10686e-27
3.60766e-27
8.99972e-27
1.80158e-26
2.75283e-26
2.5449e-26
-6.18759e-27
-4.91407e-26
8.67345e-26
1.06757e-24
4.64983e-24
1.49458e-23
4.10762e-23
1.04067e-22
2.5898e-22
6.59796e-22
1.67969e-21
3.98073e-21
8.20056e-21
1.22463e-20
1.47289e-20
-2.06337e-22
6.73385e-20
2.88149e-19
-4.28531e-18
1.13446e-16
-6.07828e-16
1.58584e-15
-3.67647e-15
6.58545e-15
-9.44892e-15
2.11604e-14
-2.85251e-37
-2.03185e-36
-1.31309e-35
-7.63598e-35
-3.96888e-34
-1.83869e-33
-7.60113e-33
-2.81376e-32
-9.36715e-32
-2.81688e-31
-7.69023e-31
-1.91878e-30
-4.41539e-30
-9.45953e-30
-1.8923e-29
-3.4815e-29
-5.61022e-29
-6.94621e-29
-3.14051e-29
1.51391e-28
5.94496e-28
1.18089e-27
7.66978e-28
-3.67517e-27
-1.36066e-26
-9.78894e-27
9.29078e-26
4.9933e-25
1.56724e-24
4.03644e-24
1.0535e-23
3.05532e-23
8.99731e-23
2.37708e-22
5.25494e-22
9.46286e-22
1.46687e-21
2.36512e-21
6.24249e-21
1.84869e-20
3.60485e-20
1.61159e-20
-5.75263e-19
5.29011e-18
-2.2823e-17
5.50243e-17
-8.02416e-18
2.46564e-16
2.59696e-17
-3.55152e-15
-5.83641e-38
-4.15664e-37
-2.68494e-36
-1.55991e-35
-8.09657e-35
-3.74474e-34
-1.54554e-33
-5.71381e-33
-1.90105e-32
-5.72151e-32
-1.56785e-31
-3.95003e-31
-9.27653e-31
-2.06143e-30
-4.3705e-30
-8.78227e-30
-1.63617e-29
-2.73524e-29
-3.90927e-29
-4.34198e-29
-3.28727e-29
-5.83706e-29
-3.97974e-28
-1.57104e-27
-2.70556e-27
4.42977e-27
4.44838e-26
1.58211e-25
3.96706e-25
9.59464e-25
2.91996e-24
9.87974e-24
2.91527e-23
6.78785e-23
1.21564e-22
1.76087e-22
2.89827e-22
7.81249e-22
2.08436e-21
3.4156e-21
-3.97168e-21
-3.43578e-20
-1.14802e-19
-8.33644e-20
7.99345e-18
-8.03621e-17
3.46788e-16
-9.69377e-16
1.87148e-15
-4.71392e-15
-1.10243e-38
-7.85049e-38
-5.06921e-37
-2.9432e-36
-1.5262e-35
-7.05107e-35
-2.90694e-34
-1.07365e-33
-3.56975e-33
-1.07445e-32
-2.94997e-32
-7.4748e-32
-1.7763e-31
-4.02385e-31
-8.75658e-31
-1.81814e-30
-3.53959e-30
-6.33574e-30
-1.01918e-29
-1.42478e-29
-1.77882e-29
-3.15536e-29
-1.05924e-28
-2.87912e-28
-1.46599e-28
2.52425e-27
1.27546e-26
3.63429e-26
8.23035e-26
2.21585e-25
8.00279e-25
2.75696e-24
7.42556e-24
1.49115e-23
2.27375e-23
3.34039e-23
7.70896e-23
2.03238e-22
2.53814e-22
-6.19759e-22
-4.05946e-21
-8.19845e-21
-9.24357e-22
3.14603e-20
6.47722e-19
-8.45744e-18
3.80959e-17
-1.05566e-16
2.78223e-16
-2.83446e-16
-1.94956e-39
-1.3882e-38
-8.96226e-38
-5.20182e-37
-2.69621e-36
-1.24503e-35
-5.13019e-35
-1.8938e-34
-6.2938e-34
-1.89408e-33
-5.20422e-33
-1.32195e-32
-3.15689e-32
-7.20308e-32
-1.58099e-31
-3.31354e-31
-6.52655e-31
-1.1883e-30
-1.95958e-30
-2.83224e-30
-3.66443e-30
-6.26813e-30
-1.84414e-29
-4.04023e-29
3.32845e-29
6.36078e-28
2.60103e-27
6.69673e-27
1.5163e-26
4.67556e-26
1.80472e-25
5.99345e-25
1.49895e-24
2.77807e-24
4.14693e-24
7.16066e-24
1.73136e-23
2.97744e-23
-3.11025e-23
-3.66308e-22
-1.03713e-21
-1.09902e-21
2.02754e-21
4.93461e-21
-1.02209e-20
4.06329e-20
-4.86694e-18
3.18018e-17
-1.19242e-16
5.68902e-16
-3.26913e-40
-2.32775e-39
-1.50271e-38
-8.72109e-38
-4.51975e-37
-2.08678e-36
-8.59734e-36
-3.17316e-35
-1.05438e-34
-3.1728e-34
-8.7187e-34
-2.21581e-33
-5.29687e-33
-1.21033e-32
-2.66091e-32
-5.5873e-32
-1.10332e-31
-2.01659e-31
-3.34277e-31
-4.85895e-31
-6.30796e-31
-1.06296e-30
-3.00926e-30
-6.07805e-30
8.50487e-30
1.1346e-28
4.40776e-28
1.10775e-27
2.56299e-27
8.35964e-27
3.25682e-26
1.05863e-25
2.57858e-25
4.71401e-25
7.32886e-25
1.38518e-24
3.19631e-24
3.97152e-24
-1.21569e-23
-7.97353e-23
-1.90905e-22
-1.76798e-22
2.12069e-22
-2.13475e-22
-6.13006e-21
-1.88878e-20
-3.50253e-19
2.24208e-18
-1.20972e-17
9.69554e-17
)
;

boundaryField
{
    movingWall
    {
        type            zeroGradient;
    }
    fixedWalls
    {
        type            zeroGradient;
    }
    frontAndBack
    {
        type            empty;
    }
}

