/*--------------------------------*- C++ -*----------------------------------*\
| =========                 |                                                 |
| \\      /  F ield         | OpenFOAM: The Open Source CFD Toolbox           |
|  \\    /   O peration     | Version:  v2006                                 |
|   \\  /    A nd           | Website:  www.openfoam.com                      |
|    \\/     M anipulation  |                                                 |
\*---------------------------------------------------------------------------*/
FoamFile
{
    version     2.0;
    format      ascii;
    class       volScalarField;
    location    "0";
    object      shifted_f;
}
// * * * * * * * * * * * * * * * * * * * * * * * * * * * * * * * * * * * * * //

dimensions      [0 0 0 0 0 0 0];


internalField   nonuniform List<scalar> 
2500
(
0
0
0
0
0
0
0
3.13257e-32
0
0
0
0
-2.10468e-37
0
0
0
0
0
0
0
0
0
-9.48559e-16
0
0
0
0
8.32421e-18
0
0
0
0
0
0
0
0
0
4.38827e-52
0
0
0
0
-2.00741e-26
0
0
0
0
0
0
0
0
0
9.36064e-41
0
0
0
0
0
0
0
0
0
3.44584e-48
0
0
0
0
-5.72299e-19
0
0
0
0
0
0
0
0
0
0
0
0
0
0
0
0
0
0
0
3.31694e-51
0
0
0
0
0
0
0
0
0
0
0
0
0
0
-2.13303e-39
0
0
0
0
0
0
0
0
0
-5.78759e-24
0
0
0
0
0
0
0
0
0
0
0
0
0
0
0
0
0
0
0
0
0
0
0
0
1.22956e-50
0
0
0
0
-4.00701e-26
0
0
0
0
0
0
0
0
0
-2.05066e-38
0
0
0
0
0
0
0
0
0
-5.69229e-23
0
0
0
0
0
0
0
0
0
0
0
0
0
0
0
0
0
0
0
0
0
0
0
0
0
0
0
0
0
0
0
0
0
0
0
0
0
0
0
-1.32337e-37
0
0
0
0
2.59265e-28
0
0
0
0
0
0
0
0
0
0
0
0
0
0
3.12942e-14
0
0
0
0
0
0
0
0
0
0
0
0
0
0
3.03592e-22
0
0
0
0
0
0
0
0
0
0
0
0
0
0
0
0
0
0
0
0
0
0
0
0
1.25685e-44
0
0
0
0
0
0
0
0
0
0
0
0
0
0
0
0
0
0
0
0
0
0
0
0
0
0
0
0
0
0
0
0
0
0
0
0
0
0
0
0
0
0
0
0
0
0
0
0
0
0
0
0
0
0
0
0
0
0
0
0
0
0
0
0
0
0
0
0
0
0
0
0
0
0
0
0
0
0
0
-1.01681e-25
0
0
0
0
0
0
0
0
0
-2.16059e-33
0
0
0
0
0
0
0
0
0
0
0
0
0
0
0
0
0
0
0
0
0
0
0
0
0
0
0
0
0
0
0
0
0
0
0
0
0
0
0
0
0
0
0
0
0
0
0
0
0
0
0
0
0
0
0
0
0
0
0
0
0
0
0
0
-4.10704e-15
0
0
0
0
0
0
0
0
0
0
0
0
0
0
0
0
0
0
0
0
0
0
0
0
0
0
0
0
0
0
0
0
0
0
-8.2198e-31
0
0
0
0
0
0
0
0
0
0
0
0
0
0
0
0
0
0
0
0
0
0
0
0
0
0
0
0
0
0
0
0
0
0
0
0
0
0
0
8.54043e-26
0
0
0
0
0
0
0
0
0
-2.59606e-33
0
0
0
0
0
0
0
0
0
0
0
0
0
0
-2.98761e-15
0
0
0
0
0
0
0
0
0
0
0
0
0
0
0
0
0
0
0
0
0
0
0
0
0
0
0
0
0
0
0
0
0
0
0
0
0
0
0
0
0
0
0
0
0
0
0
0
0
0
0
0
0
0
0
0
0
0
0
0
0
0
0
0
0
0
0
0
0
0
0
0
0
0
0
0
0
0
0
0
0
0
0
0
6.1061e-37
-1.07748e-32
1.75715e-31
0
0
0
0
0
0
0
0
0
0
0
0
-8.79486e-15
0
0
0
0
0
0
0
0
0
0
0
0
0
0
0
0
0
0
0
0
0
-8.38091e-25
0
0
5.20201e-25
0
0
0
0
2.70304e-30
0
0
0
0
0
0
0
0
0
0
0
0
0
0
0
0
0
0
0
0
0
0
0
0
0
0
0
0
0
0
0
0
0
0
0
0
0
0
0
0
0
0
0
0
0
0
0
0
0
0
0
0
0
0
-3.72211e-26
0
0
0
0
0
0
0
0
0
0
0
0
0
0
0
0
0
0
0
0
0
0
0
0
0
0
0
0
0
0
0
0
0
0
0
0
0
0
0
2.84744e-25
0
0
0
0
0
0
0
0
0
0
0
0
0
0
0
0
0
0
0
0
0
0
0
0
0
0
0
0
0
0
0
0
0
0
0
0
0
0
0
0
0
0
0
0
0
0
0
0
0
0
0
0
0
0
0
0
0
0
0
0
0
0
0
0
0
0
0
0
0
0
0
0
0
0
0
0
0
0
0
0
0
0
0
0
0
0
0
0
0
0
0
0
0
0
0
0
0
0
0
0
0
0
0
0
0
0
0
0
0
0
0
0
0
0
0
0
0
0
0
0
0
0
0
0
-1.68147e-14
0
0
0
0
0
0
0
0
0
0
0
0
0
0
0
0
0
0
0
-1.55978e-28
0
0
0
0
0
0
0
0
0
0
0
0
0
0
0
0
0
0
0
0
0
0
0
0
0
0
0
0
0
0
0
0
0
0
0
0
0
0
0
0
0
0
0
0
0
0
0
0
0
0
0
0
0
0
0
0
0
0
0
0
0
0
0
0
0
0
0
0
0
0
0
0
0
0
0
0
0
0
0
0
0
0
0
0
0
0
0
0
0
0
0
0
0
0
0
0
0
0
0
0
0
0
0
0
0
0
0
0
0
-2.26094e-28
0
0
0
0
-4.00247e-22
0
0
0
0
0
0
0
0
0
0
0
0
0
0
-9.99426e-15
0
0
0
0
0
0
0
0
0
0
0
0
0
0
0
0
0
0
0
-1.35012e-41
0
0
0
0
1.21469e-24
0
0
0
0
0
0
0
0
0
0
0
0
0
0
0
0
0
0
0
0
0
0
0
0
0
0
0
0
0
0
0
0
0
0
0
0
0
0
0
0
0
0
0
0
0
0
0
0
0
0
0
0
0
0
0
0
0
0
0
0
0
0
0
0
0
0
0
0
0
0
0
0
0
0
0
0
0
0
0
0
0
0
0
0
0
0
0
0
0
0
0
0
0
0
0
0
0
0
0
0
0
0
0
0
0
0
0
0
0
0
0
0
0
0
0
0
0
0
0
0
0
0
0
0
0
0
0
0
0
0
0
0
0
0
0
0
0
0
0
0
0
0
0
0
0
0
0
0
0
0
0
0
0
0
0
0
0
0
0
0
0
0
0
0
0
0
0
0
0
0
0
0
0
0
0
0
0
0
0
0
0
0
0
0
0
0
0
0
0
0
0
0
0
0
0
0
0
0
0
0
0
0
0
0
0
0
0
0
0
0
0
0
0
0
0
0
0
0
0
0
0
0
0
0
5.45996e-15
0
0
0
0
0
0
0
0
0
0
0
0
0
0
0
0
0
0
0
0
0
0
0
0
0
0
0
0
0
7.79271e-29
0
0
0
0
0
0
0
0
0
0
0
0
0
0
-1.45255e-15
0
0
0
0
0
0
0
0
0
-9.87565e-16
0
0
0
0
-1.11826e-16
0
0
0
0
0
0
0
0
0
0
0
0
0
0
0
0
0
0
0
3.23618e-29
0
0
0
0
0
0
0
0
0
0
0
0
0
0
0
0
0
0
0
0
0
0
0
0
0
0
0
0
0
0
0
0
0
0
0
0
0
0
0
0
0
0
0
0
0
0
0
0
0
0
0
0
0
0
0
0
0
0
0
0
0
0
0
0
0
0
0
0
0
0
0
0
0
0
0
0
0
0
0
0
0
0
0
0
0
0
0
0
0
0
0
0
0
0
0
0
0
0
0
0
0
0
0
0
0
0
0
0
0
0
0
0
0
0
0
0
0
0
0
0
0
0
0
0
0
0
0
0
0
0
0
0
0
0
0
0
0
0
0
0
0
0
0
0
0
0
0
0
0
0
0
0
0
0
0
0
0
0
0
0
0
0
0
0
0
0
0
0
0
0
0
0
0
0
0
0
0
0
0
0
0
0
0
0
0
0
0
0
0
0
0
0
0
0
0
0
0
0
0
0
0
0
0
0
0
0
0
0
0
0
0
0
0
0
0
0
0
0
0
-1.97532e-16
0
0
0
0
0
0
0
0
0
0
0
0
0
0
0
0
0
0
0
0
0
0
0
0
0
0
0
0
0
0
0
0
0
0
0
0
0
0
0
0
0
0
0
0
0
0
0
0
0
0
0
0
0
0
0
0
0
0
0
0
0
0
0
0
0
0
0
0
0
0
0
0
0
0
6.34415e-25
0
0
0
0
0
0
0
0
0
0
0
0
0
0
2.16199e-17
0
0
0
0
0
0
0
0
0
0
0
0
0
0
0
0
0
0
0
0
0
0
0
0
0
0
0
0
0
0
0
0
0
0
4.15321e-26
0
0
0
0
0
0
0
0
0
0
0
0
0
0
0
0
0
0
0
0
0
0
0
0
0
0
0
0
0
0
0
0
0
0
0
0
0
0
0
0
0
0
0
0
0
0
0
0
0
0
0
0
0
0
0
0
0
0
0
-5.35721e-17
0
0
0
0
0
0
0
0
0
0
0
0
0
0
0
0
0
0
0
0
0
0
0
0
8.70719e-18
0
0
0
0
0
0
0
0
0
0
0
0
0
0
0
0
0
0
0
-2.59912e-29
0
0
0
0
0
0
0
0
0
0
0
0
0.0539695
0.0901162
0
0
0
0
0
0
0
0
0
0
-2.60576e-15
0
0
0
0
8.98087e-19
0
0
0
0
0
0
0
0
0
0
0
0
0
0
1.06512e-25
0
0
0
0
-3.39025e-29
0
0
0
0
1.45806e-18
-1.26954e-17
-5.16921e-18
-2.4193e-17
0.1788
1.8526
-2.44775
-0.810579
1.87141
2.48424
-0.0278393
0
0
0
0
0
0
0
0
0
0
0
0
0
0
0
0
0
0
0
0
0
0
0
0
0
0
4.64812e-25
0
0
0
0
0
0
0
0
0
0
0
0
0
-0.192495
2.3901
-1.48636
-2.1718
3.17025
-2.87355
1.52339
7.53131
7.41164
-0.997097
0
0
0
0
-6.94624e-14
0
0
0
0
0
0
0
0
0
0
0
0
0
0
0
0
0
0
0
0
0
0
0
0
0
0
0
0
0
0
0
0
0
0
0.166965
1.42819
7.11668
-2.24515
-3.75067
0.857732
6.02031
6.68982
6.39927
6.28372
-4.25342
0
0
0
0
0
0
0
0
0
0
0
0
0
0
0
0
0
0
0
0
0
0
0
0
4.27773e-23
0
0
0
0
-3.97026e-26
0
0
0
0
0
0
0
0
0.0944628
1.32341
4.44044
5.82866
-1.71544
-1.11932
-5.9694
6.11291
3.55616
-2.38928
1.13626
-4.0139
0.573736
0
0
0
0
0
0
0
0
0
0
0
0
0
5.71988e-19
0
0
0
0
0
0
0
0
0
0
0
0
0
0
0
0
0
0
0
0
0
0
0
0.0455197
1.3487
4.11324
3.11689
-1.32085
-3.27951
-9.46628
-3.54635
-3.21354
-6.59057
-0.935133
1.76714
2.14766
0
0
0
0
0
0
0
0
0
0
0
0
0
0
0
0
0
0
0
0
0
0
0
0
0
0
0
0
0
0
0
0
0
0
0
0
0
-0.268409
-1.59944
-1.5091
2.12049
2.55543
-1.28049
-2.59345
-3.55811
-1.00452
-5.88813
0.839436
3.34306
1.59765
0
0
0
-9.88695e-14
0
0
0
0
1.55307e-18
0
0
0
0
0
0
0
0
0
0
0
0
0
0
0
0
0
0
0
0
0
0
0
0
0
0
0
0
-0.443113
-4.16938
-7.13599
-0.487775
5.41233
3.1575
2.8895
4.92788
3.83745
-2.26527
2.07983
1.22427
-1.12012
0
0
0
-7.81996e-14
0
0
0
0
0
0
0
0
0
0
0
0
0
0
0
0
0
0
0
0
0
0
0
0
0
0
0
0
0
0
0
0
0
-0.222913
-3.35819
-7.86908
-5.18669
-0.605382
-3.06116
3.11316
7.73167
-1.7114
1.58633
0.862816
0.296439
-1.30597
0
0
0
0
0
0
0
0
0
0
0
0
0
0
0
0
0
0
0
0
0
0
0
0
0
0
0
0
0
0
0
0
0
0
0
0
0
0
-0.972122
-3.9882
-4.61978
-3.01765
-5.43566
4.03523
1.62779
-2.4055
6.39431
0.369339
0.370661
0
0
0
0
0
0
0
0
0
0
0
0
0
0
0
0
0
0
0
0
0
0
0
0
0
0
0
0
0
0
0
0
0
0
0
0
0
0
0
0
-0.348426
0.588718
4.11207
3.02872
5.94718
-1.3894
2.05316
6.72965
0.347561
0
0
0
0
0
0
0
0
0
0
0
0
0
0
0
0
0
0
0
0
0
0
0
0
0
-2.62067e-38
0
0
0
0
0
0
0
0
0
0
0
0
0
0
0
0
1.06784
4.78171
5.07203
3.08396
-0.461872
1.84384
2.25618
0.0498338
0
0
0
0
0
0
0
0
0
0
0
0
0
0
0
0
0
0
0
0
0
0
0
0
0
0
0
0
0
0
0
0
0
0
0
0
0
0
0
0
-4.02186e-14
0
0
1.05399
1.61529
0.490846
0.454451
0.335039
0.0570804
0
0
0
0
0
0
0
0
0
0
0
0
0
0
0
0
0
0
0
0
0
0
0
0
0
0
0
0
0
0
0
0
0
0
0
0
0
0
0
0
0
0
0
0
0
0
0
0
0
0
0
0
0
0
0
0
0
0
0
0
0
0
0
0
0
0
0
0
0
0
0
0
0
0
0
0
0
0
0
0
0
0
0
0
0
0
0
0
0
)
;

boundaryField
{
    movingWall
    {
        type            zeroGradient;
    }
    fixedWalls
    {
        type            zeroGradient;
    }
    frontAndBack
    {
        type            empty;
    }
}

