/*--------------------------------*- C++ -*----------------------------------*\
| =========                 |                                                 |
| \\      /  F ield         | OpenFOAM: The Open Source CFD Toolbox           |
|  \\    /   O peration     | Version:  v2006                                 |
|   \\  /    A nd           | Website:  www.openfoam.com                      |
|    \\/     M anipulation  |                                                 |
\*---------------------------------------------------------------------------*/
FoamFile
{
    version     2.0;
    format      ascii;
    class       volScalarField;
    location    "0";
    object      f;
}
// * * * * * * * * * * * * * * * * * * * * * * * * * * * * * * * * * * * * * //

dimensions      [0 0 0 0 0 0 0];


internalField   nonuniform List<scalar> 
2500
(
-2.84365e-140
1.75754e-120
-1.5779e-110
-1.59341e-105
7.64015e-101
2.25919e-98
-4.80965e-95
-2.29963e-93
-3.38983e-92
-2.32042e-91
-8.67731e-91
-1.65759e-90
8.56723e-91
1.86853e-89
7.66708e-89
2.03642e-88
4.04221e-88
6.33375e-88
8.08964e-88
8.62064e-88
7.80853e-88
6.10581e-88
4.17613e-88
2.52679e-88
1.3658e-88
6.65176e-89
2.9409e-89
1.18821e-89
4.41303e-90
1.51457e-90
4.82621e-91
1.43396e-91
3.98814e-92
1.04194e-92
2.56547e-93
5.97107e-94
1.31739e-94
2.7624e-95
5.51872e-96
1.05287e-96
1.92245e-97
3.36658e-98
5.66564e-99
9.18069e-100
1.43507e-100
2.16782e-101
3.17012e-102
4.4952e-103
6.19063e-104
5.73269e-105
-1.7715e-136
2.89901e-117
-1.45628e-107
-9.44826e-103
3.82621e-98
9.52872e-96
-1.65304e-92
-6.97795e-91
-9.21341e-90
-5.72595e-89
-1.97929e-88
-3.69969e-88
-3.4662e-91
2.64342e-87
1.07094e-86
2.72007e-86
5.14581e-86
7.6959e-86
9.40491e-86
9.61358e-86
8.3726e-86
6.30834e-86
4.16561e-86
2.43771e-86
1.27647e-86
6.03147e-87
2.59072e-87
1.01821e-87
3.68288e-88
1.2323e-88
3.83214e-89
1.11221e-89
3.02417e-90
7.73065e-91
1.86383e-91
4.25075e-92
9.19575e-93
1.89186e-93
3.71041e-94
6.95308e-95
1.24767e-95
2.14824e-96
3.55624e-97
5.67088e-98
8.72686e-99
1.29832e-99
1.87051e-100
2.61403e-101
3.54904e-102
3.3075e-103
-1.01061e-132
4.58859e-114
-1.28476e-104
-5.36582e-100
1.83026e-95
3.85007e-93
-5.4346e-90
-2.02936e-88
-2.40372e-87
-1.35779e-86
-4.33755e-86
-7.85034e-86
-2.67698e-86
3.50666e-85
1.4293e-84
3.48554e-84
6.29607e-84
8.99909e-84
1.05342e-83
1.03394e-83
8.6664e-84
6.29776e-84
4.01866e-84
2.27657e-84
1.15586e-84
5.30332e-85
2.21494e-85
8.4749e-86
2.9877e-86
9.75388e-87
2.96238e-87
8.40468e-88
2.23587e-88
5.59634e-89
1.3221e-89
2.9566e-90
6.27573e-91
1.26759e-91
2.44216e-92
4.49803e-93
7.93695e-94
1.34448e-94
2.19063e-95
3.43967e-96
5.21414e-97
7.64407e-98
1.08561e-98
1.49601e-99
2.00347e-100
1.88032e-101
-5.47974e-129
7.13123e-111
-1.10982e-101
-3.00032e-97
8.5631e-93
1.52458e-90
-1.74894e-87
-5.78398e-86
-6.15075e-85
-3.15929e-84
-9.31933e-84
-1.61793e-83
-9.01741e-84
4.42092e-83
1.86064e-82
4.3739e-82
7.55357e-82
1.03247e-81
1.15818e-81
1.09192e-81
8.81145e-82
6.17763e-82
3.81047e-82
2.09026e-82
1.02929e-82
4.587e-83
1.86326e-83
6.94241e-84
2.386e-84
7.60199e-85
2.25544e-85
6.25668e-86
1.6288e-86
3.99269e-87
9.24455e-88
2.02755e-88
4.22356e-89
8.37705e-90
1.58572e-90
2.87109e-91
4.9827e-92
8.30527e-93
1.33214e-93
2.05995e-94
3.07646e-95
4.44508e-96
6.22394e-97
8.4587e-98
1.11754e-98
1.05631e-99
-2.85463e-125
1.08752e-107
-9.3794e-99
-1.65236e-94
3.91521e-90
5.91303e-88
-5.50474e-85
-1.61439e-83
-1.54263e-82
-7.20863e-82
-1.96236e-81
-3.24521e-81
-2.24323e-81
5.19927e-81
2.3574e-80
5.36977e-80
8.87963e-80
1.16153e-79
1.24917e-79
1.13167e-79
8.79499e-80
5.95078e-80
3.54914e-80
1.88578e-80
9.00874e-81
3.90049e-81
1.54137e-81
5.59393e-82
1.87475e-82
5.83065e-83
1.69028e-83
4.58566e-84
1.16847e-84
2.80574e-85
6.36817e-86
1.37007e-86
2.80137e-87
5.45708e-88
1.01512e-88
1.80711e-89
3.08508e-90
5.06079e-91
7.9922e-92
1.21732e-92
1.7914e-93
2.55138e-94
3.52259e-95
4.72216e-96
6.1556e-97
5.85919e-98
-1.43779e-121
1.62634e-104
-7.74842e-96
-8.96627e-92
1.7478e-87
2.24471e-85
-1.69302e-82
-4.40925e-81
-3.78939e-80
-1.61191e-79
-4.04794e-79
-6.34273e-79
-4.87908e-79
5.49101e-79
2.89859e-78
6.4423e-78
1.02202e-77
1.28044e-77
1.32088e-77
1.15031e-77
8.61262e-78
5.62569e-78
3.24525e-78
1.67066e-78
7.74493e-79
3.25877e-79
1.25313e-79
4.43088e-80
1.44839e-80
4.39824e-81
1.24612e-81
3.30693e-82
8.24947e-83
1.94078e-83
4.31896e-84
9.11662e-85
1.83005e-85
3.50196e-86
6.40274e-87
1.12088e-87
1.88268e-88
3.03992e-89
4.72751e-90
7.0936e-91
1.02877e-91
1.44451e-92
1.96685e-93
2.60107e-94
3.34591e-95
3.20642e-96
-7.02879e-118
2.3833e-101
-6.25106e-93
-4.79563e-89
7.61054e-85
8.33487e-83
-5.08307e-80
-1.17741e-78
-9.10999e-78
-3.52974e-77
-8.17575e-77
-1.20888e-76
-9.77916e-77
4.70543e-77
3.44529e-76
7.54309e-76
1.15073e-75
1.38213e-75
1.36836e-75
1.14599e-75
8.26916e-76
5.21608e-76
2.9112e-76
1.45248e-76
6.53606e-77
2.67331e-77
1.0006e-77
3.4478e-78
1.09954e-78
3.26082e-79
9.03108e-80
2.3449e-80
5.72799e-81
1.32057e-81
2.88194e-82
5.96966e-83
1.17669e-83
2.21231e-84
3.97626e-85
6.84646e-86
1.13159e-86
1.7988e-87
2.75514e-88
4.07326e-89
5.82269e-90
8.06131e-91
1.08264e-91
1.41263e-92
1.79342e-93
1.72974e-94
-3.34318e-114
3.4198e-98
-4.91983e-90
-2.52885e-86
3.22899e-82
3.02489e-80
-1.48822e-77
-3.07119e-76
-2.14164e-75
-7.56366e-75
-1.61584e-74
-2.24757e-74
-1.84828e-74
1.9229e-75
3.93662e-74
8.60582e-74
1.26625e-73
1.45967e-73
1.38776e-73
1.11818e-73
7.77868e-74
4.73993e-74
2.56028e-74
1.23837e-74
5.41071e-75
2.1518e-75
7.8413e-76
2.63372e-76
8.19626e-77
2.37438e-77
6.42976e-78
1.63377e-78
3.90873e-79
8.83266e-80
1.89068e-80
3.84393e-81
7.44127e-82
1.37482e-82
2.42954e-83
4.11515e-84
6.69406e-85
1.04775e-85
1.58079e-86
2.30305e-87
3.24546e-88
4.43101e-89
5.87041e-90
7.5585e-91
9.47195e-92
9.19062e-93
-1.54945e-110
4.80087e-95
-3.7733e-87
-1.31492e-83
1.33336e-79
1.07215e-77
-4.24405e-75
-7.81761e-74
-4.9189e-73
-1.5847e-72
-3.12282e-72
-4.07657e-72
-3.3336e-72
-4.19638e-73
4.28736e-72
9.54827e-72
1.36027e-71
1.50695e-71
1.37676e-71
1.06774e-71
7.16372e-72
4.21825e-72
2.20582e-72
1.03463e-72
4.39041e-73
1.69817e-73
6.02639e-74
1.97353e-74
5.99471e-75
1.69677e-75
4.49357e-76
1.11761e-76
2.61933e-77
5.80268e-78
1.21855e-78
2.43205e-79
4.62469e-80
8.39787e-81
1.45939e-81
2.43206e-82
3.89427e-83
6.00254e-84
8.92228e-85
1.28115e-85
1.78003e-86
2.39695e-87
3.13309e-88
3.98126e-89
4.9253e-90
4.80537e-91
-7.0032e-107
6.58785e-92
-2.81672e-84
-6.74132e-81
5.35196e-77
3.70838e-75
-1.1774e-72
-1.93986e-71
-1.10271e-70
-3.24339e-70
-5.8971e-70
-7.21186e-70
-5.77653e-70
-1.54865e-70
4.38855e-70
1.02775e-69
1.4248e-69
1.51938e-69
1.33493e-69
9.96988e-70
6.45362e-70
3.67342e-70
1.86022e-70
8.46361e-71
3.48912e-71
1.31291e-71
4.53849e-72
1.44947e-72
4.29847e-73
1.18901e-73
3.08016e-74
7.50012e-75
1.7223e-75
3.74122e-76
7.70895e-77
1.51069e-77
2.82229e-78
5.03793e-79
8.61089e-80
1.41209e-80
2.22603e-81
3.37946e-82
4.94967e-83
7.00577e-84
9.59842e-85
1.27496e-85
1.64444e-86
2.06256e-87
2.51931e-88
2.47015e-89
-3.088e-103
8.82766e-89
-2.04384e-81
-3.40654e-78
2.08532e-74
1.25062e-72
-3.17321e-70
-4.68705e-69
-2.41033e-68
-6.47833e-68
-1.08717e-67
-1.24393e-67
-9.65514e-68
-3.43027e-68
4.11255e-68
1.06981e-67
1.45305e-67
1.49452e-67
1.26388e-67
9.0947e-68
5.6822e-68
3.12756e-68
1.53423e-68
6.77311e-69
2.71336e-69
9.93543e-70
3.34635e-70
1.04252e-70
3.01905e-71
8.16308e-72
2.06898e-72
4.93327e-73
1.11021e-73
2.36515e-74
4.78287e-75
9.20447e-76
1.68972e-76
2.96552e-77
4.9861e-78
8.04744e-79
1.24913e-79
1.86808e-80
2.69635e-81
3.76249e-82
5.08388e-83
6.66222e-84
8.48015e-85
1.05e-85
1.26643e-86
1.24713e-87
-1.3284e-99
1.15388e-85
-1.43949e-78
-1.69565e-75
7.87553e-72
4.10858e-70
-8.29552e-68
-1.10133e-66
-5.13119e-66
-1.26148e-65
-1.95483e-65
-2.09069e-65
-1.56027e-65
-6.34607e-66
3.32382e-66
1.07233e-65
1.4404e-65
1.43251e-65
1.16723e-65
8.09727e-66
4.88498e-66
2.60091e-66
1.23635e-66
5.29749e-67
2.06286e-67
7.35227e-68
2.41337e-68
7.33593e-69
2.07504e-69
5.48553e-70
1.36059e-70
3.17743e-71
7.00904e-72
1.46469e-72
2.90739e-73
5.49565e-74
9.91517e-75
1.71117e-75
2.83066e-76
4.4971e-77
6.87433e-78
1.01287e-78
1.44095e-79
1.98256e-80
2.64231e-81
3.41656e-82
4.29236e-83
5.24725e-84
6.2503e-85
6.17797e-86
-5.57355e-96
1.46951e-82
-9.8253e-76
-8.30649e-73
2.87821e-69
1.31364e-67
-2.10005e-65
-2.51322e-64
-1.06255e-63
-2.39189e-63
-3.42453e-63
-3.42132e-63
-2.44087e-63
-1.06042e-63
1.89612e-64
1.02884e-63
1.38513e-63
1.33624e-63
1.05032e-63
7.02882e-64
4.09632e-64
2.1105e-64
9.72451e-65
4.04537e-65
1.53164e-65
5.31493e-66
1.7007e-66
5.04524e-67
1.39423e-67
3.60438e-68
8.75053e-69
2.00191e-69
4.32938e-70
8.87615e-71
1.72978e-71
3.21208e-72
5.69645e-73
9.66883e-74
1.57388e-74
2.46167e-75
3.70631e-76
5.38102e-77
7.54627e-78
1.02388e-78
1.34617e-79
1.7177e-80
2.13026e-81
2.57143e-82
3.02533e-83
2.99952e-84
-2.27965e-92
1.82103e-79
-6.48802e-73
-3.99981e-70
1.01605e-66
4.08368e-65
-5.13862e-63
-5.56148e-62
-2.13738e-61
-4.41057e-61
-5.83792e-61
-5.44628e-61
-3.69843e-61
-1.65022e-61
-2.64347e-63
9.36353e-62
1.28899e-61
1.21121e-61
9.1974e-62
5.9418e-62
3.34672e-62
1.66918e-62
7.45748e-63
3.0128e-63
1.10941e-63
3.74915e-64
1.16976e-64
3.3875e-65
9.14768e-66
2.31317e-66
5.49792e-67
1.23241e-67
2.61347e-68
5.25787e-69
1.00614e-69
1.83574e-70
3.20065e-71
5.34386e-72
8.56097e-73
1.31844e-73
1.95545e-74
2.79789e-75
3.86842e-76
5.17666e-77
6.7151e-78
8.45662e-79
1.03542e-79
1.23429e-80
1.43449e-81
1.4257e-82
-9.08308e-89
2.19264e-76
-4.13696e-70
-1.89052e-67
3.45771e-64
1.23304e-62
-1.21277e-60
-1.19146e-59
-4.17031e-59
-7.89829e-59
-9.67177e-59
-8.42408e-59
-5.42756e-59
-2.42699e-59
-3.19204e-60
7.96473e-60
1.15731e-59
1.06505e-59
7.82709e-60
4.88539e-60
2.66078e-60
1.28514e-60
5.56915e-61
2.18568e-61
7.82977e-62
2.57754e-62
7.84358e-63
2.21782e-63
5.85378e-64
1.44819e-64
3.3705e-65
7.4043e-66
1.53996e-66
3.04071e-67
5.71459e-68
1.02463e-68
1.7566e-69
2.88539e-70
4.54998e-71
6.90065e-72
1.00836e-72
1.42207e-73
1.93873e-74
2.55912e-75
3.27569e-76
4.07193e-77
4.92274e-78
5.79597e-79
6.65488e-80
6.62577e-81
-3.5224e-85
2.56105e-73
-2.54178e-67
-8.75681e-65
1.1318e-61
3.61239e-60
-2.75418e-58
-2.46662e-57
-7.87954e-57
-1.37146e-56
-1.5549e-56
-1.26443e-56
-7.71067e-57
-3.3994e-57
-6.8353e-58
6.1604e-58
9.98624e-58
9.06774e-58
6.46355e-58
3.90146e-58
2.05582e-58
9.61953e-59
4.04474e-59
1.54255e-59
5.37727e-60
1.72484e-60
5.12046e-61
1.41401e-61
3.64872e-62
8.83318e-63
2.0135e-63
4.33571e-64
8.84573e-65
1.71455e-65
3.16516e-66
5.57799e-67
9.40449e-68
1.52003e-68
2.3597e-69
3.52489e-70
5.07542e-71
7.05602e-72
9.48657e-73
1.23537e-73
1.56054e-74
1.91505e-75
2.28628e-76
2.659e-77
3.01661e-78
3.00677e-79
-1.32807e-81
2.89657e-70
-1.5013e-64
-3.96814e-62
3.55437e-59
1.02571e-57
-6.0021e-56
-4.92467e-55
-1.4391e-54
-2.30517e-54
-2.42178e-54
-1.83891e-54
-1.05949e-54
-4.55331e-55
-1.10357e-55
4.07052e-56
8.23894e-56
7.45813e-56
5.17068e-56
3.02165e-56
1.54138e-56
6.99025e-57
2.85282e-57
1.05756e-57
3.58849e-58
1.12187e-58
3.24985e-59
8.76684e-60
2.2121e-60
5.24157e-61
1.17045e-61
2.47096e-62
4.94614e-63
9.41267e-64
1.70714e-64
2.95751e-65
4.90461e-66
7.80137e-67
1.19246e-67
1.7547e-68
2.48995e-69
3.41288e-70
4.52567e-71
5.81488e-72
7.25005e-73
8.78436e-74
1.03575e-74
1.19006e-75
1.33416e-76
1.33045e-77
-4.86238e-78
3.1657e-67
-8.50221e-62
-1.75604e-59
1.06788e-56
2.81952e-55
-1.25121e-53
-9.46038e-53
-2.53548e-52
-3.74339e-52
-3.64757e-52
-2.58688e-52
-1.40628e-52
-5.84392e-53
-1.55204e-53
1.85744e-54
6.45258e-54
5.91037e-54
3.99961e-54
2.26582e-54
1.11968e-54
4.92357e-55
1.95101e-55
7.03242e-56
2.32338e-56
7.08125e-57
2.00216e-57
5.27738e-58
1.30243e-58
3.02123e-59
6.61027e-60
1.36843e-60
2.68803e-61
5.02329e-62
8.95225e-63
1.52488e-63
2.48773e-64
3.89482e-65
5.86265e-66
8.49936e-67
1.18877e-67
1.60668e-68
2.10164e-69
2.66468e-70
3.27962e-71
3.92384e-72
4.56991e-73
5.18792e-74
5.74811e-75
5.73135e-76
-1.72628e-74
3.33546e-64
-4.60313e-59
-7.5757e-57
3.05922e-54
7.49429e-53
-2.48561e-51
-1.74411e-50
-4.29964e-50
-5.8607e-50
-5.30173e-50
-3.51306e-50
-1.80024e-50
-7.19097e-51
-1.99144e-51
-2.91679e-53
4.74615e-52
4.49872e-52
2.98514e-52
1.64199e-52
7.86623e-53
3.35556e-53
1.29152e-53
4.52792e-54
1.45696e-54
4.33022e-55
1.1953e-55
3.07921e-56
7.43439e-57
1.68867e-57
3.62088e-58
7.35179e-59
1.41742e-59
2.60159e-60
4.55663e-61
7.63248e-62
1.22516e-62
1.88826e-63
2.7994e-64
3.99903e-65
5.51377e-66
7.34922e-67
9.48418e-68
1.18678e-68
1.44206e-69
1.70389e-70
1.9604e-71
2.19916e-72
2.4084e-73
2.39962e-74
-5.93366e-71
3.37887e-61
-2.37457e-56
-3.1805e-54
8.32429e-52
1.92379e-50
-4.68409e-49
-3.07676e-48
-7.00021e-48
-8.82525e-48
-7.41946e-48
-4.59533e-48
-2.21826e-48
-8.4798e-49
-2.37765e-49
-2.18928e-50
3.22203e-50
3.27643e-50
2.14468e-50
1.14762e-50
5.33446e-51
2.20862e-51
8.25997e-52
2.81752e-52
8.83227e-53
2.56052e-53
6.90213e-54
1.73817e-54
4.10647e-55
9.13545e-56
1.92011e-56
3.82443e-57
7.23845e-58
1.30513e-58
2.24696e-59
3.70176e-60
5.84744e-61
8.87334e-62
1.29584e-62
1.82431e-63
2.47993e-64
3.26026e-65
4.15141e-66
5.12753e-67
6.15189e-68
7.17953e-69
8.1612e-70
9.04784e-71
9.79512e-72
9.74667e-73
-1.97112e-67
3.28066e-58
-1.16273e-53
-1.29723e-51
2.14146e-49
4.76307e-48
-8.32536e-47
-5.17593e-46
-1.09108e-45
-1.2748e-45
-9.97101e-46
-5.77511e-46
-2.62484e-46
-9.57081e-47
-2.66595e-47
-3.67482e-48
1.95428e-48
2.2726e-48
1.4793e-48
7.71834e-49
3.48446e-49
1.40099e-49
5.09313e-50
1.69086e-50
5.16531e-51
1.46104e-51
3.84697e-52
9.47285e-53
2.19043e-53
4.77363e-54
9.83698e-55
1.92244e-55
3.57263e-56
6.32909e-57
1.07127e-57
1.7361e-58
2.69918e-59
4.03342e-60
5.80317e-61
8.05258e-62
1.0794e-62
1.39982e-63
1.75898e-64
2.14473e-65
2.54107e-66
2.92944e-67
3.29043e-68
3.60556e-69
3.85902e-70
3.83281e-71
-6.31564e-64
3.04187e-55
-5.38067e-51
-5.13166e-49
5.17839e-47
1.13582e-45
-1.38509e-44
-8.27043e-44
-1.62283e-43
-1.76113e-43
-1.28305e-43
-6.95271e-44
-2.97437e-44
-1.03183e-44
-2.81863e-45
-4.64022e-46
9.81573e-47
1.49249e-46
9.76673e-47
4.98275e-47
2.18713e-47
8.54476e-48
3.02076e-48
9.76376e-49
2.90752e-49
8.02638e-50
2.06485e-50
4.97293e-51
1.12573e-51
2.40387e-52
4.85774e-53
9.3167e-54
1.70036e-54
2.9602e-55
4.92684e-56
7.85571e-57
1.2023e-57
1.76947e-58
2.50857e-59
3.43149e-60
4.53625e-61
5.80402e-62
7.19811e-63
8.66532e-64
1.01398e-64
1.15487e-65
1.28192e-66
1.38854e-67
1.46943e-68
1.45598e-69
-1.94746e-60
2.68189e-52
-2.34128e-48
-1.96549e-46
1.16828e-44
2.60453e-43
-2.13426e-42
-1.24928e-41
-2.29493e-41
-2.31909e-41
-1.5756e-41
-7.99198e-42
-3.21719e-42
-1.05968e-42
-2.81281e-43
-5.04764e-44
3.05881e-45
9.21124e-45
6.15179e-45
3.07925e-45
1.31576e-45
4.99798e-46
1.71894e-46
5.41113e-47
1.57123e-47
4.2344e-48
1.06461e-48
2.50833e-49
5.56016e-50
1.16364e-50
2.30647e-51
4.34215e-52
7.78419e-53
1.33199e-53
2.18032e-54
3.42099e-55
5.15491e-56
7.47324e-57
1.04413e-57
1.40819e-58
1.83613e-59
2.31813e-60
2.83784e-61
3.37338e-62
3.89908e-63
4.38786e-64
4.81385e-65
5.15487e-66
5.39435e-67
5.3295e-68
-5.76468e-57
2.23687e-49
-9.52215e-46
-7.27537e-44
2.43367e-42
5.73229e-41
-2.99695e-40
-1.77378e-39
-3.0728e-39
-2.89982e-39
-1.83954e-39
-8.73793e-40
-3.30897e-40
-1.03312e-40
-2.64652e-41
-4.93501e-42
-1.02847e-43
5.29038e-43
3.68347e-43
1.81617e-43
7.56467e-44
2.79562e-44
9.35787e-45
2.86999e-45
8.12857e-46
2.13917e-46
5.25766e-47
1.21219e-47
2.63184e-48
5.39946e-49
1.04998e-49
1.94072e-50
3.41813e-51
5.75005e-52
9.25851e-53
1.42976e-53
2.12154e-54
3.03017e-55
4.17292e-56
5.54962e-57
7.1384e-58
8.89394e-59
1.07489e-59
1.26185e-60
1.44084e-61
1.6023e-62
1.73757e-63
1.83966e-64
1.90383e-65
1.87458e-66
-1.63339e-53
1.75413e-46
-3.59408e-43
-2.59707e-41
4.60768e-40
1.20797e-38
-3.72864e-38
-2.3505e-37
-3.87721e-37
-3.4285e-37
-2.03325e-37
-9.04732e-38
-3.22185e-38
-9.52032e-39
-2.34102e-39
-4.40694e-40
-2.97319e-41
2.79091e-41
2.08893e-41
1.01914e-41
4.14335e-42
1.49065e-42
4.85829e-43
1.45214e-43
4.01289e-44
1.03156e-44
2.4792e-45
5.59487e-46
1.19008e-46
2.39405e-47
4.56846e-48
8.29217e-49
1.43518e-49
2.37394e-50
3.76075e-51
5.717e-52
8.35504e-53
1.17589e-53
1.59638e-54
2.09384e-55
2.65728e-56
3.26779e-57
3.89942e-58
4.52136e-59
5.10075e-60
5.60596e-61
6.00967e-62
6.29147e-63
6.43935e-64
6.31588e-65
-4.41547e-50
1.28362e-43
-1.24811e-40
-8.9173e-39
7.71341e-38
2.4293e-36
-3.87081e-36
-2.88065e-35
-4.58576e-35
-3.81472e-35
-2.11738e-35
-8.82688e-36
-2.95417e-36
-8.24856e-37
-1.93806e-37
-3.61229e-38
-3.40922e-39
1.32907e-39
1.11837e-39
5.42365e-40
2.15474e-40
7.55043e-41
2.39682e-41
6.98418e-42
1.88369e-42
4.73129e-43
1.11222e-43
2.45749e-44
5.12261e-45
1.0107e-45
1.89308e-46
3.37511e-47
5.74157e-48
9.34045e-49
1.45611e-49
2.17942e-50
3.13756e-51
4.35197e-52
5.82539e-53
7.5367e-54
9.43838e-55
1.14577e-55
1.35014e-56
1.5464e-57
1.72384e-58
1.87258e-59
1.98463e-60
2.05454e-61
2.0798e-62
2.03101e-63
-1.13434e-46
8.68418e-41
-3.94505e-38
-2.93539e-36
1.07578e-35
4.64023e-34
-2.77653e-34
-3.22562e-33
-5.05418e-33
-3.97377e-33
-2.06626e-33
-8.06781e-34
-2.53508e-34
-6.67573e-35
-1.49206e-35
-2.71328e-36
-2.9582e-37
5.59478e-38
5.64313e-38
2.72949e-38
1.06021e-38
3.61914e-39
1.11921e-39
3.1802e-40
8.37359e-41
2.05561e-41
4.72795e-42
1.02309e-42
2.09049e-43
4.04642e-44
7.44107e-45
1.3034e-45
2.17984e-46
3.48842e-47
5.35259e-48
7.88951e-49
1.11906e-49
1.53003e-50
2.01966e-51
2.57782e-52
3.18606e-53
3.81852e-54
4.4439e-55
5.02846e-56
5.53933e-57
5.9479e-58
6.23253e-59
6.38036e-60
6.38799e-61
6.20758e-62
-2.75634e-43
5.36831e-38
-1.11949e-35
-9.2236e-34
1.03267e-33
8.35836e-32
2.14323e-33
-3.24398e-31
-5.15844e-31
-3.8542e-31
-1.87813e-31
-6.8622e-32
-2.02102e-32
-5.00619e-33
-1.05888e-33
-1.85392e-34
-2.13581e-35
2.06038e-36
2.6903e-36
1.29661e-36
4.91892e-37
1.63496e-37
4.92507e-38
1.36477e-38
3.50891e-39
8.42121e-40
1.89561e-40
4.01846e-41
8.05095e-42
1.52925e-42
2.76169e-43
4.75386e-44
7.81812e-45
1.23103e-45
1.85955e-46
2.69972e-47
3.7736e-48
5.08665e-49
6.62253e-50
8.34031e-51
1.01749e-51
1.20411e-52
1.38412e-53
1.54741e-54
1.68464e-55
1.7881e-56
1.85249e-57
1.87527e-58
1.85676e-59
1.79438e-60
-6.29666e-40
2.98663e-35
-2.80045e-33
-2.75056e-31
-1.41177e-32
1.40423e-29
5.41681e-30
-2.854e-29
-4.84541e-29
-3.46129e-29
-1.57952e-29
-5.38967e-30
-1.48362e-30
-3.44349e-31
-6.84256e-32
-1.13583e-32
-1.29967e-33
7.23907e-35
1.22582e-34
5.81791e-35
2.146e-35
6.93233e-36
2.03264e-36
5.49202e-37
1.37891e-37
3.23594e-38
7.13067e-39
1.48126e-39
2.91068e-40
5.42689e-41
9.6271e-42
1.62895e-42
2.63498e-43
4.08327e-44
6.07354e-45
8.68693e-46
1.19679e-46
1.59074e-47
2.04302e-48
2.53909e-49
3.05791e-50
3.57358e-51
4.0577e-52
4.48228e-53
4.82264e-54
5.05983e-55
5.18234e-56
5.18679e-57
5.07765e-58
4.8763e-59
-1.34111e-36
1.4655e-32
-6.01982e-31
-7.72357e-29
-3.84638e-29
2.16261e-27
1.23345e-27
-2.09793e-27
-4.16689e-27
-2.86284e-27
-1.22004e-27
-3.87357e-28
-9.92128e-29
-2.14456e-29
-3.95491e-30
-6.07443e-31
-6.42391e-32
3.57241e-33
5.4867e-33
2.47985e-33
8.79499e-34
2.74844e-34
7.8287e-35
2.06088e-35
5.05201e-36
1.15938e-36
2.50147e-37
5.0932e-38
9.8185e-39
1.7974e-39
3.1329e-40
5.21204e-41
8.29451e-42
1.26526e-42
1.85354e-43
2.61231e-44
3.54788e-45
4.65076e-46
5.89306e-47
7.22842e-48
8.59471e-49
9.91923e-50
1.11259e-50
1.21431e-51
1.29111e-52
1.3388e-53
1.35528e-54
1.34065e-55
1.29702e-56
1.23648e-57
-2.63011e-33
6.16629e-30
-1.06972e-28
-2.01987e-26
-1.20222e-26
2.9696e-25
1.93272e-25
-1.16476e-25
-3.26927e-25
-2.17e-25
-8.58264e-26
-2.51986e-26
-5.96426e-27
-1.18896e-27
-1.98705e-28
-2.67939e-29
-2.2113e-30
3.04707e-31
2.52259e-31
1.0185e-31
3.39525e-32
1.01645e-32
2.80033e-33
7.16867e-34
1.7145e-34
3.84687e-35
8.12723e-36
1.6222e-36
3.0686e-37
5.51664e-38
9.45001e-39
1.54609e-39
2.42115e-40
3.63629e-41
5.24743e-42
7.28849e-43
9.75977e-44
1.26189e-44
1.5777e-45
1.91008e-46
2.24228e-47
2.5556e-48
2.83133e-49
3.05273e-50
3.20672e-51
3.28511e-52
3.2852e-53
3.20967e-54
3.06595e-55
2.89681e-56
-4.65058e-30
2.13369e-27
-1.46763e-26
-4.84059e-24
-2.63583e-24
3.46974e-23
2.38206e-23
-3.32367e-24
-2.33214e-23
-1.49884e-23
-5.44004e-24
-1.46323e-24
-3.17118e-25
-5.7386e-26
-8.22884e-27
-8.24453e-28
-6.41268e-30
2.88585e-29
1.23978e-29
4.12995e-30
1.24622e-30
3.5092e-31
9.26884e-32
2.29793e-32
5.35216e-33
1.17324e-33
2.42649e-34
4.74783e-35
8.81327e-36
1.55616e-36
2.6201e-37
4.21618e-38
6.49778e-39
9.60946e-40
1.36616e-40
1.87026e-41
2.46941e-42
3.14935e-43
3.88514e-44
4.64235e-45
5.37988e-46
6.05401e-47
6.62293e-48
7.05117e-49
7.31323e-50
7.39582e-51
7.29856e-52
7.0332e-53
6.62159e-54
6.1838e-55
-7.12286e-27
5.66716e-25
-1.30476e-24
-1.03529e-21
-4.61677e-22
3.15668e-21
2.34804e-21
1.66399e-22
-1.48878e-21
-9.33366e-22
-3.05512e-22
-7.43394e-23
-1.46353e-23
-2.34526e-24
-2.45568e-25
-1.76764e-27
6.82948e-27
2.36931e-27
6.47695e-28
1.69793e-28
4.42764e-29
1.13856e-29
2.83682e-30
6.75583e-31
1.52638e-31
3.26292e-32
6.60042e-33
1.26545e-33
2.30453e-34
3.99584e-35
6.61192e-36
1.04637e-36
1.58694e-37
2.31081e-38
3.23633e-39
4.36648e-40
5.68411e-41
7.14941e-42
8.70053e-43
1.02576e-43
1.173e-44
1.30254e-45
1.40598e-46
1.47663e-47
1.5102e-48
1.50511e-49
1.46257e-50
1.38624e-51
1.28173e-52
1.17704e-53
-8.64614e-24
1.00776e-22
1.62671e-24
-1.88294e-19
-6.49633e-20
1.78105e-19
1.82666e-19
2.7948e-20
-7.92645e-20
-5.11991e-20
-1.47272e-20
-3.19136e-21
-5.78767e-22
-7.94106e-23
-2.28934e-24
2.05295e-24
6.97663e-25
1.61806e-25
3.39323e-26
7.12516e-27
1.55583e-27
3.52296e-28
8.06935e-29
1.81878e-29
3.95548e-30
8.2132e-31
1.6215e-31
3.04207e-32
5.42978e-33
9.23795e-34
1.50126e-34
2.33512e-35
3.4832e-36
4.99157e-37
6.88344e-38
9.14855e-39
1.17355e-39
1.4549e-40
1.74541e-41
2.02861e-42
2.28666e-43
2.50223e-44
2.66038e-45
2.75015e-46
2.76564e-47
2.70645e-48
2.57747e-49
2.38812e-50
2.15116e-51
1.92035e-52
-6.46196e-21
9.05073e-21
3.76005e-20
-5.63285e-17
-6.94803e-18
1.12473e-17
1.22306e-17
1.57141e-18
-2.81863e-18
-2.41769e-18
-5.70963e-19
-1.07206e-19
-2.05497e-20
-2.36694e-21
2.98801e-22
1.82021e-22
4.60236e-23
9.10838e-24
1.65171e-24
2.95424e-25
5.44574e-26
1.05883e-26
2.16105e-27
4.50538e-28
9.30384e-29
1.86223e-29
3.57197e-30
6.53712e-31
1.14078e-31
1.90032e-32
3.02704e-33
4.6195e-34
6.76619e-35
9.52783e-36
1.29184e-36
1.68889e-37
2.13167e-38
2.60062e-39
3.06994e-40
3.50985e-41
3.88955e-42
4.1806e-43
4.36008e-44
4.41305e-45
4.33412e-46
4.12769e-47
3.80727e-48
3.39373e-49
2.91301e-50
2.44442e-51
-6.57402e-17
2.1022e-15
-2.05384e-14
-9.68938e-15
9.13708e-14
1.88179e-14
7.75935e-16
-8.65528e-16
-7.57064e-16
-1.06924e-16
-1.49998e-17
-2.30518e-18
-8.85349e-19
-8.62631e-20
2.54338e-20
1.02368e-20
2.26769e-21
4.12907e-22
6.94963e-23
1.13287e-23
1.84447e-24
3.1043e-25
5.53592e-26
1.04059e-26
2.0011e-27
3.81276e-28
7.04615e-29
1.24995e-29
2.12086e-30
3.44153e-31
5.34761e-32
7.97034e-33
1.1414e-33
1.57293e-34
2.08867e-35
2.67556e-36
3.30953e-37
3.95614e-38
4.57299e-39
5.11367e-40
5.53258e-41
5.79019e-42
5.85759e-43
5.7199e-44
5.37801e-45
4.8484e-46
4.16141e-47
3.35793e-48
2.48544e-49
1.60886e-50
-2.5458e-14
3.09204e-13
-3.29074e-12
2.33625e-11
7.90222e-12
5.21962e-13
-2.44985e-13
-7.84479e-13
-6.13266e-14
-8.15623e-19
-1.51161e-18
-9.13336e-16
-6.72852e-17
-4.10012e-18
1.35948e-18
4.14997e-19
8.21743e-20
1.42562e-20
2.34432e-21
3.7003e-22
5.64914e-23
8.58828e-24
1.35547e-24
2.27456e-25
4.00681e-26
7.16199e-27
1.25993e-27
2.14293e-28
3.49756e-29
5.46853e-30
8.1976e-31
1.18016e-31
1.63446e-32
2.18069e-33
2.80573e-34
3.48339e-35
4.17414e-36
4.82693e-37
5.38317e-38
5.78245e-39
5.96931e-40
5.90008e-41
5.54868e-42
4.91056e-43
4.00422e-44
2.87021e-45
1.56761e-46
1.68656e-48
-1.24788e-48
-2.76143e-49
1.3805e-10
-6.54473e-10
3.40644e-10
2.30796e-09
-3.75775e-09
-1.18666e-08
-2.97051e-09
-1.05516e-10
-5.11836e-15
3.85661e-14
-7.22894e-13
-7.9093e-14
7.61861e-16
3.02507e-16
6.5893e-17
1.08865e-17
1.90144e-18
3.3208e-19
5.73072e-20
9.36158e-21
1.42591e-21
2.07721e-22
3.04131e-23
4.67488e-24
7.59887e-25
1.27047e-25
2.10974e-26
3.39812e-27
5.25033e-28
7.7577e-29
1.09697e-29
1.48752e-30
1.93824e-31
2.43004e-32
2.9323e-33
3.40231e-34
3.78619e-35
4.02182e-36
4.04398e-37
3.79115e-38
3.21331e-39
2.27954e-40
9.84381e-42
-6.4826e-43
-2.56427e-43
-4.68192e-44
-6.89766e-45
-9.09467e-46
-1.1153e-46
-1.35673e-47
1.40719e-08
-7.30973e-08
2.81239e-07
1.19169e-07
-1.83298e-06
-6.32832e-07
-4.06915e-08
8.80619e-13
-5.46285e-14
2.75092e-12
-3.53979e-11
2.38923e-10
8.3233e-11
3.33237e-12
4.58108e-16
1.36136e-17
1.61196e-17
3.954e-18
8.69004e-19
1.63009e-19
2.65192e-20
3.94295e-21
5.72462e-22
8.57809e-23
1.34764e-23
2.1658e-24
3.43455e-25
5.23685e-26
7.57871e-27
1.0362e-27
1.33737e-28
1.62916e-29
1.87004e-30
2.01108e-31
1.99774e-32
1.77156e-33
1.27232e-34
4.41243e-36
-7.74254e-37
-2.41419e-37
-4.49868e-38
-7.02053e-39
-9.93924e-40
-1.31777e-40
-1.66226e-41
-2.01296e-42
-2.35323e-43
-2.66557e-44
-2.93309e-45
-3.28715e-46
-5.06495e-05
2.33857e-05
0.000196437
-0.000610776
-0.000680359
0.00168522
0.00674111
0.0135012
0.0156906
0.0108504
0.00371911
0.000263093
4.79583e-09
1.04133e-10
4.05729e-12
4.58301e-14
5.52117e-16
1.97926e-17
7.1451e-18
1.70024e-18
3.15184e-19
5.12936e-20
8.03756e-21
1.28403e-21
2.1035e-22
3.42931e-23
5.37927e-24
7.94034e-25
1.08984e-25
1.3804e-26
1.59882e-27
1.66225e-28
1.48047e-29
9.64522e-31
3.35397e-33
-1.38098e-32
-3.33282e-33
-5.85919e-34
-8.97821e-35
-1.26845e-35
-1.69435e-36
-2.16845e-37
-2.67961e-38
-3.21233e-39
-3.74707e-40
-4.26108e-41
-4.72995e-42
-5.12944e-43
-5.43772e-44
-5.90728e-45
-0.0034367
0.00187607
0.00454667
-0.0186253
-0.0123759
0.062912
0.178091
0.292037
0.33153
0.269324
0.14841
0.0486047
0.00506975
5.49092e-09
7.36901e-11
7.30446e-13
7.54492e-15
9.468e-17
2.92094e-17
8.44766e-18
1.91819e-18
3.88345e-19
7.5565e-20
1.44287e-20
2.65842e-21
4.61e-22
7.39405e-23
1.0864e-23
1.45246e-24
1.74967e-25
1.85736e-26
1.63559e-27
9.42412e-29
-3.49816e-30
-2.34268e-30
-5.10583e-31
-8.67574e-32
-1.30568e-32
-1.82215e-33
-2.41089e-34
-3.06194e-35
-3.76093e-36
-4.48863e-37
-5.22086e-38
-5.92917e-39
-6.58221e-40
-7.14791e-41
-7.59616e-42
-7.90169e-43
-8.44602e-44
0.00551997
0.00874121
-0.00690225
-0.0286629
0.013828
0.18785
0.433069
0.66481
0.827137
0.812695
0.590774
0.291464
0.0822046
0.00537906
1.33417e-18
-1.10786e-18
4.00044e-17
4.58e-17
6.57655e-17
2.1722e-17
6.76964e-18
1.9732e-18
5.1837e-19
1.21122e-19
2.51201e-20
4.63701e-21
7.64766e-22
1.12914e-22
1.48792e-23
1.72562e-24
1.68907e-25
1.20605e-26
1.08034e-28
-1.74912e-28
-4.47134e-29
-8.12054e-30
-1.27151e-30
-1.82327e-31
-2.46128e-32
-3.17547e-33
-3.95135e-34
-4.76938e-35
-5.60461e-36
-6.42685e-37
-7.20174e-38
-7.89269e-39
-8.46368e-40
-8.88254e-41
-9.12417e-42
-9.64526e-43
0.0113943
0.0190185
-0.0152982
-0.0485146
0.0318806
0.29241
0.612309
0.841754
1.01147
1.0904
0.94934
0.599911
0.247456
0.0489068
0.000307097
7.5532e-10
1.43893e-11
2.88178e-13
5.32437e-15
4.02107e-17
1.41406e-17
6.98486e-18
2.35809e-18
6.29725e-19
1.40862e-19
2.70795e-20
4.53059e-21
6.615e-22
8.33358e-23
8.67059e-24
6.30065e-25
-2.50452e-27
-1.24112e-26
-3.1391e-27
-5.80672e-28
-9.29391e-29
-1.36131e-29
-1.8741e-30
-2.46185e-31
-3.11477e-32
-3.81857e-33
-4.55386e-34
-5.29591e-35
-6.01505e-36
-6.67806e-37
-7.25037e-38
-7.69906e-39
-7.99613e-40
-8.12152e-41
-8.49334e-42
0.00521345
0.0202572
-0.00308011
-0.0644958
-0.00525809
0.287476
0.65501
0.884704
0.996774
1.07128
1.00752
0.723297
0.356569
0.100173
0.00610691
7.49168e-09
1.31054e-10
2.27726e-12
3.66409e-14
-4.16341e-15
-3.86225e-16
-2.15656e-17
2.4322e-20
4.44737e-19
1.23833e-19
2.2984e-20
2.90674e-21
1.18226e-22
-6.35624e-23
-2.49234e-23
-6.11849e-24
-1.22616e-24
-2.16689e-25
-3.50126e-26
-5.2836e-27
-7.55213e-28
-1.0327e-28
-1.36075e-29
-1.73679e-30
-2.15512e-31
-2.6062e-32
-3.07619e-33
-3.54685e-34
-3.99613e-35
-4.39954e-36
-4.73216e-37
-4.97111e-38
-5.09803e-39
-5.10129e-40
-5.2465e-41
-0.00429915
0.00797023
0.0136918
-0.0433507
-0.0602773
0.135672
0.493117
0.789369
0.963956
1.06635
1.02274
0.760034
0.396678
0.124809
0.0117496
1.17829e-09
-5.21992e-12
-2.31476e-12
-2.72398e-12
-3.16989e-13
-8.98295e-17
-3.27295e-17
-1.7091e-17
-6.07287e-18
-1.68698e-18
-3.94229e-19
-8.09529e-20
-1.5039e-20
-2.58154e-21
-4.16101e-22
-6.37731e-23
-9.38616e-24
-1.33684e-24
-1.85313e-25
-2.51028e-26
-3.33139e-27
-4.33675e-28
-5.53917e-29
-6.93831e-30
-8.51472e-31
-1.02249e-31
-1.19989e-32
-1.37416e-33
-1.53382e-34
-1.66642e-35
-1.75984e-36
-1.80369e-37
-1.79068e-38
-1.71757e-39
-1.66793e-40
-0.00322146
-0.00501037
0.0111713
0.00319818
-0.0520342
-0.0418824
0.159721
0.505199
0.817356
0.96639
0.921665
0.689118
0.375538
0.130563
0.0171036
1.03866e-08
-1.08559e-10
-6.13532e-10
-1.27035e-10
-6.60513e-13
-2.35672e-16
-7.36178e-18
-2.22326e-18
-6.27651e-19
-1.35461e-19
-2.2698e-20
-3.07084e-21
-3.70468e-22
-5.46524e-23
-1.29265e-23
-3.65895e-24
-9.57202e-25
-2.20399e-25
-4.51407e-26
-8.3646e-27
-1.42162e-27
-2.23766e-28
-3.28256e-29
-4.50295e-30
-5.77875e-31
-6.91568e-32
-7.64984e-33
-7.66665e-34
-6.63341e-35
-4.24206e-36
-2.5556e-38
5.44954e-38
1.28521e-38
2.17727e-39
3.45576e-40
0.00210395
-0.000983279
-0.00281097
0.0103178
0.00349004
-0.0440964
-0.0390724
0.120907
0.391838
0.593777
0.595656
0.442506
0.232315
0.0766251
0.00879039
-4.18721e-07
-2.52114e-07
-5.16864e-08
-4.09635e-10
1.49152e-15
1.54793e-16
4.72494e-17
1.57317e-17
4.60406e-18
1.19564e-18
2.81213e-19
6.10067e-20
1.24044e-20
2.39672e-21
4.45071e-22
8.01272e-23
1.40676e-23
2.41621e-24
4.06387e-25
6.68919e-26
1.076e-26
1.68865e-27
2.58179e-28
3.8415e-29
5.55921e-30
7.82305e-31
1.07068e-31
1.42578e-32
1.84849e-33
2.33496e-34
2.87606e-35
3.45738e-36
4.05984e-37
4.66081e-38
5.60335e-39
-0.000472014
0.000737148
-0.000831506
-0.00125528
0.00486547
0.00156874
-0.0180722
-0.0183794
0.0445209
0.139145
0.17203
0.131788
0.0634215
0.0157778
0.000473485
-6.82129e-06
-2.89426e-06
-2.63281e-07
-1.26432e-11
4.18142e-15
1.18389e-16
9.24994e-18
3.21675e-18
1.24561e-18
4.30962e-19
1.33636e-19
3.77672e-20
9.86814e-21
2.40928e-21
5.53725e-22
1.20417e-22
2.48691e-23
4.89123e-24
9.18261e-25
1.64894e-25
2.83779e-26
4.6893e-27
7.45384e-28
1.14174e-28
1.68813e-29
2.41331e-30
3.34096e-31
4.48568e-32
5.84928e-33
7.41779e-34
9.15995e-35
1.10273e-35
1.29564e-36
1.48723e-37
1.78989e-38
6.04365e-06
-1.21219e-05
1.28212e-05
3.82243e-05
-0.000131682
-8.20251e-05
0.000642053
0.000858409
-0.00195969
-0.00738744
-0.0105352
-0.00909769
-0.00500609
-0.00155107
-0.000127318
3.0953e-07
1.84796e-07
3.57718e-08
1.01419e-10
8.32435e-13
-5.81206e-17
5.94357e-18
4.89899e-18
1.84697e-18
5.69887e-19
1.56049e-19
3.90098e-20
9.07606e-21
1.99651e-21
4.20244e-22
8.52945e-23
1.67543e-23
3.18751e-24
5.86919e-25
1.04476e-25
1.79642e-26
2.9828e-27
4.78389e-28
7.41608e-29
1.1123e-29
1.61588e-30
2.27635e-31
3.11316e-32
4.13765e-33
5.34948e-34
6.73335e-35
8.25687e-36
9.86974e-37
1.1505e-37
1.4062e-38
-9.24132e-08
1.75599e-07
-8.65825e-08
-1.06316e-06
2.70631e-06
3.78177e-06
-1.59364e-05
-3.47589e-05
5.03073e-05
0.000276281
0.00046796
0.000455003
0.000285571
0.000105978
1.47427e-05
-1.25231e-08
-9.12504e-09
-2.60749e-09
-1.2106e-10
-1.92298e-15
-2.55683e-17
-2.57945e-18
-6.04306e-19
-1.87621e-19
-5.45289e-20
-1.45856e-20
-3.68563e-21
-8.98853e-22
-2.1397e-22
-4.98436e-23
-1.13336e-23
-2.50546e-24
-5.36631e-25
-1.11122e-25
-2.22243e-26
-4.29245e-27
-8.00928e-28
-1.4447e-28
-2.5212e-29
-4.26037e-30
-6.97718e-31
-1.10836e-31
-1.70932e-32
-2.56139e-33
-3.73246e-34
-5.29339e-35
-7.312e-36
-9.84543e-37
-1.29317e-37
-1.80327e-38
)
;

boundaryField
{
    movingWall
    {
        type            zeroGradient;
    }
    fixedWalls
    {
        type            zeroGradient;
    }
    frontAndBack
    {
        type            empty;
    }
}

