/*--------------------------------*- C++ -*----------------------------------*\
| =========                 |                                                 |
| \\      /  F ield         | OpenFOAM: The Open Source CFD Toolbox           |
|  \\    /   O peration     | Version:  v2006                                 |
|   \\  /    A nd           | Website:  www.openfoam.com                      |
|    \\/     M anipulation  |                                                 |
\*---------------------------------------------------------------------------*/
FoamFile
{
    version     2.0;
    format      ascii;
    class       volScalarField;
    location    "0";
    object      f;
}
// * * * * * * * * * * * * * * * * * * * * * * * * * * * * * * * * * * * * * //

dimensions      [0 0 0 0 0 0 0];


internalField   nonuniform List<scalar> 
2500
(
1.10301e-83
1.50932e-68
-5.04307e-61
2.32153e-55
-1.51265e-51
1.53995e-48
-9.72119e-46
-3.5253e-43
-1.09328e-41
6.70337e-41
7.00432e-39
9.1555e-38
5.99731e-37
4.85746e-36
2.88036e-35
1.95711e-34
1.33737e-33
6.06183e-33
1.53851e-32
5.9304e-33
-1.40923e-31
-7.16392e-31
-1.91441e-30
-2.74315e-30
4.75708e-31
1.49515e-29
5.34474e-29
1.35759e-28
2.76663e-28
4.63785e-28
6.51233e-28
7.80884e-28
8.14026e-28
7.473e-28
6.05188e-28
4.1966e-28
2.13796e-28
-2.48458e-31
-2.11369e-28
-3.99464e-28
-5.36043e-28
-5.97234e-28
-5.79024e-28
-5.00588e-28
-3.93369e-28
-2.85984e-28
-1.95477e-28
-1.27288e-28
-7.96919e-29
-2.96353e-29
2.30145e-81
1.00203e-66
-1.43827e-59
5.77698e-54
-4.42774e-50
3.55039e-47
-1.39873e-44
-5.06592e-42
-1.44565e-40
5.34592e-40
7.19336e-38
8.75311e-37
5.32218e-36
3.83094e-35
1.76134e-34
1.02777e-33
7.66164e-33
3.77978e-32
1.07552e-31
1.18224e-31
-4.87112e-31
-3.08914e-30
-8.7057e-30
-1.35488e-29
-3.90525e-30
4.51796e-29
1.77729e-28
4.66527e-28
9.69071e-28
1.6417e-27
2.31474e-27
2.77423e-27
2.88176e-27
2.63207e-27
2.12307e-27
1.47917e-27
7.89318e-28
9.66942e-29
-5.68428e-28
-1.15205e-27
-1.57256e-27
-1.75878e-27
-1.69936e-27
-1.45563e-27
-1.12755e-27
-8.04889e-28
-5.39005e-28
-3.43752e-28
-2.11028e-28
-8.16978e-29
4.43549e-79
5.64873e-65
-2.22823e-58
1.29605e-52
-1.21872e-48
7.43071e-46
-1.90028e-43
-7.03582e-41
-1.87046e-39
2.96101e-39
7.26278e-37
8.32753e-36
4.8054e-35
3.21684e-34
1.1439e-33
5.11211e-33
4.35682e-32
2.39164e-31
7.45946e-31
1.12895e-30
-1.49213e-30
-1.43934e-29
-4.33672e-29
-7.19186e-29
-4.12824e-29
1.47895e-28
6.71586e-28
1.8441e-27
3.93336e-27
6.77168e-27
9.63325e-27
1.15914e-26
1.20499e-26
1.09944e-26
8.8616e-27
6.2057e-27
3.42349e-27
6.98149e-28
-1.87027e-27
-4.10607e-27
-5.72035e-27
-6.44563e-27
-6.23337e-27
-5.31609e-27
-4.08084e-27
-2.8761e-27
-1.8974e-27
-1.19157e-27
-7.21078e-28
-2.88366e-28
8.58762e-77
2.69517e-63
6.68661e-57
2.75204e-51
-3.23654e-47
1.45226e-44
-2.46063e-42
-9.45499e-40
-2.34886e-38
-5.91669e-39
7.02915e-36
7.60743e-35
4.20525e-34
2.7197e-33
7.60793e-33
1.9972e-32
2.1917e-31
1.41037e-30
4.82986e-30
8.7921e-30
-1.22071e-30
-6.27897e-29
-2.07666e-28
-3.65238e-28
-2.89189e-28
3.99095e-28
2.37293e-27
6.95867e-27
1.53891e-26
2.70729e-26
3.89914e-26
4.72137e-26
4.92041e-26
4.49076e-26
3.62001e-26
2.54771e-26
1.44652e-26
3.93348e-27
-5.80526e-27
-1.42229e-26
-2.03346e-26
-2.31516e-26
-2.24574e-26
-1.91006e-26
-1.45456e-26
-1.01255e-26
-6.57975e-27
-4.06737e-27
-2.4255e-27
-1.00184e-27
1.69014e-74
8.59688e-62
8.94135e-55
5.56464e-50
-8.29648e-46
2.66122e-43
-3.01356e-41
-1.22552e-38
-2.8534e-37
-5.12338e-37
6.50439e-35
6.63768e-34
3.53214e-33
2.29359e-32
5.37688e-32
3.49113e-32
8.91372e-31
7.64559e-30
2.92768e-29
6.08354e-29
3.11015e-29
-2.50341e-28
-9.52511e-28
-1.77726e-27
-1.7113e-27
6.18703e-28
7.65731e-27
2.48616e-26
5.78087e-26
1.04663e-25
1.53237e-25
1.8721e-25
1.95962e-25
1.79165e-25
1.44579e-25
1.02254e-25
5.95205e-26
1.95817e-26
-1.66436e-26
-4.77515e-26
-7.05357e-26
-8.14126e-26
-7.94029e-26
-6.74764e-26
-5.10391e-26
-3.51097e-26
-2.24692e-26
-1.36651e-26
-8.02661e-27
-3.42226e-27
3.41249e-72
-1.57196e-60
5.85001e-53
1.10041e-48
-2.05308e-44
4.56905e-42
-3.45338e-40
-1.52649e-37
-3.34181e-36
-1.02042e-35
5.74068e-34
5.49649e-33
2.81507e-32
1.90659e-31
4.11503e-31
-3.51929e-31
1.92865e-30
3.70003e-29
1.65719e-28
3.85781e-28
3.57901e-28
-8.64868e-28
-4.16255e-27
-8.29004e-27
-9.13577e-27
-1.99137e-27
2.14454e-26
8.30049e-26
2.07392e-25
3.90158e-25
5.8361e-25
7.21517e-25
7.60141e-25
6.97308e-25
5.63907e-25
4.0081e-25
2.38395e-25
8.98898e-26
-4.21678e-26
-1.54857e-25
-2.38344e-25
-2.79934e-25
-2.75259e-25
-2.34214e-25
-1.76221e-25
-1.19863e-25
-7.55317e-26
-4.5164e-26
-2.61144e-26
-1.14823e-26
7.08748e-70
-6.20916e-58
3.06738e-51
2.27902e-47
-4.90365e-43
7.31095e-41
-3.64493e-39
-1.81911e-36
-3.75943e-35
-1.51929e-34
4.82408e-33
4.2843e-32
2.0967e-31
1.54325e-30
3.35662e-30
-5.15414e-30
-1.2349e-29
1.48496e-28
8.6832e-28
2.27059e-27
2.7913e-27
-2.19083e-27
-1.71855e-26
-3.70479e-26
-4.52105e-26
-2.65482e-26
4.46388e-26
2.52974e-25
7.05202e-25
1.39745e-24
2.14921e-24
2.69809e-24
2.86747e-24
2.64383e-24
2.14525e-24
1.53272e-24
9.28885e-25
3.87968e-25
-8.3333e-26
-4.82891e-25
-7.82976e-25
-9.39835e-25
-9.34533e-25
-7.98147e-25
-5.98371e-25
-4.02749e-25
-2.49844e-25
-1.46762e-25
-8.34679e-26
-3.77976e-26
1.50617e-67
-7.45137e-56
1.41878e-49
5.48454e-46
-1.12967e-41
1.07757e-39
-3.45775e-38
-2.06254e-35
-4.04605e-34
-1.93316e-33
3.86005e-32
3.10756e-31
1.42482e-30
1.20237e-29
2.80743e-29
-4.28127e-29
-2.22134e-28
3.68194e-28
4.13106e-27
1.24492e-26
1.83849e-26
-1.67756e-28
-6.60652e-26
-1.58367e-25
-2.10245e-25
-1.76582e-25
1.11004e-26
6.69348e-25
2.24642e-24
4.78729e-24
7.63296e-24
9.76998e-24
1.0501e-23
9.74999e-24
7.94934e-24
5.71152e-24
3.51859e-24
1.5905e-24
-5.44135e-26
-1.43886e-24
-2.49458e-24
-3.07573e-24
-3.1034e-24
-2.66787e-24
-1.99705e-24
-1.3314e-24
-8.12908e-25
-4.68625e-25
-2.6187e-25
-1.2193e-25
3.23796e-65
-6.8713e-54
5.99396e-48
1.60448e-44
-2.50741e-40
1.42858e-38
-2.83189e-37
-2.2086e-34
-4.14657e-33
-2.18935e-32
2.95391e-31
2.06089e-30
8.42515e-30
8.91784e-29
2.31808e-28
-2.65952e-28
-2.14022e-27
-1.10171e-27
1.70722e-26
6.34024e-26
1.0853e-25
4.90567e-26
-2.29938e-25
-6.45483e-25
-9.25697e-25
-9.45867e-25
-5.75205e-25
1.32283e-24
6.57149e-24
1.55892e-23
2.6062e-23
3.41797e-23
3.72595e-23
3.49124e-23
2.86493e-23
2.07145e-23
1.29474e-23
6.22908e-24
6.20925e-25
-4.05912e-24
-7.68565e-24
-9.79233e-24
-1.0065e-23
-8.73755e-24
-6.54663e-24
-4.3285e-24
-2.6007e-24
-1.46948e-24
-8.05689e-25
-3.8496e-25
6.94657e-63
-5.52265e-52
2.34915e-46
5.2909e-43
-5.35352e-39
1.61294e-37
-1.87398e-36
-2.21024e-33
-4.02414e-32
-2.23552e-31
2.19079e-30
1.21191e-29
3.79925e-29
6.22314e-28
1.84064e-27
-1.18871e-27
-1.66051e-26
-2.54644e-26
5.37131e-26
2.96856e-25
5.8705e-25
4.53263e-25
-6.78024e-25
-2.49451e-24
-3.87522e-24
-4.48975e-24
-4.3592e-24
4.05279e-25
1.69616e-23
4.78299e-23
8.52237e-23
1.15222e-22
1.27802e-22
1.21142e-22
1.00253e-22
7.3022e-23
4.62415e-23
2.33845e-23
4.72626e-24
-1.06823e-23
-2.28153e-23
-3.02579e-23
-3.18225e-23
-2.80029e-23
-2.10633e-23
-1.38339e-23
-8.17845e-24
-4.52234e-24
-2.42832e-24
-1.18786e-24
1.46852e-60
-4.03601e-50
8.60251e-45
1.77497e-41
-1.09715e-37
1.30097e-36
-9.64882e-36
-2.03339e-32
-3.67238e-31
-2.05448e-30
1.62024e-29
5.92331e-29
4.94878e-29
4.02613e-27
1.38344e-26
-1.94501e-27
-1.13217e-25
-2.4864e-25
4.56371e-26
1.24821e-24
2.93122e-24
3.01623e-24
-1.33124e-24
-9.04924e-24
-1.54548e-23
-1.9579e-23
-2.33648e-23
-1.42617e-23
3.47563e-23
1.36383e-22
2.65622e-22
3.73123e-22
4.2267e-22
4.06392e-22
3.39975e-22
2.49839e-22
1.60148e-22
8.43134e-23
2.37963e-23
-2.55304e-23
-6.49576e-23
-9.0482e-23
-9.78707e-23
-8.76883e-23
-6.6454e-23
-4.34458e-23
-2.52734e-23
-1.36509e-23
-7.16112e-24
-3.57662e-24
3.02798e-58
-2.73209e-48
2.95132e-43
5.71308e-40
-2.1523e-36
-3.95423e-37
-8.36768e-35
-1.66971e-31
-3.12264e-30
-1.67185e-29
1.24967e-28
1.97202e-28
-1.54378e-27
2.36084e-26
9.74559e-26
3.1904e-26
-7.01343e-25
-1.91378e-24
-1.13686e-24
4.45497e-24
1.34896e-23
1.71478e-23
1.62158e-24
-3.02338e-23
-5.87162e-23
-7.9835e-23
-1.06819e-22
-1.02093e-22
3.20833e-23
3.5287e-22
7.84144e-22
1.15644e-21
1.34365e-21
1.31449e-21
1.11482e-21
8.28325e-22
5.37314e-22
2.92289e-22
1.0108e-22
-5.22218e-23
-1.76301e-22
-2.60922e-22
-2.92014e-22
-2.67795e-22
-2.05374e-22
-1.34016e-22
-7.67339e-23
-4.03938e-23
-2.06352e-23
-1.04891e-23
6.04221e-56
-1.72835e-46
9.4824e-42
1.72425e-38
-4.02746e-35
-3.14041e-34
-2.55675e-33
-1.14626e-30
-2.44284e-29
-1.15303e-28
1.0482e-27
-8.17765e-29
-2.5163e-26
1.20122e-25
6.38479e-25
4.83056e-25
-4.01231e-24
-1.29445e-23
-1.31488e-23
1.11697e-23
5.66267e-23
8.75527e-23
3.80898e-23
-8.92933e-23
-2.11986e-22
-3.07456e-22
-4.40612e-22
-5.10255e-22
-1.79442e-22
7.8806e-22
2.17385e-21
3.41513e-21
4.09066e-21
4.08605e-21
3.52555e-21
2.6564e-21
1.74472e-21
9.74859e-22
3.86611e-22
-7.53739e-23
-4.52355e-22
-7.22313e-22
-8.42402e-22
-7.95792e-22
-6.20931e-22
-4.05858e-22
-2.28883e-22
-1.1712e-22
-5.80131e-23
-2.98961e-23
1.15993e-53
-1.02599e-44
2.84469e-40
4.84167e-37
-7.1565e-34
-8.83661e-33
-7.34959e-32
-5.2708e-30
-1.72605e-28
-5.89218e-28
9.59567e-27
-7.60815e-27
-2.705e-25
4.72529e-25
3.85781e-24
4.49672e-24
-2.14073e-23
-8.00328e-23
-1.02317e-22
-4.26932e-24
2.11503e-22
4.08972e-22
2.83012e-22
-2.07891e-22
-7.22889e-22
-1.12533e-21
-1.68053e-21
-2.16039e-21
-1.46468e-21
1.31331e-21
5.58862e-21
9.55649e-21
1.18727e-20
1.21571e-20
1.07181e-20
8.22328e-21
5.47758e-21
3.12937e-21
1.36723e-21
1.80175e-23
-1.08408e-21
-1.90825e-21
-2.33941e-21
-2.29454e-21
-1.83378e-21
-1.20607e-21
-6.70784e-22
-3.32652e-22
-1.58849e-22
-8.25959e-23
2.1321e-51
-5.72229e-43
7.92192e-39
1.26014e-35
-1.20046e-32
-1.78383e-31
-1.62229e-30
9.62414e-30
-1.07039e-27
-7.57258e-28
9.20032e-26
-6.26293e-26
-2.40845e-24
7.30022e-25
2.12493e-23
3.37757e-23
-1.07296e-22
-4.60685e-22
-6.69386e-22
-3.08243e-22
6.6149e-22
1.75695e-21
1.61701e-21
-1.90447e-22
-2.29994e-21
-3.93051e-21
-6.00565e-21
-8.19815e-21
-7.13583e-21
4.30622e-22
1.30556e-20
2.51601e-20
3.26648e-20
3.4441e-20
3.11962e-20
2.45134e-20
1.66123e-20
9.67265e-21
4.52919e-21
7.08353e-22
-2.38134e-21
-4.77224e-21
-6.21761e-21
-6.396e-21
-5.27983e-21
-3.51475e-21
-1.93203e-21
-9.25511e-22
-4.22789e-22
-2.20458e-22
3.73722e-49
-2.99653e-41
2.02818e-37
3.02506e-34
-1.88558e-31
-3.03795e-30
-2.94354e-29
6.25359e-28
-5.55416e-27
3.11173e-26
8.75735e-25
-1.61464e-25
-1.88698e-23
-1.03046e-23
1.04694e-22
2.19064e-22
-5.08467e-22
-2.49134e-21
-3.91321e-21
-2.72948e-21
1.40506e-21
6.91939e-21
8.02317e-21
1.75093e-21
-6.66089e-21
-1.31341e-20
-2.02807e-20
-2.85511e-20
-2.83853e-20
-8.89386e-21
2.66794e-20
6.17361e-20
8.45586e-20
9.22626e-20
8.64654e-20
7.01591e-20
4.86326e-20
2.88098e-20
1.41575e-20
3.63843e-21
-4.64058e-21
-1.11666e-20
-1.56859e-20
-1.71539e-20
-1.47843e-20
-1.0037e-20
-5.47155e-21
-2.5232e-21
-1.0912e-21
-5.65968e-22
6.22264e-47
-1.4699e-39
4.69972e-36
6.63435e-33
-2.74008e-30
-4.58429e-29
-4.59668e-28
9.82099e-27
-2.2225e-26
5.31593e-25
7.94666e-24
2.9869e-24
-1.33055e-22
-1.47377e-22
4.45055e-22
1.25609e-21
-2.29195e-21
-1.27019e-20
-2.09247e-20
-1.76591e-20
-9.1976e-22
2.46867e-20
3.59197e-20
1.58667e-20
-1.66072e-20
-4.2055e-20
-6.51494e-20
-9.23472e-20
-9.92813e-20
-5.18464e-20
4.34955e-20
1.39318e-19
2.03898e-19
2.31424e-19
2.26493e-19
1.92071e-19
1.37366e-19
8.28087e-20
4.19599e-20
1.36478e-20
-7.50199e-21
-2.40077e-20
-3.71054e-20
-4.39781e-20
-4.01347e-20
-2.80573e-20
-1.52452e-20
-6.74586e-21
-2.72265e-21
-1.38862e-21
9.80281e-45
-6.72798e-38
9.60292e-35
1.30361e-31
-3.61125e-29
-6.25676e-28
-6.3264e-27
1.1325e-25
-6.48097e-26
5.88108e-24
6.70248e-23
5.83952e-23
-8.50947e-22
-1.2831e-21
1.49672e-21
6.40506e-21
-9.87274e-21
-6.09755e-20
-1.0323e-19
-9.68215e-20
-3.24716e-20
7.77789e-20
1.47003e-19
9.055e-20
-2.98858e-20
-1.29191e-19
-2.00451e-19
-2.79348e-19
-3.13904e-19
-2.04504e-19
3.78408e-20
2.83359e-19
4.51432e-19
5.35426e-19
5.54346e-19
5.00459e-19
3.74362e-19
2.30296e-19
1.18407e-19
4.31846e-20
-8.30464e-21
-4.59615e-20
-8.06693e-20
-1.06789e-19
-1.05183e-19
-7.66588e-20
-4.18185e-20
-1.77083e-20
-6.53806e-21
-3.22284e-21
1.45468e-42
-2.85679e-36
1.65252e-33
2.19712e-30
-4.15203e-28
-7.81038e-27
-7.75808e-26
1.09751e-24
-3.6066e-25
5.1899e-23
5.16626e-22
6.60846e-22
-4.93028e-21
-8.92189e-21
2.77913e-21
2.88966e-20
-4.07158e-20
-2.73687e-19
-4.69937e-19
-4.69451e-19
-2.35008e-19
2.04377e-19
5.50351e-19
4.26935e-19
1.64756e-21
-3.81327e-19
-5.96255e-19
-7.94494e-19
-9.08007e-19
-6.66141e-19
-8.3401e-20
5.01707e-19
8.97435e-19
1.11371e-18
1.24364e-18
1.23234e-18
9.85092e-19
6.22303e-19
3.19712e-19
1.19697e-19
-3.01574e-22
-7.34485e-20
-1.55243e-19
-2.42219e-19
-2.64588e-19
-2.04258e-19
-1.12995e-19
-4.57221e-20
-1.49992e-20
-6.94179e-21
2.02312e-40
-1.11571e-34
2.20509e-32
2.80007e-29
-3.76731e-27
-9.00583e-26
-8.50911e-25
9.4357e-24
-6.78039e-24
3.81693e-22
3.58468e-21
5.80237e-21
-2.56035e-20
-5.25927e-20
-9.6341e-21
1.13477e-19
-1.6077e-19
-1.12954e-18
-1.95992e-18
-2.03745e-18
-1.2324e-18
3.76221e-19
1.86867e-18
1.78098e-18
3.64742e-19
-1.08235e-18
-1.74127e-18
-2.13783e-18
-2.41559e-18
-1.89017e-18
-5.67142e-19
7.18381e-19
1.54046e-18
1.97746e-18
2.46284e-18
2.83711e-18
2.5074e-18
1.64392e-18
8.31778e-19
2.91497e-19
1.99133e-20
-8.11307e-20
-2.4184e-19
-5.01594e-19
-6.33562e-19
-5.28986e-19
-3.00852e-19
-1.16379e-19
-3.24189e-20
-1.32958e-20
2.62072e-38
-3.95587e-33
2.15659e-31
1.11547e-28
-1.62314e-26
-9.72975e-25
-8.36015e-24
7.54442e-23
-9.65394e-23
2.33063e-21
2.19661e-20
4.22824e-20
-1.15912e-19
-2.65633e-19
-1.36355e-19
3.75e-19
-6.13501e-19
-4.11658e-18
-7.36379e-18
-7.88961e-18
-5.31711e-18
1.38614e-20
5.64292e-18
6.76036e-18
2.36776e-18
-2.93494e-18
-5.12305e-18
-5.49919e-18
-5.92337e-18
-4.75853e-18
-1.9262e-18
6.52425e-19
2.0962e-18
2.59643e-18
3.90909e-18
5.99689e-18
6.19441e-18
4.2785e-18
2.10559e-18
6.08481e-19
-6.03311e-21
3.32029e-22
-2.1051e-19
-9.08088e-19
-1.42571e-18
-1.32474e-18
-7.89316e-19
-2.9296e-19
-6.40624e-20
-1.98764e-20
3.13698e-36
-1.24642e-31
4.63372e-30
-8.0834e-27
3.24216e-25
-1.00713e-23
-7.41888e-23
5.95287e-22
-8.52019e-22
1.13418e-20
1.15086e-19
2.5907e-19
-4.25506e-19
-1.13051e-18
-8.67782e-19
9.67126e-19
-2.37574e-18
-1.1661e-17
-2.40657e-17
-2.6803e-17
-1.93731e-17
-3.78884e-18
1.46021e-17
2.3609e-17
1.13207e-17
-7.3524e-18
-1.57512e-17
-1.37604e-17
-1.34068e-17
-1.06794e-17
-4.96533e-18
-2.93707e-19
1.66618e-18
8.36921e-19
3.11421e-18
1.1233e-17
1.49356e-17
1.10609e-17
5.24872e-18
1.00287e-18
-4.42816e-19
2.61674e-19
3.72013e-19
-1.29201e-18
-2.94789e-18
-3.18206e-18
-2.04012e-18
-7.33127e-19
-1.06996e-19
-7.98117e-21
3.4317e-34
-3.35361e-30
3.49398e-28
-3.58798e-25
1.17019e-23
-1.02407e-22
-6.17767e-22
4.86346e-21
-3.1839e-21
3.94244e-20
4.78845e-19
1.30301e-18
-9.68492e-19
-3.84078e-18
-3.88907e-18
1.49068e-18
-1.0348e-17
-9.66667e-18
-6.30459e-17
-7.67052e-17
-5.88229e-17
-2.04994e-17
3.01606e-17
7.424e-17
4.80497e-17
-1.52462e-17
-5.23456e-17
-3.41817e-17
-2.80273e-17
-2.1313e-17
-1.0399e-17
-2.89828e-18
-1.39452e-18
-8.59427e-18
-9.58085e-18
1.7043e-17
3.54445e-17
2.859e-17
1.30216e-17
8.91149e-19
-2.72363e-18
5.28524e-19
2.54243e-18
-8.71721e-19
-5.33322e-18
-7.22976e-18
-5.19324e-18
-1.8412e-18
-1.08415e-19
1.06636e-19
3.3737e-32
-7.02009e-29
2.05072e-26
-1.0177e-23
2.42772e-22
-1.02765e-21
-5.39655e-21
4.01741e-20
3.72396e-20
6.69937e-20
1.19458e-18
4.8397e-18
1.59285e-18
-8.72879e-18
-1.23734e-17
-2.31326e-18
-5.20849e-17
2.07966e-16
-1.05851e-16
-1.6391e-16
-1.40201e-16
-6.87099e-17
4.36172e-17
1.95612e-16
2.03643e-16
-1.67441e-17
-1.9335e-16
-8.37145e-17
-5.36115e-17
-3.75665e-17
-1.68158e-17
-7.28786e-18
-8.5203e-18
-3.35034e-17
-6.49351e-17
1.37884e-17
8.37648e-17
7.41178e-17
3.22324e-17
-1.84576e-18
-1.11745e-17
-8.00798e-19
7.99203e-18
2.44675e-18
-7.23041e-18
-1.51252e-17
-1.30137e-17
-4.71874e-18
1.84962e-19
6.44689e-19
2.89535e-30
-7.86936e-28
8.83777e-25
-2.34145e-22
4.09208e-21
-9.70503e-21
-5.84759e-20
2.96707e-19
8.52413e-19
-7.21719e-20
-2.79022e-18
6.17699e-18
3.33154e-17
1.802e-18
-2.57644e-17
-4.51373e-17
-2.27441e-16
1.56663e-15
7.68695e-15
7.80052e-16
-2.1474e-16
-1.44093e-16
3.45109e-17
2.67474e-15
1.09216e-15
3.70394e-17
-1.29691e-15
-2.20514e-16
-8.86745e-17
-5.85405e-17
-6.50453e-18
-1.08129e-17
-1.75623e-17
-7.1182e-17
-2.59859e-16
-3.42768e-17
1.9994e-16
1.92936e-16
7.84876e-17
-1.31739e-17
-3.60086e-17
-9.97699e-18
1.71997e-17
1.2307e-17
-7.78953e-19
-2.73566e-17
-3.20297e-17
-1.26444e-17
1.69718e-18
2.72551e-18
2.04462e-28
1.62697e-26
3.02456e-23
-4.69539e-21
6.08594e-20
-7.61934e-20
-8.06144e-19
1.45901e-18
8.56708e-18
7.81291e-19
-5.54818e-17
-1.11793e-16
8.16407e-16
1.90905e-16
-3.97187e-15
-5.14611e-16
5.40833e-15
-2.04901e-14
1.96098e-13
3.8095e-13
2.7849e-13
2.00584e-13
1.04369e-13
5.01301e-14
4.76545e-15
-2.11594e-14
-1.35789e-14
-8.45586e-15
-5.38544e-16
-9.1261e-17
1.99816e-16
-4.06346e-18
-3.49191e-17
-1.3752e-16
-1.18098e-15
-2.4356e-16
4.87929e-16
5.08045e-16
1.79861e-16
-4.88651e-17
-9.46132e-17
-4.49649e-17
1.92726e-17
3.06587e-17
4.68511e-17
-3.44115e-17
-7.6584e-17
-3.63016e-17
7.29494e-18
1.00476e-17
1.01069e-26
1.23616e-24
8.57658e-22
-8.7143e-20
8.2201e-19
-3.65348e-19
-1.2264e-17
-4.26272e-18
5.73542e-17
1.85939e-17
-5.21723e-16
-1.32979e-15
1.69384e-14
-2.8401e-15
-9.84597e-14
1.93655e-14
1.82609e-13
-8.32331e-14
5.41355e-13
1.82248e-12
2.41047e-12
1.9938e-12
1.4269e-12
2.3284e-13
-1.76094e-12
-6.75544e-13
-4.96663e-14
-1.57226e-13
-3.06419e-14
-6.64434e-16
2.07132e-15
-6.15969e-14
-4.242e-14
-2.30625e-14
-8.71869e-15
-8.16249e-16
1.23851e-15
1.37988e-15
3.3935e-16
-1.59227e-16
-2.05706e-16
-1.61408e-16
-5.64975e-17
4.56166e-17
2.76866e-16
1.6305e-17
-1.70646e-16
-1.13419e-16
2.44796e-17
3.4482e-17
9.41547e-26
3.71982e-23
2.12066e-20
-1.6531e-18
1.01701e-17
5.97408e-19
-2.08617e-16
-2.57017e-16
6.51067e-15
-2.46488e-15
-2.05304e-14
2.12345e-15
6.84743e-14
-2.73019e-13
-3.78236e-13
2.04267e-12
6.15344e-13
1.73721e-12
-4.19955e-11
-5.29325e-11
3.36222e-12
3.99823e-12
5.25581e-12
-6.12334e-11
-2.81152e-11
-2.72101e-12
6.51433e-14
-4.64247e-13
-2.57496e-13
-5.99636e-14
-9.03489e-13
-7.34887e-13
-4.10962e-13
-1.59985e-13
-3.50604e-14
-7.43358e-16
4.23375e-15
3.56525e-15
-4.37078e-16
-1.56367e-15
-1.16851e-15
-1.75371e-15
-6.78689e-16
1.42012e-17
2.10778e-15
3.37539e-16
-3.22491e-16
-4.01374e-16
6.68798e-17
1.14805e-16
-4.12858e-23
5.6851e-22
5.39041e-19
-3.76431e-17
2.40782e-16
-4.81264e-16
-2.6654e-15
1.61352e-14
6.7652e-14
-5.9394e-13
-3.59371e-13
5.8475e-12
-3.36154e-12
-2.84034e-11
6.42597e-11
1.15136e-10
-1.77066e-10
-7.78872e-12
-2.97318e-10
-1.9397e-09
-1.81808e-09
-1.91774e-09
-1.86894e-09
-7.19381e-10
-9.28023e-11
6.42033e-13
2.65215e-13
8.68511e-13
-4.05857e-11
-4.12108e-11
-1.31435e-11
-2.29107e-12
-1.1133e-12
-4.13366e-13
-6.2645e-14
2.74755e-14
2.59942e-14
6.33877e-15
-2.40165e-14
-2.04089e-14
-1.91991e-14
-1.92363e-14
-3.5068e-15
3.79834e-14
1.54652e-14
1.21047e-15
-2.10221e-15
-1.86587e-15
1.44442e-16
3.98519e-16
-4.4866e-21
-2.28688e-21
1.76428e-17
-8.96428e-16
1.02745e-14
-4.86117e-14
9.12462e-14
1.91638e-13
3.2672e-15
-3.69247e-12
1.56574e-11
3.83978e-11
-2.06209e-10
-1.76272e-10
1.05457e-09
5.26867e-10
-1.63034e-09
-3.48939e-10
-3.73003e-10
-5.30393e-09
-1.89557e-08
-2.06399e-08
-1.09025e-08
-2.26184e-09
-9.56323e-13
8.10141e-12
-9.66421e-13
5.61073e-11
-4.35833e-10
-2.96362e-10
-5.53191e-11
-2.51215e-12
-1.48182e-12
-6.50651e-13
1.2883e-13
1.74429e-13
2.50865e-13
8.50769e-15
-1.00715e-13
-8.29148e-14
-8.61186e-14
-5.20864e-14
1.01418e-13
2.66077e-13
4.10512e-14
-3.80136e-14
-6.46713e-14
-6.99978e-15
4.28377e-15
1.70843e-15
-8.39102e-19
2.36363e-16
-3.576e-15
6.35406e-15
4.00368e-14
-2.16814e-13
4.98021e-13
3.62424e-12
-4.39852e-11
2.73509e-11
2.02097e-10
-2.28815e-10
-1.18484e-09
2.19244e-09
4.07601e-09
-7.24095e-09
-5.70614e-09
-1.59335e-09
2.15898e-08
3.69966e-08
-1.08186e-08
-5.12244e-08
-2.03068e-08
-2.678e-09
9.17441e-10
8.45681e-10
4.64243e-10
6.13054e-10
-9.26005e-10
-6.35394e-10
-9.011e-11
-3.61924e-12
1.61318e-11
-2.10875e-12
-1.11438e-12
1.90374e-11
7.94202e-12
2.13637e-13
-1.60137e-13
-1.40456e-13
-1.84539e-13
2.04433e-12
4.6601e-12
7.91084e-13
-1.62317e-12
-2.06853e-12
-3.81466e-13
4.85707e-14
4.63527e-14
6.48339e-15
-8.04408e-15
4.29168e-14
-2.11337e-13
1.18026e-12
-4.92604e-12
8.54464e-12
9.1672e-14
1.83399e-11
-2.85206e-10
1.52741e-09
1.28935e-09
-9.45154e-09
-4.60896e-09
3.96946e-08
9.72929e-09
-1.61187e-07
-5.61278e-08
4.26605e-07
4.69593e-07
1.47823e-07
8.83136e-07
4.07687e-08
2.94592e-07
2.10908e-07
6.26879e-08
3.67069e-08
3.25677e-08
2.21083e-08
2.78106e-09
-4.06254e-10
1.82885e-09
1.75262e-09
5.93903e-10
-5.2787e-10
-4.78751e-11
3.79279e-10
1.02002e-10
9.24165e-13
3.97088e-11
3.93773e-11
4.79418e-11
7.75321e-11
3.22774e-11
-1.51197e-11
-3.49011e-11
-1.03931e-11
-7.01108e-13
5.76246e-13
1.98867e-13
1.19304e-14
-7.3919e-14
1.76782e-13
-5.49712e-13
5.40256e-12
-2.74214e-11
9.76249e-11
-1.11937e-11
-1.28471e-09
7.08127e-10
6.94669e-09
-1.45658e-08
-5.13885e-08
1.55933e-07
2.98249e-07
-5.98874e-07
-1.45657e-06
-4.11259e-07
5.75528e-06
1.89399e-06
-1.66655e-06
-6.23292e-06
0.000365471
0.00191236
0.00554863
0.0112168
0.0174033
0.0216933
0.0220841
0.0187189
0.0127837
0.00671197
0.00239206
0.000353808
-2.78876e-09
1.78909e-07
3.94482e-08
9.07064e-10
1.18912e-09
6.48657e-10
6.4448e-10
6.03645e-10
3.63641e-10
7.8904e-11
-3.1449e-10
-1.53836e-10
-2.00572e-11
5.90929e-12
2.95166e-12
3.57543e-13
-6.27832e-14
1.2178e-12
-7.08477e-12
3.60117e-11
-1.47689e-10
1.91679e-10
3.08141e-10
1.56885e-10
-8.88305e-09
4.26937e-08
7.67448e-09
-2.70231e-07
-1.08463e-07
1.61482e-06
1.12132e-06
-7.30013e-06
-5.92939e-06
2.04094e-05
2.72987e-05
-0.000284678
-0.00108961
-0.000753355
0.00517888
0.0216252
0.0498288
0.0847532
0.116092
0.13278
0.131115
0.113451
0.0852075
0.0549549
0.0296947
0.0126642
0.00357308
0.000353683
6.07953e-07
5.60881e-08
9.10373e-09
2.1449e-09
2.03518e-09
2.23945e-09
7.85723e-10
-2.55937e-09
-1.63747e-09
-2.95924e-10
6.06708e-11
5.28523e-11
9.13656e-12
-3.62452e-13
-4.44777e-13
1.77111e-11
-3.35308e-11
1.74522e-10
-1.14209e-09
4.12296e-09
-2.99234e-09
-1.97914e-08
1.32606e-08
1.98214e-07
-3.10151e-07
-1.23433e-06
2.43139e-06
5.92073e-06
-1.0522e-05
-3.71669e-05
0.00011443
0.000465211
-7.03487e-05
-0.00314082
-0.00730822
-0.00513791
0.0158162
0.0669289
0.147315
0.240826
0.321116
0.361984
0.357217
0.315016
0.247005
0.171537
0.104514
0.0546732
0.0234075
0.00724523
0.000964194
4.44531e-07
1.55607e-08
3.57458e-09
2.68168e-09
4.45219e-09
-3.9174e-08
-2.69565e-08
-5.27197e-09
4.66536e-10
7.78523e-10
2.28301e-10
1.25417e-11
-4.99908e-12
-1.82336e-12
-9.49074e-12
2.72023e-10
-1.15132e-09
-3.84528e-10
1.64992e-08
-3.39694e-08
-1.17917e-07
5.14242e-07
2.98136e-07
-2.59697e-06
-1.32947e-06
2.31714e-05
-9.66779e-06
-0.000195718
-0.000116082
0.000949787
0.00210485
-0.000200408
-0.00932056
-0.0205069
-0.0171613
0.0228391
0.117558
0.263161
0.431018
0.577621
0.660983
0.661564
0.600211
0.490778
0.360938
0.237227
0.137437
0.0682514
0.0273612
0.00752247
0.000641969
-2.06464e-08
-1.1112e-07
-3.182e-07
-5.32133e-07
-3.5286e-07
-1.07218e-07
-8.62541e-09
7.19303e-09
3.45837e-09
4.17318e-10
-4.84585e-11
-2.77254e-11
-3.74371e-12
1.88368e-10
-1.00988e-09
-9.2357e-09
4.66399e-08
-1.30863e-09
-2.42513e-07
2.49743e-07
2.49284e-06
-7.74111e-06
-1.67248e-05
6.03952e-05
0.000135796
-0.000185952
-0.000828374
-0.000359181
0.00257595
0.00540675
0.00124039
-0.0150272
-0.0364984
-0.0370788
0.011813
0.132226
0.319555
0.540073
0.741998
0.878861
0.912897
0.859173
0.735883
0.572172
0.401196
0.250426
0.136246
0.0619983
0.0214189
0.00398715
2.00218e-05
-4.06175e-06
-4.31418e-06
-3.01418e-06
-1.17836e-06
-1.9208e-07
4.78797e-08
3.64292e-08
7.86306e-09
-1.45462e-10
-2.73013e-10
-8.5301e-11
-4.15842e-12
4.12384e-09
-5.12975e-08
9.04911e-08
3.86403e-07
-1.58542e-06
-9.16304e-07
1.29593e-05
2.48138e-06
-7.18178e-05
-4.83367e-05
0.000268336
0.000434743
-0.000438141
-0.00195948
-0.00127558
0.00382929
0.00961147
0.00619929
-0.0138384
-0.0431013
-0.0546618
-0.0198539
0.0853304
0.26085
0.481345
0.703431
0.877973
0.962501
0.951183
0.858311
0.703831
0.524016
0.348097
0.202223
0.0996488
0.0388152
0.00959502
0.000425088
-1.76776e-05
-1.63143e-05
-8.45518e-06
-2.00455e-06
1.98282e-07
3.40284e-07
1.20252e-07
9.29045e-09
-2.07723e-09
-1.02067e-09
-1.52117e-10
3.21127e-12
-2.08552e-07
-2.74933e-07
2.12278e-06
-2.30518e-07
-1.18603e-05
3.9936e-06
5.42557e-05
2.43078e-06
-0.000202379
-0.000152833
0.000507649
0.000952252
-0.000343349
-0.00299749
-0.00304461
0.00286176
0.0118082
0.0127479
-0.00219168
-0.0312438
-0.0541328
-0.0463663
0.00572526
0.108458
0.2546
0.426618
0.599266
0.737789
0.80054
0.778475
0.683384
0.533881
0.370479
0.225351
0.11673
0.0485617
0.013612
0.00101981
-5.22219e-05
-4.10768e-05
-1.33707e-05
1.68562e-07
3.00193e-06
1.43791e-06
2.19238e-07
-1.26329e-08
-8.06838e-09
-2.15703e-09
-9.24096e-11
6.5292e-12
-8.74907e-07
3.27294e-07
6.72204e-06
-2.7762e-06
-2.939e-05
4.27062e-06
0.000103696
4.25255e-05
-0.000291967
-0.000341599
0.000455758
0.00133871
0.000431444
-0.0026989
-0.00449732
-0.00078596
0.00835054
0.0149788
0.0105835
-0.00644616
-0.0289889
-0.0439056
-0.0410675
-0.0174208
0.0342741
0.119017
0.233974
0.359637
0.459612
0.492082
0.461506
0.381891
0.276295
0.172695
0.0912733
0.0385976
0.0110593
0.000838604
-0.00014972
-6.70633e-05
5.92894e-06
2.35129e-05
1.34186e-05
3.22207e-06
8.46294e-08
-3.38092e-08
-1.77958e-08
-3.21591e-09
1.81471e-11
1.23644e-11
-1.14766e-06
2.12572e-07
8.63397e-06
8.17481e-07
-3.34464e-05
-1.76378e-05
9.39236e-05
0.000111813
-0.000158599
-0.000432906
-3.21264e-05
0.00102622
0.00122159
-0.000671338
-0.00363968
-0.00372462
0.00089972
0.00827272
0.0122246
0.0092582
-0.000284669
-0.0150475
-0.0335008
-0.0506286
-0.0578172
-0.043682
0.000359175
0.0691724
0.140331
0.181115
0.179186
0.149136
0.1038
0.0592079
0.026367
0.00761027
-6.44932e-05
-0.000974601
-0.000349794
7.32752e-05
0.000152881
9.66224e-05
3.32091e-05
3.88934e-06
-1.13787e-07
-7.7915e-08
-2.68003e-08
-2.88697e-09
1.71399e-11
1.30605e-11
-3.63509e-07
-1.78215e-06
2.86728e-06
9.7657e-06
-7.44158e-06
-3.78968e-05
4.96476e-07
0.000112286
8.65703e-05
-0.000222317
-0.000419264
7.61394e-05
0.00103672
0.0010657
-0.00051012
-0.00271615
-0.00317756
-0.00123603
0.00262513
0.00693071
0.00963204
0.00802851
-0.00151683
-0.0201485
-0.0428075
-0.0584267
-0.0586958
-0.0445411
-0.0249743
-0.0120068
-0.0128137
-0.0200098
-0.0273462
-0.0293202
-0.0245934
-0.0161184
-0.00793505
-0.00226088
0.000245119
0.000678483
0.000487205
0.000216908
5.23362e-05
1.6242e-06
-1.80497e-07
-1.08178e-07
-2.92594e-08
-1.38625e-09
1.80712e-11
4.46514e-12
2.1568e-07
-1.67672e-06
-1.64772e-06
7.86442e-06
9.79635e-06
-2.18268e-05
-4.38134e-05
2.90257e-05
0.000137224
5.83687e-05
-0.000250307
-0.000402778
-2.36048e-05
0.000742055
0.00114302
0.000614471
-0.000991636
-0.00304362
-0.00399236
-0.0022564
0.00276467
0.00897204
0.0118164
0.00833807
-0.00112421
-0.0139268
-0.0263104
-0.0372143
-0.0466195
-0.0559811
-0.0629981
-0.0634432
-0.0571813
-0.044429
-0.0287876
-0.0148223
-0.00439884
0.000770337
0.00209135
0.00166526
0.000894176
0.000319822
5.29376e-05
-3.22216e-07
-2.07366e-07
-9.26028e-08
-2.02495e-08
-2.09587e-10
2.12808e-11
-1.37219e-11
4.55352e-07
1.04075e-07
-3.37775e-06
-1.28373e-06
1.18667e-05
1.05257e-05
-2.52925e-05
-4.78526e-05
1.10233e-05
0.000122217
0.000123405
-8.62535e-05
-0.000392701
-0.000412462
0.000112493
0.00101744
0.00143144
0.000631706
-0.00134898
-0.00317093
-0.00312178
-0.000706112
0.00351762
0.00798462
0.0110528
0.011719
0.00926501
0.00280032
-0.00713467
-0.018015
-0.0250557
-0.0249304
-0.0192852
-0.0103639
-0.00148648
0.00438138
0.00700487
0.00616355
0.00418408
0.00237195
0.00105517
0.000321213
3.10909e-05
-1.63849e-07
-1.18383e-07
-3.91336e-08
-2.97445e-09
2.14995e-10
4.20191e-11
-3.58379e-11
-8.46615e-09
5.63036e-07
2.17182e-07
-2.58182e-06
-2.68996e-06
6.00414e-06
1.41042e-05
-1.09232e-06
-4.10018e-05
-4.48321e-05
3.84905e-05
0.000156608
0.000132277
-0.000134229
-0.000456291
-0.000443304
9.47824e-05
0.00091493
0.00132304
0.000790674
-0.000671116
-0.0024555
-0.00338404
-0.00247281
0.000497699
0.00502975
0.00947783
0.0120649
0.0122686
0.0109031
0.0100607
0.010931
0.0131753
0.0152661
0.0157214
0.0141314
0.0107691
0.00714352
0.00415625
0.00200121
0.000756017
0.000176607
5.0406e-06
-7.04822e-08
8.38232e-09
1.87812e-08
6.93332e-09
8.17123e-10
-6.9809e-11
-6.08657e-11
-1.95714e-08
-2.82396e-07
1.75972e-07
1.43897e-06
-1.24728e-07
-5.0368e-06
-3.13044e-06
1.15037e-05
1.93142e-05
-6.93457e-06
-5.42992e-05
-5.18787e-05
4.70911e-05
0.000175512
0.000155933
-9.99721e-05
-0.000433401
-0.000479587
-6.51376e-05
0.000669772
0.00115517
0.00089112
-0.000284722
-0.00202835
-0.00341016
-0.00363325
-0.00260338
-0.000704625
0.00148528
0.00376845
0.00575691
0.00748972
0.00893336
0.00917283
0.00831853
0.00650967
0.00442866
0.00257367
0.0012304
0.000458262
0.000116323
-1.0337e-06
-2.15473e-06
-3.58497e-07
6.896e-08
4.10272e-08
9.84939e-09
5.30715e-11
-1.05454e-10
-5.62954e-11
3.40434e-08
8.82614e-08
-2.77138e-07
-4.91971e-07
9.52481e-07
2.12557e-06
-1.47712e-06
-7.15188e-06
-2.29376e-06
1.56874e-05
2.12267e-05
-8.52792e-06
-5.59706e-05
-5.71165e-05
2.33545e-05
0.00014974
0.000183716
1.9283e-05
-0.000298103
-0.000486319
-0.000279953
0.00031885
0.000913749
0.00101527
0.000570704
-0.000267794
-0.00130628
-0.0023466
-0.0033206
-0.00413648
-0.0046077
-0.0046155
-0.00426251
-0.00372462
-0.00319058
-0.00262644
-0.00204044
-0.00144861
-0.000914144
-0.000494536
-0.000220367
-7.03966e-05
-1.07507e-05
1.13285e-07
8.20726e-08
3.71513e-08
7.60864e-09
-1.3496e-11
-4.62997e-11
-7.71025e-12
-1.16081e-08
-4.33155e-08
1.11809e-07
1.98817e-07
-4.43774e-07
-7.86939e-07
1.05374e-06
2.93175e-06
-8.83572e-07
-8.51051e-06
-5.62685e-06
1.46974e-05
2.79779e-05
1.66696e-06
-5.3688e-05
-6.66743e-05
9.42396e-07
0.000105662
0.000137225
6.10831e-05
-8.13874e-05
-0.000219159
-0.000271108
-0.000172845
0.000177304
0.000761422
0.00139187
0.00166887
0.00133356
0.000393984
-0.00089204
-0.00214304
-0.0030494
-0.00331854
-0.00307844
-0.00251425
-0.00181588
-0.00115892
-0.000643931
-0.000308639
-0.000121723
-3.52455e-05
-3.6608e-06
4.14635e-08
3.44089e-08
1.61391e-08
4.37787e-09
3.84718e-10
4.39807e-11
1.22643e-11
-2.84027e-10
2.16341e-08
-1.64757e-08
-9.32979e-08
1.09068e-07
2.98435e-07
-3.70246e-07
-9.5315e-07
7.0217e-07
2.81094e-06
3.04954e-07
-6.07488e-06
-6.49674e-06
3.72734e-06
1.83597e-05
1.93779e-05
-4.70621e-06
-4.9746e-05
-7.13892e-05
-1.65474e-05
0.00011241
0.000200708
0.000112767
-0.000183351
-0.000532932
-0.000660508
-0.00042417
0.00015019
0.000848392
0.00136951
0.00155169
0.00144103
0.00114024
0.00079121
0.000527788
0.000368675
0.000273386
0.000201584
0.000137104
8.18539e-05
4.02805e-05
1.47654e-05
2.87439e-06
-1.18709e-08
-2.14027e-08
-9.53504e-09
-1.20608e-09
2.84045e-10
1.01774e-10
6.03971e-12
9.18608e-09
-4.2326e-09
-5.78801e-08
3.99848e-08
1.67443e-07
-1.71356e-07
-3.69436e-07
5.97042e-07
8.26991e-07
-1.68218e-06
-2.49916e-06
3.62243e-06
8.12112e-06
-3.28309e-06
-2.06162e-05
-1.13876e-05
2.93608e-05
4.96025e-05
5.67394e-06
-7.37771e-05
-8.81784e-05
-3.59284e-06
0.000128026
0.000172444
6.73212e-05
-0.000153112
-0.000373127
-0.000467609
-0.00040452
-0.000212652
3.58361e-05
0.000260176
0.000413576
0.000471049
0.000448452
0.000374269
0.000277551
0.000184245
0.000109412
5.74922e-05
2.60375e-05
9.4478e-06
2.09419e-06
2.47477e-08
-1.6371e-08
-9.39832e-09
-2.63914e-09
-1.43002e-10
1.20439e-11
7.69894e-12
)
;

boundaryField
{
    movingWall
    {
        type            zeroGradient;
    }
    fixedWalls
    {
        type            zeroGradient;
    }
    frontAndBack
    {
        type            empty;
    }
}

