/*--------------------------------*- C++ -*----------------------------------*\
| =========                 |                                                 |
| \\      /  F ield         | OpenFOAM: The Open Source CFD Toolbox           |
|  \\    /   O peration     | Version:  v2006                                 |
|   \\  /    A nd           | Website:  www.openfoam.com                      |
|    \\/     M anipulation  |                                                 |
\*---------------------------------------------------------------------------*/
FoamFile
{
    version     2.0;
    format      ascii;
    class       volScalarField;
    location    "0";
    object      f;
}
// * * * * * * * * * * * * * * * * * * * * * * * * * * * * * * * * * * * * * //

dimensions      [0 0 0 0 0 0 0];


internalField   nonuniform List<scalar> 
2500
(
-5.91911e-20
-5.91898e-20
-5.91629e-20
-5.91476e-20
-5.9421e-20
-5.99628e-20
-5.9105e-20
-5.44808e-20
-4.60134e-20
-3.70224e-20
-3.14602e-20
-2.984e-20
-2.86117e-20
-2.352e-20
-1.3524e-20
-2.0103e-21
5.93553e-21
7.70474e-21
4.7383e-21
6.52215e-22
-1.72356e-21
-1.86839e-21
-9.28038e-22
-1.47823e-22
2.55067e-23
-1.97875e-22
-4.66166e-22
-5.89182e-22
-5.55746e-22
-4.35648e-22
-2.98746e-22
-1.84533e-22
-1.04587e-22
-5.50707e-23
-2.71762e-23
-1.26476e-23
-5.57659e-24
-2.33732e-24
-9.33474e-25
-3.5584e-25
-1.29618e-25
-4.51473e-26
-1.50431e-26
-4.79663e-27
-1.4646e-27
-4.28959e-28
-1.20989e-28
-3.31405e-29
-8.9564e-30
-2.44997e-30
-1.52662e-19
-1.52661e-19
-1.52563e-19
-1.52453e-19
-1.53459e-19
-1.56206e-19
-1.55275e-19
-1.42096e-19
-1.16093e-19
-8.91279e-20
-7.57678e-20
-7.81583e-20
-8.30488e-20
-7.38422e-20
-4.49476e-20
-7.16318e-21
2.09292e-20
2.83186e-20
1.85699e-20
3.94056e-21
-5.14776e-21
-6.21255e-21
-3.0652e-21
-2.48943e-22
4.80922e-22
-2.1133e-22
-1.11262e-21
-1.5643e-21
-1.51905e-21
-1.19753e-21
-8.17935e-22
-5.00907e-22
-2.80784e-22
-1.46019e-22
-7.10984e-23
-3.26231e-23
-1.41711e-23
-5.84681e-24
-2.29666e-24
-8.6034e-25
-3.07752e-25
-1.05248e-25
-3.44674e-26
-1.08391e-26
-3.29072e-27
-9.74222e-28
-2.86165e-28
-8.55656e-29
-2.68064e-29
-8.96339e-30
-3.77342e-19
-3.77346e-19
-3.77001e-19
-3.76317e-19
-3.79407e-19
-3.90814e-19
-3.93271e-19
-3.55988e-19
-2.75581e-19
-1.93503e-19
-1.62362e-19
-1.9132e-19
-2.33021e-19
-2.26094e-19
-1.45681e-19
-2.45477e-20
7.22281e-20
1.01094e-19
6.95362e-20
1.8222e-20
-1.54493e-20
-2.07431e-20
-1.01465e-20
-5.71448e-23
2.81634e-21
6.38803e-22
-2.38391e-21
-3.99687e-21
-4.03459e-21
-3.20167e-21
-2.17533e-21
-1.31818e-21
-7.29173e-22
-3.73615e-22
-1.79036e-22
-8.07654e-23
-3.44547e-23
-1.39436e-23
-5.36499e-24
-1.96593e-24
-6.87205e-25
-2.29674e-25
-7.36932e-26
-2.28818e-26
-6.9777e-27
-2.14141e-27
-6.83188e-28
-2.33127e-28
-8.56344e-29
-3.31839e-29
-8.91667e-19
-8.91708e-19
-8.90576e-19
-8.86973e-19
-8.94744e-19
-9.37397e-19
-9.61198e-19
-8.56642e-19
-6.0587e-19
-3.50903e-19
-2.77613e-19
-4.24393e-19
-6.28519e-19
-6.73438e-19
-4.60736e-19
-8.36267e-20
2.40601e-19
3.48012e-19
2.48122e-19
7.25686e-20
-4.8029e-20
-7.01936e-20
-3.40164e-20
2.02351e-21
1.2855e-20
5.87003e-21
-4.22989e-21
-9.8192e-21
-1.04246e-20
-8.32756e-21
-5.61566e-21
-3.35755e-21
-1.82723e-21
-9.19483e-22
-4.32124e-22
-1.90904e-22
-7.96192e-23
-3.14367e-23
-1.17737e-23
-4.18959e-24
-1.4198e-24
-4.60336e-25
-1.44201e-25
-4.45026e-26
-1.39902e-26
-4.67638e-27
-1.71333e-27
-6.83797e-28
-2.86568e-28
-1.21182e-28
-2.00866e-18
-2.00888e-18
-2.00556e-18
-1.98902e-18
-2.00281e-18
-2.15226e-18
-2.27486e-18
-1.98655e-18
-1.19869e-18
-3.90043e-19
-2.02684e-19
-7.90563e-19
-1.61533e-18
-1.94408e-18
-1.42138e-18
-2.90326e-19
7.63917e-19
1.14968e-18
8.43036e-19
2.59119e-19
-1.5828e-19
-2.41588e-19
-1.16047e-19
1.25839e-20
5.20999e-20
2.91127e-20
-4.47015e-21
-2.32351e-20
-2.62719e-20
-2.10872e-20
-1.40595e-20
-8.25988e-21
-4.40382e-21
-2.16676e-21
-9.93782e-22
-4.27492e-22
-1.73099e-22
-6.61092e-23
-2.38424e-23
-8.13155e-24
-2.63228e-24
-8.17001e-25
-2.49128e-25
-7.82814e-26
-2.70415e-26
-1.06703e-26
-4.68133e-27
-2.14483e-27
-9.75928e-28
-4.29687e-28
-4.29939e-18
-4.30031e-18
-4.2924e-18
-4.22448e-18
-4.22681e-18
-4.72668e-18
-5.25381e-18
-4.48624e-18
-2.00285e-18
6.0168e-19
1.15746e-18
-9.14695e-19
-3.90074e-18
-5.41252e-18
-4.27068e-18
-1.03562e-18
2.2821e-18
3.63691e-18
2.73132e-18
8.45108e-19
-5.53026e-19
-8.42833e-19
-4.02089e-19
5.66327e-20
1.96769e-19
1.18614e-19
7.5262e-21
-5.3393e-20
-6.48955e-20
-5.20496e-20
-3.40989e-20
-1.95678e-20
-1.01606e-20
-4.85728e-21
-2.15832e-21
-8.95899e-22
-3.48083e-22
-1.26576e-22
-4.30265e-23
-1.36668e-23
-4.07932e-24
-1.17379e-24
-3.49994e-25
-1.22368e-25
-5.36122e-26
-2.70788e-26
-1.4017e-26
-6.99156e-27
-3.29688e-27
-1.46707e-27
-8.70914e-18
-8.71235e-18
-8.70251e-18
-8.45003e-18
-8.33792e-18
-9.93465e-18
-1.20041e-17
-1.00939e-17
-2.29829e-18
6.14314e-18
8.0203e-18
1.33202e-18
-8.64956e-18
-1.44497e-17
-1.24578e-17
-3.75026e-18
6.3026e-18
1.1034e-17
8.47935e-18
2.54845e-18
-2.00296e-18
-2.95564e-18
-1.40555e-18
2.27155e-19
7.10875e-19
4.34554e-19
6.88225e-20
-1.21776e-19
-1.58338e-19
-1.25434e-19
-7.99669e-20
-4.44423e-20
-2.22859e-20
-1.02542e-20
-4.36285e-21
-1.71993e-21
-6.26606e-22
-2.09466e-22
-6.34615e-23
-1.7131e-23
-4.08014e-24
-9.26212e-25
-2.95693e-25
-1.7485e-25
-1.22631e-25
-7.84759e-26
-4.46069e-26
-2.29299e-26
-1.08592e-26
-4.80439e-27
-1.66137e-17
-1.66235e-17
-1.66642e-17
-1.58094e-17
-1.52658e-17
-2.00148e-17
-2.76448e-17
-2.34486e-17
6.355e-19
2.79277e-17
3.4524e-17
1.42534e-17
-1.68701e-17
-3.68072e-17
-3.50942e-17
-1.34578e-17
1.5562e-17
3.23513e-17
2.55059e-17
7.20747e-18
-7.31288e-18
-1.03233e-17
-4.91697e-18
8.75803e-19
2.50289e-18
1.48246e-18
2.82945e-19
-2.87967e-19
-3.85527e-19
-2.955e-19
-1.80708e-19
-9.60788e-20
-4.59477e-20
-2.00404e-20
-7.99217e-21
-2.89414e-21
-9.33132e-22
-2.55937e-22
-5.25573e-23
-3.63818e-24
3.10554e-24
1.70918e-24
2.58779e-25
-2.97421e-25
-3.51316e-25
-2.49861e-25
-1.4455e-25
-7.3844e-26
-3.45278e-26
-1.50659e-26
-2.96562e-17
-2.96806e-17
-3.01019e-17
-2.74509e-17
-2.64585e-17
-3.86208e-17
-6.52099e-17
-5.81617e-17
1.37558e-17
1.01832e-16
1.24202e-16
6.44516e-17
-2.60846e-17
-8.95435e-17
-9.46329e-17
-4.68842e-17
3.17295e-17
9.3328e-17
7.61259e-17
1.96079e-17
-2.64766e-17
-3.57446e-17
-1.70853e-17
3.37168e-18
8.73289e-18
4.78806e-18
8.6489e-19
-7.49334e-19
-9.46189e-19
-6.79918e-19
-3.90768e-19
-1.95252e-19
-8.72821e-20
-3.50817e-20
-1.25031e-20
-3.77777e-21
-8.37114e-22
-3.38077e-23
9.75708e-23
7.05757e-23
3.25944e-23
1.07261e-23
1.69855e-24
-9.34612e-25
-1.1786e-24
-8.19366e-25
-4.61391e-25
-2.3011e-25
-1.05419e-25
-4.52101e-26
-4.91094e-17
-4.91552e-17
-5.15289e-17
-4.38078e-17
-5.06192e-17
-7.05991e-17
-1.57605e-16
-1.56168e-16
4.68535e-17
3.3967e-16
4.10067e-16
2.25158e-16
-2.11452e-17
-2.12277e-16
-2.39935e-16
-1.59299e-16
4.28826e-17
2.82107e-16
2.38957e-16
5.32556e-17
-9.57543e-17
-1.23857e-16
-5.84265e-17
1.31113e-17
3.07575e-17
1.47433e-17
1.94264e-18
-2.22177e-18
-2.34928e-18
-1.51769e-18
-7.97005e-19
-3.64171e-19
-1.46636e-19
-5.07973e-20
-1.37675e-20
-1.72884e-21
1.08723e-21
1.13568e-21
6.74489e-22
3.12218e-22
1.17029e-22
3.25331e-23
3.05558e-24
-4.10965e-24
-4.09429e-24
-2.63917e-24
-1.42274e-24
-6.88389e-25
-3.08203e-25
-1.29781e-25
-7.45137e-17
-7.45453e-17
-8.5424e-17
-6.2666e-17
-1.55652e-16
-1.16906e-16
-4.21902e-16
-4.71556e-16
1.05115e-16
1.23933e-15
1.2948e-15
6.65938e-16
2.67483e-17
-5.36216e-16
-5.44983e-16
-5.27368e-16
9.76478e-18
1.77315e-15
9.02566e-16
1.37106e-16
-4.01784e-16
-4.56397e-16
-1.91627e-16
5.0582e-17
1.12647e-16
4.31335e-17
1.55516e-18
-7.28841e-18
-5.83191e-18
-3.22234e-18
-1.48613e-18
-5.91371e-19
-1.95563e-19
-4.42931e-20
2.51567e-21
1.10286e-20
8.63682e-21
4.92563e-21
2.33522e-21
9.42033e-22
3.11889e-22
7.02979e-23
-3.80759e-24
-1.72197e-23
-1.37088e-23
-8.15008e-24
-4.19727e-24
-1.96895e-24
-8.61471e-25
-3.56245e-25
-1.01615e-16
-1.01402e-16
-1.46204e-16
-7.16787e-17
-7.92219e-16
-1.34191e-16
-4.08995e-15
-1.54446e-15
6.14608e-15
5.76702e-15
2.90392e-15
1.55643e-15
-9.02393e-15
-3.31697e-15
-9.73464e-16
-6.65721e-16
2.70565e-14
1.66957e-14
2.92377e-15
-2.93739e-15
-3.6671e-15
-1.91345e-15
-5.08293e-16
2.4131e-16
4.81325e-16
1.16267e-16
-1.64954e-17
-2.45846e-17
-1.39217e-17
-6.19623e-18
-2.34813e-18
-7.15463e-19
-1.16869e-19
5.50074e-20
7.4662e-20
5.35883e-20
3.0527e-20
1.49294e-20
6.37518e-21
2.33357e-21
6.73045e-22
9.66622e-23
-5.3048e-23
-6.37015e-23
-4.31354e-23
-2.38889e-23
-1.17925e-23
-5.37226e-24
-2.29935e-24
-9.34424e-25
-1.20448e-16
-1.19294e-16
-2.65812e-16
1.58071e-16
-2.57629e-15
-1.00648e-14
-3.23344e-14
3.34858e-14
5.22438e-14
1.73844e-14
-5.75927e-14
-1.29882e-13
-1.74532e-13
-2.455e-14
2.71316e-13
3.68162e-13
2.40518e-13
5.33618e-14
-1.00462e-13
-6.08235e-14
-2.19776e-14
-4.82598e-15
4.91443e-16
6.2376e-15
2.7865e-15
2.24237e-16
-1.52359e-16
-7.808e-17
-2.9008e-17
-9.424e-18
-2.40373e-18
-1.37515e-19
4.19163e-19
4.20184e-19
2.89341e-19
1.66672e-19
8.43085e-20
3.78617e-20
1.49217e-20
4.91864e-21
1.13114e-21
-3.63407e-23
-2.57214e-22
-2.10064e-22
-1.26839e-22
-6.62189e-23
-3.14803e-23
-1.39602e-23
-5.85286e-24
-2.33943e-24
6.92122e-14
3.67056e-14
1.08744e-14
7.33951e-14
1.75778e-14
-1.32054e-13
-8.83657e-14
2.43466e-13
1.30658e-13
-4.58815e-13
-1.81654e-12
-1.89129e-12
-6.33206e-13
1.45243e-12
2.3469e-12
1.98356e-12
6.48066e-13
-1.46876e-12
-9.67596e-13
-2.53092e-13
-4.1639e-14
1.42901e-14
9.12517e-14
4.75646e-14
8.33547e-15
-2.76756e-15
-1.005e-15
-1.87413e-16
-3.74158e-17
-5.31279e-18
1.73333e-18
2.67235e-18
2.13796e-18
1.40421e-18
8.15501e-19
4.26378e-19
2.00836e-19
8.42749e-20
3.04956e-20
8.61569e-21
1.07506e-21
-8.43447e-22
-9.36187e-22
-6.27991e-22
-3.48678e-22
-1.73342e-22
-7.97144e-23
-3.44904e-23
-1.41839e-23
-5.58106e-24
1.47962e-12
1.21405e-12
1.1336e-12
1.1546e-12
3.30047e-13
-4.50584e-13
5.33964e-13
7.49451e-13
-2.67025e-12
-7.74459e-12
-7.53426e-12
-5.18987e-12
4.96936e-12
9.78196e-12
5.48927e-12
4.36059e-12
-1.71473e-11
-1.12045e-11
-2.45989e-12
-3.49525e-13
8.16997e-13
1.15094e-12
4.50019e-13
1.02829e-13
-6.62074e-14
-2.74068e-14
-2.82204e-15
4.92949e-17
5.13953e-17
2.92016e-17
1.7152e-17
1.04334e-17
6.26786e-18
3.60283e-18
1.93771e-18
9.57072e-19
4.26243e-19
1.66542e-19
5.34973e-20
1.09744e-20
-1.75799e-21
-3.79228e-21
-2.90091e-21
-1.72293e-21
-8.97161e-22
-4.28001e-22
-1.911e-22
-8.08383e-23
-3.26491e-23
-1.26566e-23
5.49385e-12
5.06918e-12
5.54632e-12
3.69139e-12
1.43733e-12
-3.41573e-13
7.37905e-12
9.1686e-13
-1.40829e-11
-2.24397e-11
-1.32088e-11
9.96008e-12
1.34326e-10
3.261e-11
-3.10713e-12
-1.83836e-10
-1.28924e-10
-2.86632e-11
2.22017e-11
4.10566e-11
2.29141e-11
5.87903e-12
5.5e-13
-1.27114e-12
-5.23192e-13
-6.26063e-14
6.03107e-15
1.79359e-15
3.43545e-16
1.07471e-16
4.80984e-17
2.55996e-17
1.42795e-17
7.84687e-18
4.07803e-18
1.93722e-18
8.15001e-19
2.88979e-19
7.44388e-20
2.39165e-21
-1.38313e-20
-1.25338e-20
-8.00617e-21
-4.36892e-21
-2.16084e-21
-9.94783e-22
-4.32506e-22
-1.79176e-22
-7.11481e-23
-2.71931e-23
1.05517e-11
1.12516e-11
1.43497e-11
4.51436e-12
1.61989e-11
4.91606e-11
4.04419e-11
-3.13015e-11
-2.7344e-11
8.71308e-11
7.29708e-10
1.75376e-09
5.09013e-10
-2.96125e-10
-1.47367e-09
-1.16459e-09
-3.22796e-10
4.23123e-10
5.84809e-10
3.21352e-10
9.22259e-11
9.01017e-12
-1.79104e-11
-7.8721e-12
-1.04073e-12
1.05075e-13
3.67154e-14
3.77157e-15
2.31621e-16
1.25052e-16
7.92909e-17
4.79185e-17
2.75518e-17
1.5224e-17
7.84521e-18
3.60108e-18
1.40289e-18
4.1934e-19
5.45219e-20
-4.45508e-20
-5.09255e-20
-3.51419e-20
-2.00673e-20
-1.02657e-20
-4.86199e-21
-2.16861e-21
-9.20182e-22
-3.73869e-22
-1.46108e-22
-5.51008e-23
1.26335e-11
1.69504e-11
2.33889e-11
5.17158e-12
8.81935e-11
2.50396e-10
9.29024e-11
-1.91587e-10
9.75545e-10
5.53497e-09
9.82882e-09
9.03377e-09
-2.32206e-09
-9.43613e-09
-7.91387e-09
-2.78976e-09
5.59778e-09
4.7599e-09
2.39829e-09
7.08349e-10
1.28744e-10
-2.02868e-10
-9.38244e-11
-1.41535e-11
1.3676e-12
5.24316e-13
6.12625e-14
-1.68095e-15
-4.28941e-16
5.59194e-17
1.17871e-16
8.33882e-17
4.89453e-17
2.75468e-17
1.42739e-17
6.26346e-18
2.13504e-18
4.17425e-19
-1.17823e-19
-1.96053e-19
-1.46874e-19
-8.73917e-20
-4.59959e-20
-2.23063e-20
-1.01689e-20
-4.40703e-21
-1.82843e-21
-7.29606e-22
-2.80934e-22
-1.04638e-22
1.03311e-11
1.97279e-11
1.69542e-11
8.70501e-11
2.51192e-10
5.42817e-10
-2.99761e-10
-5.04876e-10
7.64922e-09
2.20403e-08
3.55566e-08
1.96079e-08
-4.4567e-08
-3.51141e-08
-1.81041e-08
4.48458e-08
3.80362e-08
1.55054e-08
4.08699e-09
-6.32968e-10
-3.13471e-09
-1.12852e-09
-1.55197e-10
1.46388e-11
6.06578e-12
8.10297e-13
-2.39538e-14
-8.75333e-15
-1.21786e-15
2.24456e-16
2.896e-16
1.60447e-16
8.33747e-17
4.79027e-17
2.55864e-17
1.04243e-17
2.66669e-18
-1.40722e-19
-7.17165e-19
-5.92224e-19
-3.64577e-19
-1.95437e-19
-9.61591e-20
-4.44759e-20
-1.95812e-20
-8.26507e-21
-3.35948e-21
-1.31887e-21
-5.01144e-22
-1.84612e-22
-7.30962e-12
1.93596e-11
-3.4823e-11
1.6532e-10
7.1192e-10
-1.33884e-08
-5.7466e-09
-2.30714e-10
2.5049e-08
3.33057e-08
6.28035e-08
-2.72255e-07
-1.26323e-07
2.03467e-09
2.9118e-07
3.3492e-07
9.16946e-08
1.30918e-08
-8.52152e-08
-6.4609e-08
-1.81802e-08
-1.74197e-09
1.2851e-10
5.74342e-11
9.51097e-12
-1.6893e-13
-7.47317e-14
-1.46257e-14
7.31144e-16
2.14517e-15
9.34541e-16
2.89568e-16
1.17832e-16
7.92565e-17
4.80726e-17
1.71353e-17
1.7236e-18
-2.40905e-18
-2.35088e-18
-1.48748e-18
-7.97641e-19
-3.91055e-19
-1.80832e-19
-8.00181e-20
-3.41193e-20
-1.40673e-20
-5.61854e-21
-2.17636e-21
-8.18282e-22
-2.98859e-22
-3.83388e-07
-3.85727e-07
-3.69225e-07
-3.19508e-07
-4.3173e-07
-6.01852e-07
-3.80416e-07
-4.91133e-08
4.91681e-08
-4.57983e-07
-2.20131e-06
-2.20108e-06
1.08255e-07
3.89677e-06
3.51661e-06
9.56234e-07
-1.00093e-06
-1.72014e-06
-1.03007e-06
-3.10198e-07
-2.98779e-08
8.55218e-10
4.08081e-10
9.05226e-11
2.4921e-12
-1.62859e-13
-8.17569e-14
1.59075e-14
3.12294e-14
1.29472e-14
2.14513e-15
2.24376e-16
5.58424e-17
1.24991e-16
1.07427e-16
2.91746e-17
-5.32764e-18
-9.43185e-18
-6.20022e-18
-3.22428e-18
-1.5186e-18
-6.80325e-19
-2.95675e-19
-1.25506e-19
-5.20782e-20
-2.1098e-20
-8.33153e-21
-3.20306e-21
-1.198e-21
-4.35798e-22
-2.73349e-06
-2.74016e-06
-2.73792e-06
-2.76384e-06
-2.76911e-06
-2.60939e-06
-1.92357e-06
-1.19621e-06
-3.38195e-06
-8.46591e-06
-1.21289e-05
-7.73856e-06
6.91789e-06
1.72801e-05
1.259e-05
-4.55955e-06
-1.32348e-05
-9.0422e-06
-3.39323e-06
-6.01177e-07
2.79248e-09
1.69829e-09
5.27374e-10
7.51401e-11
-3.81694e-13
-2.33022e-13
2.43222e-13
3.30358e-13
1.56946e-13
3.12297e-14
7.3104e-16
-1.21805e-15
-4.29076e-16
2.31534e-16
3.43469e-16
5.13554e-17
-3.74353e-17
-2.9018e-17
-1.39268e-17
-5.8344e-18
-2.35045e-18
-9.46716e-19
-3.85753e-19
-1.58431e-19
-6.49321e-20
-2.62857e-20
-1.04296e-20
-4.03633e-21
-1.51963e-21
-5.55924e-22
-7.46341e-06
-7.47043e-06
-7.5902e-06
-7.94695e-06
-7.44636e-06
-5.55025e-06
-4.37917e-06
-7.06866e-06
-1.81096e-05
-3.02502e-05
-3.11734e-05
-1.27684e-05
2.2886e-05
2.98073e-05
1.92499e-05
-5.48046e-05
-4.49889e-05
-1.96771e-05
-5.40355e-06
-5.00135e-07
1.32472e-09
1.03529e-09
4.73261e-10
9.65526e-11
4.1137e-13
8.54094e-13
1.3694e-12
1.05463e-12
3.30361e-13
1.59085e-14
-1.46264e-14
-8.75373e-15
-1.68112e-15
3.77122e-15
1.7934e-15
4.92376e-17
-1.87431e-16
-7.80901e-17
-2.45902e-17
-7.29129e-18
-2.22315e-18
-7.49958e-19
-2.88235e-19
-1.21886e-19
-5.34359e-20
-2.32512e-20
-9.8249e-21
-3.99879e-21
-1.56491e-21
-5.89361e-22
-1.09739e-05
-1.09627e-05
-1.13045e-05
-1.22007e-05
-1.09429e-05
-6.79058e-06
-5.41342e-06
-1.82615e-05
-4.13772e-05
-5.29017e-05
-4.45647e-05
4.81618e-05
4.15393e-05
-4.71738e-05
-0.000409193
-0.000198503
-6.87382e-05
9.73981e-06
3.72327e-05
1.69454e-05
1.2649e-07
2.09243e-09
6.19058e-10
8.29133e-10
2.76908e-10
1.72626e-11
3.54753e-12
1.36942e-12
2.43229e-13
-8.17608e-14
-7.47333e-14
-2.3954e-14
6.12592e-14
3.67133e-14
6.03062e-15
-2.82195e-15
-1.00497e-15
-1.52366e-16
-1.65014e-17
1.55188e-18
1.94108e-18
8.64199e-19
2.82653e-19
6.87052e-20
7.48122e-21
-4.48652e-21
-4.2355e-21
-2.38569e-21
-1.11313e-21
-4.66292e-22
1.16616e-05
1.21943e-05
9.50707e-06
4.61901e-06
1.28435e-05
3.78501e-05
3.08003e-05
-2.25596e-05
-5.28692e-05
-1.41009e-05
0.000393818
0.000461133
-0.000210299
-0.00192443
-0.00238282
-0.000351574
0.00537378
0.0124168
0.0167144
0.0165554
0.0130923
0.00813319
0.00382402
0.00119422
0.000134111
3.44868e-11
1.72628e-11
8.54099e-13
-2.33037e-13
-1.62871e-13
-1.68931e-13
8.10263e-13
5.24293e-13
1.0507e-13
-6.26038e-14
-2.74056e-14
-2.76744e-15
2.24208e-16
1.16255e-16
4.31291e-17
1.47416e-17
4.78734e-18
1.48217e-18
4.34445e-19
1.18575e-19
2.90991e-20
5.86581e-21
6.37688e-22
-2.11534e-22
-1.97862e-22
0.000532194
0.000535913
0.000511354
0.000482485
0.000572106
0.000701451
0.000534521
9.87616e-05
9.2214e-05
0.00126343
0.00240143
0.00151167
-0.00296294
-0.00798147
-0.00732115
0.00612367
0.0340063
0.067253
0.0903085
0.0927097
0.0793082
0.0554166
0.0309143
0.0128826
0.00321078
0.000134111
2.76915e-10
4.1104e-13
-3.81703e-13
2.49184e-12
9.51061e-12
6.06556e-12
1.36754e-12
-1.04069e-12
-5.2317e-13
-6.62045e-14
8.33498e-15
2.78633e-15
4.81302e-16
1.12642e-16
3.07559e-17
8.73234e-18
2.50269e-18
7.10804e-19
1.96746e-19
5.20939e-20
1.28542e-20
2.81668e-21
4.81345e-22
2.57837e-23
0.00213038
0.00213835
0.0020654
0.00200645
0.00229233
0.00258365
0.00191069
0.000673852
0.00145869
0.00500783
0.00722384
0.00256892
-0.0096409
-0.020293
-0.0141378
0.0242925
0.0966801
0.181995
0.244034
0.254649
0.223757
0.162666
0.0957906
0.0433556
0.0128826
0.00119422
8.29163e-10
9.65504e-11
7.51376e-11
9.05202e-11
5.74325e-11
1.46383e-11
-1.41529e-11
-7.8718e-12
-1.27109e-12
1.02824e-13
4.7562e-14
6.23724e-15
2.41318e-16
5.05841e-17
1.31118e-17
3.37177e-18
8.75829e-19
2.2717e-19
5.66436e-20
1.25916e-20
2.02839e-21
-5.43753e-23
-2.475e-22
-1.47124e-22
0.00485959
0.00487137
0.00472672
0.00463987
0.00523684
0.00571071
0.00411154
0.00192537
0.00419302
0.0116443
0.0146965
0.00335935
-0.0209074
-0.0377174
-0.0200904
0.0564551
0.192688
0.352464
0.472709
0.49978
0.446794
0.332921
0.202387
0.0957906
0.0309143
0.00382402
6.19094e-10
4.7327e-10
5.27373e-10
4.08074e-10
1.28507e-10
-1.5519e-10
-9.38209e-11
-1.79098e-11
5.49965e-13
4.49995e-13
9.12468e-14
4.91431e-16
-5.08264e-16
-1.91616e-16
-5.84231e-17
-1.70843e-17
-4.91661e-18
-1.40542e-18
-4.02032e-19
-1.1602e-19
-3.40037e-20
-1.01404e-20
-3.06235e-21
-9.26751e-22
0.00785006
0.00786453
0.00764341
0.0075388
0.00848063
0.0090952
0.00647888
0.00320914
0.00740655
0.0194474
0.0230052
0.00300795
-0.0347193
-0.0558577
-0.0226945
0.0961558
0.299635
0.53844
0.724224
0.775384
0.703453
0.534583
0.332921
0.162666
0.0554167
0.0081332
2.09211e-09
1.03532e-09
1.69833e-09
8.55205e-10
-1.7419e-09
-1.12848e-09
-2.02862e-10
9.00961e-12
5.87875e-12
1.15088e-12
1.42887e-14
-4.82583e-15
-1.91336e-15
-4.56379e-16
-1.23852e-16
-3.57431e-17
-1.03227e-17
-2.95543e-18
-8.42738e-19
-2.41544e-19
-7.01727e-20
-2.07332e-20
-6.20804e-21
-1.86639e-21
0.00943799
0.00945455
0.00918443
0.00906565
0.0102295
0.0109693
0.00764033
0.00354999
0.00915303
0.0246489
0.028446
0.00170082
-0.0458021
-0.0686944
-0.0227982
0.126463
0.377068
0.6736
0.912353
0.989662
0.910217
0.703453
0.446794
0.223757
0.0793082
0.0130923
1.26489e-07
1.32478e-09
2.79304e-09
-2.98767e-08
-1.81796e-08
-3.13463e-09
1.28735e-10
9.22216e-11
2.29132e-11
8.16961e-13
-4.16384e-14
-2.19769e-14
-3.66691e-15
-4.01769e-16
-9.57516e-17
-2.64756e-17
-7.31247e-18
-2.00276e-18
-5.52922e-19
-1.58226e-19
-4.80019e-20
-1.54361e-20
-5.1416e-21
-1.72081e-21
0.00828422
0.00830612
0.00803189
0.00787304
0.00907044
0.00996457
0.00653852
0.00200274
0.00764179
0.0240582
0.0283255
0.0006117
-0.0484825
-0.0717541
-0.0238153
0.129894
0.389248
0.702395
0.964918
1.06238
0.989662
0.775384
0.49978
0.254649
0.0927097
0.0165554
1.69453e-05
-5.00109e-07
-6.01156e-07
-3.10189e-07
-6.46071e-08
-6.32994e-10
7.08323e-10
3.2134e-10
4.10546e-11
-3.49518e-13
-2.53081e-13
-6.08199e-14
-2.93708e-15
1.37097e-16
5.32528e-17
1.96074e-17
7.20751e-18
2.54856e-18
8.45198e-19
2.59175e-19
7.25995e-20
1.82379e-20
3.94818e-21
6.55683e-22
0.00364344
0.0036743
0.00346785
0.00325396
0.00414383
0.00514357
0.00275223
-0.00139346
0.00185091
0.0149273
0.0207086
0.000862432
-0.0393074
-0.0632267
-0.0305176
0.0938025
0.318564
0.604302
0.857034
0.964918
0.912353
0.724224
0.472709
0.244034
0.0903085
0.0167143
3.72324e-05
-5.40344e-06
-3.39316e-06
-1.03005e-06
-8.52126e-08
4.08694e-09
2.39823e-09
5.84785e-10
2.2199e-11
-2.45973e-12
-9.67534e-13
-1.00455e-13
2.92356e-15
9.02511e-16
2.38949e-16
7.61245e-17
2.55058e-17
8.47943e-18
2.7314e-18
8.43095e-19
2.48156e-19
6.95545e-20
1.85789e-20
4.74242e-21
-0.00153095
-0.00149705
-0.00158564
-0.00181678
-0.00146394
-0.000554675
-0.00123587
-0.0040909
-0.00442365
0.00195278
0.00892984
0.00369691
-0.0187886
-0.0437979
-0.0404065
0.0270571
0.18094
0.398606
0.604302
0.702395
0.6736
0.53844
0.352464
0.181995
0.067253
0.0124168
9.73977e-06
-1.96768e-05
-9.04205e-06
-1.72011e-06
1.30929e-08
1.55053e-08
4.75979e-09
4.23093e-10
-2.86609e-11
-1.12036e-11
-1.46865e-12
5.33581e-14
1.66945e-14
1.77305e-15
2.82106e-16
9.33282e-17
3.23515e-17
1.10342e-17
3.63704e-18
1.14976e-18
3.48054e-19
1.01115e-19
2.8329e-20
7.7095e-21
-0.0037647
-0.00373811
-0.00371564
-0.00389382
-0.00402489
-0.0034289
-0.00273538
-0.00394979
-0.00674117
-0.00677284
-0.000432414
0.00684266
0.00200044
-0.0209946
-0.0440367
-0.0315158
0.0460925
0.18094
0.318564
0.389248
0.377068
0.299635
0.192688
0.0966801
0.0340063
0.00537378
-6.87374e-05
-4.49884e-05
-1.32346e-05
-1.00091e-06
9.16942e-08
3.80359e-08
5.59761e-09
-3.22776e-10
-1.28915e-10
-1.71459e-11
6.48025e-13
2.40502e-13
2.70545e-14
9.78821e-18
4.28912e-17
3.17332e-17
1.55634e-17
6.30316e-18
2.28234e-18
7.64032e-19
2.40656e-19
7.22546e-20
2.09414e-20
5.94098e-21
-0.00236769
-0.00235708
-0.00227649
-0.00233573
-0.00269768
-0.00261003
-0.00139833
-0.000995946
-0.00393275
-0.00736161
-0.00393336
0.00731319
0.012619
-0.00239052
-0.0339129
-0.0516417
-0.0315158
0.0270571
0.0938025
0.129894
0.126463
0.0961558
0.0564551
0.0242926
0.00612368
-0.000351568
-0.000198501
-5.48041e-05
-4.55945e-06
9.56225e-07
3.34916e-07
4.48451e-08
-2.78965e-09
-1.16454e-09
-1.83824e-10
4.36041e-12
1.98346e-12
3.68134e-13
-6.66398e-16
-5.27378e-16
-1.59286e-16
-4.68785e-17
-1.34555e-17
-3.74934e-18
-1.03524e-18
-2.9016e-19
-8.35525e-20
-2.45145e-20
-7.14855e-21
-2.00404e-21
0.000421392
0.000413571
0.000479844
0.000540436
0.000262935
-4.43407e-05
0.000662263
0.00178008
0.000768999
-0.00252385
-0.00271575
0.00397851
0.0112621
0.00722598
-0.011584
-0.0339129
-0.0440367
-0.0404065
-0.0305176
-0.0238153
-0.0227982
-0.0226945
-0.0200904
-0.0141378
-0.00732113
-0.00238281
-0.000409191
1.92501e-05
1.259e-05
3.51658e-06
2.91171e-07
-1.81036e-08
-7.91364e-09
-1.47362e-09
-3.1046e-12
5.48932e-12
2.34678e-12
2.7128e-13
-9.73483e-16
-5.44974e-16
-2.39925e-16
-9.46271e-17
-3.50916e-17
-1.24566e-17
-4.27019e-18
-1.42116e-18
-4.60641e-19
-1.4564e-19
-4.49302e-20
-1.35168e-20
0.00138176
0.00136865
0.0013829
0.00147314
0.00143126
0.00110161
0.00103755
0.0018441
0.00255775
0.00159926
-0.000514668
-0.000617488
0.00308062
0.0076609
0.00722598
-0.00239052
-0.0209946
-0.0437979
-0.0632267
-0.0717541
-0.0686944
-0.0558577
-0.0377174
-0.020293
-0.00798146
-0.00192442
-4.71735e-05
2.98072e-05
1.72799e-05
3.89672e-06
2.03334e-09
-3.51134e-08
-9.43588e-09
-2.96103e-10
3.2609e-11
9.78147e-12
1.45234e-12
-2.455e-14
-3.31711e-15
-5.36224e-16
-2.12272e-16
-8.95392e-17
-3.68048e-17
-1.44486e-17
-5.41196e-18
-1.94383e-18
-6.73324e-19
-2.26044e-19
-7.38213e-20
-2.35115e-20
0.00020099
0.000194639
0.000167513
0.000205989
0.000334752
0.000238121
-0.000217794
-0.000195982
0.000915237
0.00172229
0.000186721
-0.00280666
-0.00280447
0.00308062
0.0112621
0.012619
0.00200043
-0.0187886
-0.0393074
-0.0484825
-0.0458021
-0.0347193
-0.0209074
-0.00964092
-0.00296295
-0.000210304
4.15384e-05
2.28855e-05
6.91774e-06
1.08248e-07
-1.26321e-07
-4.45661e-08
-2.32196e-09
5.09008e-10
1.34324e-10
4.96891e-12
-6.33176e-13
-1.74522e-13
-9.02332e-15
2.67467e-17
-2.11439e-17
-2.60823e-17
-1.68683e-17
-8.64847e-18
-3.90015e-18
-1.61503e-18
-6.28381e-19
-2.3296e-19
-8.30231e-20
-2.86013e-20
-0.00117096
-0.00116991
-0.0012018
-0.00120915
-0.00108103
-0.00101759
-0.00133358
-0.00166913
-0.00123347
-0.000285552
-0.000378945
-0.00195504
-0.00280666
-0.000617484
0.0039785
0.00731318
0.00684265
0.00369692
0.000862462
0.000611722
0.00170083
0.00300793
0.00335932
0.00256889
0.00151165
0.000461124
4.81595e-05
-1.27684e-05
-7.73857e-06
-2.20107e-06
-2.72249e-07
1.96076e-08
9.0336e-09
1.75372e-09
9.95847e-12
-5.18984e-12
-1.89124e-12
-1.29871e-13
1.55638e-15
6.6592e-16
2.25154e-16
6.44525e-17
1.42549e-17
1.33318e-18
-9.13996e-19
-7.90196e-19
-4.24217e-19
-1.91241e-19
-7.81251e-20
-2.98267e-20
-0.00135015
-0.00135002
-0.00136295
-0.00136697
-0.00131729
-0.00128314
-0.00138188
-0.0015399
-0.00154136
-0.00138659
-0.00105205
-0.000378945
0.000186726
-0.000514663
-0.00271575
-0.00393338
-0.000432424
0.00892986
0.0207087
0.0283255
0.028446
0.0230052
0.0146965
0.00722381
0.00240141
0.000393809
-4.45656e-05
-3.11738e-05
-1.2129e-05
-2.20131e-06
6.28039e-08
3.55562e-08
9.82862e-09
7.29672e-10
-1.32086e-11
-7.53412e-12
-1.8165e-12
-5.75879e-14
2.90384e-15
1.29477e-15
4.10063e-16
1.24204e-16
3.45264e-17
8.02196e-18
1.15844e-18
-2.02177e-19
-2.77372e-19
-1.62255e-19
-7.57231e-20
-3.14425e-20
-0.00108067
-0.00108397
-0.00109096
-0.00106757
-0.00103497
-0.00110636
-0.00121565
-0.00110372
-0.000935238
-0.00117827
-0.00138659
-0.000285554
0.0017223
0.00159927
-0.00252385
-0.00736163
-0.00677285
0.0019528
0.0149274
0.0240582
0.0246489
0.0194473
0.0116443
0.0050078
0.00126341
-1.41061e-05
-5.29042e-05
-3.02512e-05
-8.46611e-06
-4.5798e-07
3.33062e-08
2.20404e-08
5.53491e-09
8.71175e-11
-2.24396e-11
-7.74431e-12
-4.58772e-13
1.7384e-14
5.76685e-15
1.23932e-15
3.39683e-16
1.01841e-16
2.79328e-17
6.14595e-18
6.03162e-19
-3.89313e-19
-3.50567e-19
-1.93357e-19
-8.9068e-20
-3.6999e-20
-0.00124587
-0.00125143
-0.00126959
-0.00123241
-0.00115427
-0.00125931
-0.00151214
-0.00140426
-0.000920688
-0.000935238
-0.00154136
-0.00123348
0.000915242
0.00255775
0.000768996
-0.00393277
-0.00674118
-0.00442364
0.00185095
0.00764182
0.00915303
0.00740653
0.00419298
0.00145865
9.21945e-05
-5.28746e-05
-4.13812e-05
-1.81112e-05
-3.38221e-06
4.91708e-08
2.50497e-08
7.64943e-09
9.75552e-10
-2.73447e-11
-1.40832e-11
-2.67015e-12
1.30676e-13
5.22455e-14
6.14615e-15
1.05271e-16
4.69198e-17
1.37813e-17
6.45634e-19
-2.29374e-18
-2.00069e-18
-1.19768e-18
-6.05418e-19
-2.75388e-19
-1.16015e-19
-4.59834e-20
-0.00160018
-0.00160426
-0.00163073
-0.00160494
-0.00149421
-0.0015494
-0.00187297
-0.00191253
-0.00140426
-0.00110372
-0.0015399
-0.00166913
-0.000195978
0.00184411
0.00178008
-0.000995963
-0.0039498
-0.00409089
-0.00139342
0.00200278
0.00355
0.00320911
0.00192532
0.000673808
9.87398e-05
-2.25661e-05
-1.82654e-05
-7.07007e-06
-1.19645e-06
-4.91061e-08
-2.30135e-10
-5.0477e-10
-1.9158e-10
-3.13065e-11
9.15609e-13
7.49487e-13
2.43505e-13
3.34868e-14
-1.54385e-15
-4.71231e-16
-1.56052e-16
-5.81226e-17
-2.34342e-17
-1.00878e-17
-4.48342e-18
-1.98525e-18
-8.56073e-19
-3.55749e-19
-1.42e-19
-5.44442e-20
-0.00157495
-0.00157738
-0.00160113
-0.00158591
-0.00148774
-0.00150979
-0.00177481
-0.00187297
-0.00151214
-0.00121565
-0.00138188
-0.00133358
-0.00021779
0.00103755
0.00066226
-0.00139835
-0.00273539
-0.00123586
0.00275227
0.00653855
0.00764034
0.00647886
0.0041115
0.00191064
0.000534495
3.07927e-05
-5.4155e-06
-4.38043e-06
-1.92392e-06
-3.80422e-07
-5.74288e-09
-2.99791e-10
9.28927e-11
4.04361e-11
7.37809e-12
5.34283e-13
-8.83691e-14
-3.23344e-14
-4.08991e-15
-4.21867e-16
-1.57574e-16
-6.51882e-17
-2.76321e-17
-1.19974e-17
-5.25051e-18
-2.27333e-18
-9.60528e-19
-3.92992e-19
-1.55164e-19
-5.90627e-20
-0.00133415
-0.00133675
-0.00135522
-0.00133843
-0.00126171
-0.00129485
-0.00150979
-0.0015494
-0.00125931
-0.00110636
-0.00128314
-0.00101759
0.000238126
0.00110162
-4.43447e-05
-0.00261004
-0.00342891
-0.000554661
0.00514361
0.0099646
0.0109693
0.00909518
0.00571067
0.00258361
0.000701426
3.78441e-05
-6.79173e-06
-5.55115e-06
-2.60976e-06
-6.01899e-07
-1.33828e-08
5.42911e-10
2.5042e-10
4.91619e-11
-3.41945e-13
-4.50698e-13
-1.32064e-13
-1.00631e-14
-1.34085e-16
-1.16836e-16
-7.05532e-17
-3.85934e-17
-1.99997e-17
-9.92687e-18
-4.72291e-18
-2.15054e-18
-9.3665e-19
-3.90505e-19
-1.56084e-19
-5.99164e-20
-0.00128916
-0.00129257
-0.00131121
-0.00128905
-0.00121063
-0.00126171
-0.00148774
-0.00149421
-0.00115427
-0.00103497
-0.00131729
-0.00108103
0.000334757
0.00143127
0.000262931
-0.00269769
-0.0040249
-0.00146393
0.00414387
0.00907048
0.0102295
0.0084806
0.0052368
0.00229229
0.000572081
1.28382e-05
-1.09442e-05
-7.44711e-06
-2.7694e-06
-4.31773e-07
7.11613e-10
2.51186e-10
8.8215e-11
1.62018e-11
1.43728e-12
3.30036e-13
1.75733e-14
-2.57698e-15
-7.92144e-16
-1.5555e-16
-5.05608e-17
-2.64265e-17
-1.52489e-17
-8.3294e-18
-4.22275e-18
-2.00096e-18
-8.93947e-19
-3.79078e-19
-1.53329e-19
-5.93721e-20
-0.00137336
-0.0013768
-0.00139729
-0.00137502
-0.00128905
-0.00133843
-0.00158591
-0.00160493
-0.0012324
-0.00106756
-0.00136697
-0.00120915
0.000205994
0.00147315
0.000540432
-0.00233574
-0.00389383
-0.00181676
0.003254
0.00787307
0.00906565
0.00753877
0.00463982
0.00200641
0.00048246
4.61372e-06
-1.22024e-05
-7.94786e-06
-2.76415e-06
-3.19541e-07
1.65217e-10
8.69936e-11
5.16421e-12
4.51365e-12
3.69161e-12
1.15465e-12
7.3394e-14
1.58239e-16
-7.15806e-17
-6.2587e-17
-4.3755e-17
-2.74196e-17
-1.57924e-17
-8.44133e-18
-4.22031e-18
-1.98712e-18
-8.86153e-19
-3.75979e-19
-1.5232e-19
-5.90974e-20
-0.00139412
-0.00139733
-0.00141794
-0.00139729
-0.00131121
-0.00135521
-0.00160113
-0.00163073
-0.00126958
-0.00109096
-0.00136295
-0.0012018
0.000167518
0.0013829
0.00047984
-0.00227651
-0.00371565
-0.00158563
0.00346789
0.00803192
0.00918443
0.00764338
0.00472668
0.00206536
0.00051133
9.50111e-06
-1.13069e-05
-7.59152e-06
-2.73829e-06
-3.69237e-07
-3.47903e-11
1.69571e-11
2.33891e-11
1.43504e-11
5.54674e-12
1.13367e-12
1.08711e-14
-2.65741e-16
-1.46109e-16
-8.53481e-17
-5.1478e-17
-3.00714e-17
-1.66473e-17
-8.69384e-18
-4.28821e-18
-2.00365e-18
-8.8975e-19
-3.7666e-19
-1.52429e-19
-5.91123e-20
-0.001374
-0.00137719
-0.00139733
-0.0013768
-0.00129257
-0.00133675
-0.00157738
-0.00160425
-0.00125142
-0.00108397
-0.00135002
-0.00116991
0.000194644
0.00136866
0.000413566
-0.0023571
-0.00373812
-0.00149703
0.00367434
0.00830615
0.00945455
0.0078645
0.00487132
0.00213831
0.00053589
1.21883e-05
-1.09652e-05
-7.47184e-06
-2.74055e-06
-3.85736e-07
1.93642e-11
1.97343e-11
1.69541e-11
1.1253e-11
5.06949e-12
1.21406e-12
3.66966e-14
-1.19168e-16
-1.01296e-16
-7.4467e-17
-4.91039e-17
-2.965e-17
-1.66066e-17
-8.70368e-18
-4.29612e-18
-2.00697e-18
-8.9088e-19
-3.77004e-19
-1.52526e-19
-5.91391e-20
-0.00137078
-0.001374
-0.00139412
-0.00137336
-0.00128916
-0.00133415
-0.00157495
-0.00160018
-0.00124587
-0.00108066
-0.00135015
-0.00117095
0.000200995
0.00138176
0.000421388
-0.00236771
-0.00376471
-0.00153093
0.00364348
0.00828425
0.009438
0.00785003
0.00485954
0.00213034
0.000532171
1.1656e-05
-1.09757e-05
-7.46448e-06
-2.73383e-06
-3.83417e-07
-7.3103e-12
1.03321e-11
1.26352e-11
1.0553e-11
5.49428e-12
1.47962e-12
6.91907e-14
-1.20328e-16
-1.0151e-16
-7.44359e-17
-4.90582e-17
-2.96256e-17
-1.65969e-17
-8.70047e-18
-4.2952e-18
-2.00675e-18
-8.90839e-19
-3.77001e-19
-1.52528e-19
-5.91403e-20
)
;

boundaryField
{
    movingWall
    {
        type            zeroGradient;
    }
    fixedWalls
    {
        type            zeroGradient;
    }
    frontAndBack
    {
        type            empty;
    }
}

