/*--------------------------------*- C++ -*----------------------------------*\
| =========                 |                                                 |
| \\      /  F ield         | OpenFOAM: The Open Source CFD Toolbox           |
|  \\    /   O peration     | Version:  v2006                                 |
|   \\  /    A nd           | Website:  www.openfoam.com                      |
|    \\/     M anipulation  |                                                 |
\*---------------------------------------------------------------------------*/
FoamFile
{
    version     2.0;
    format      ascii;
    class       volScalarField;
    location    "0";
    object      f;
}
// * * * * * * * * * * * * * * * * * * * * * * * * * * * * * * * * * * * * * //

dimensions      [0 0 0 0 0 0 0];


internalField   nonuniform List<scalar> 
2500
(
-1.02758e-98
-1.59568e-82
1.21195e-73
-1.87893e-68
-6.71889e-64
-5.19226e-61
-6.59787e-59
-2.33813e-58
3.35478e-55
1.12517e-53
2.26941e-53
-4.06139e-51
-7.23449e-50
-6.56149e-49
-4.13511e-48
-2.00905e-47
-7.73342e-47
-2.31466e-46
-5.16082e-46
-7.46468e-46
-2.13306e-46
2.26048e-45
7.43952e-45
1.46068e-44
2.16068e-44
2.61655e-44
2.72334e-44
2.52616e-44
2.15243e-44
1.72777e-44
1.33155e-44
9.95958e-45
7.24825e-45
5.11476e-45
3.47806e-45
2.26482e-45
1.40477e-45
8.26169e-46
4.58433e-46
2.38223e-46
1.14309e-46
4.91198e-47
1.74181e-47
3.53969e-48
-1.5606e-48
-2.75011e-48
-2.45627e-48
-1.7792e-48
-1.14839e-48
-4.58528e-49
-4.17714e-96
-2.93433e-80
1.17657e-71
-9.97153e-67
-3.50507e-62
-2.36847e-59
-2.84872e-57
-3.7951e-56
9.0095e-54
3.09661e-52
1.33799e-51
-7.73228e-50
-1.38613e-48
-1.20956e-47
-7.2686e-47
-3.35851e-46
-1.23223e-45
-3.53586e-45
-7.6143e-45
-1.07271e-44
-3.15028e-45
3.02768e-44
9.77933e-44
1.87498e-43
2.70227e-43
3.18165e-43
3.21219e-43
2.88276e-43
2.37011e-43
1.83162e-43
1.35727e-43
9.7613e-44
6.83693e-44
4.64811e-44
3.04625e-44
1.90996e-44
1.13756e-44
6.39184e-45
3.3598e-45
1.62955e-45
7.09027e-46
2.57406e-46
5.78913e-47
-1.67117e-47
-3.53904e-47
-3.26157e-47
-2.4009e-47
-1.57035e-47
-9.48139e-48
-3.71605e-48
-1.44624e-93
-4.98003e-78
1.05585e-69
-4.32522e-65
-1.70165e-60
-1.01345e-57
-1.14686e-55
-2.17637e-54
2.25784e-52
8.07399e-51
4.87265e-50
-1.37812e-48
-2.55209e-47
-2.16204e-46
-1.24686e-45
-5.50684e-45
-1.93399e-44
-5.34195e-44
-1.11591e-43
-1.53958e-43
-4.74412e-44
4.04838e-43
1.29178e-42
2.42971e-42
3.42614e-42
3.93814e-42
3.87252e-42
3.37629e-42
2.68945e-42
2.00874e-42
1.43625e-42
9.96158e-43
6.73195e-43
4.41882e-43
2.79593e-43
1.68986e-43
9.6655e-44
5.17846e-44
2.56208e-44
1.14044e-44
4.28937e-45
1.08114e-45
-1.53926e-46
-4.90291e-46
-4.74141e-46
-3.56124e-46
-2.36087e-46
-1.44299e-46
-8.29258e-47
-3.21902e-47
-4.25819e-91
-8.16202e-76
9.1726e-68
-1.34852e-63
-7.9952e-59
-4.2047e-56
-4.43137e-54
-9.69063e-53
5.36889e-51
2.02758e-49
1.47711e-48
-2.29371e-47
-4.5321e-46
-3.75011e-45
-2.08187e-44
-8.8024e-44
-2.96118e-43
-7.87767e-43
-1.59802e-42
-2.16422e-42
-7.10195e-43
5.26415e-42
1.66648e-41
3.08117e-41
4.25753e-41
4.78416e-41
4.58813e-41
3.89109e-41
3.00642e-41
2.17206e-41
1.49905e-41
1.0025e-41
6.53168e-42
4.13411e-42
2.52069e-42
1.46445e-42
8.00632e-43
4.05523e-43
1.8556e-43
7.26055e-44
2.02539e-44
-6.26628e-46
-6.7867e-45
-6.99406e-45
-5.37212e-45
-3.60366e-45
-2.22176e-45
-1.28766e-45
-7.09654e-46
-2.74135e-46
-8.37596e-89
-1.29169e-73
7.70153e-66
3.92756e-63
-3.6296e-57
-1.68998e-54
-1.64617e-52
-3.79195e-51
1.19759e-49
4.89891e-48
4.01736e-47
-3.47411e-46
-7.73434e-45
-6.30012e-44
-3.37926e-43
-1.3704e-42
-4.41955e-42
-1.13306e-41
-2.23434e-41
-2.97742e-41
-1.0518e-41
6.64617e-41
2.09742e-40
3.82002e-40
5.18067e-40
5.6991e-40
5.33762e-40
4.40899e-40
3.30828e-40
2.31428e-40
1.54255e-40
9.94647e-41
6.2438e-41
3.80568e-41
2.23138e-41
1.24183e-41
6.4494e-42
3.04955e-42
1.25179e-42
3.88845e-43
2.82463e-44
-8.84701e-44
-1.02042e-43
-8.12786e-44
-5.54694e-44
-3.45398e-44
-2.01629e-44
-1.11883e-44
-5.94633e-45
-2.29418e-45
1.03443e-86
-1.97294e-71
6.23733e-64
5.52147e-60
-1.58901e-55
-6.57358e-53
-5.88444e-51
-1.36061e-49
2.4563e-48
1.13703e-46
1.00952e-45
-4.51973e-45
-1.26213e-43
-1.02276e-42
-5.32481e-42
-2.07584e-41
-6.4242e-41
-1.58816e-40
-3.0476e-40
-4.00531e-40
-1.53384e-40
8.13243e-40
2.57242e-39
4.62547e-39
6.16683e-39
6.65081e-39
6.09135e-39
4.90726e-39
3.5805e-39
2.4279e-39
1.56408e-39
9.72588e-40
5.87932e-40
3.44648e-40
1.9387e-40
1.02924e-40
5.03562e-41
2.17975e-41
7.55487e-42
1.27125e-42
-9.7802e-43
-1.42305e-42
-1.20831e-42
-8.49633e-43
-5.37875e-43
-3.17192e-43
-1.7728e-43
-9.48192e-44
-4.88056e-44
-1.88583e-44
2.44789e-83
-2.90619e-69
4.86076e-62
6.32505e-58
-6.69348e-54
-2.47166e-51
-2.02473e-49
-4.56396e-48
4.44658e-47
2.52956e-45
2.37667e-44
-4.18149e-44
-1.95537e-42
-1.59971e-41
-8.13146e-41
-3.05589e-40
-9.08597e-40
-2.16734e-39
-4.05142e-39
-5.26332e-39
-2.19313e-39
9.62356e-39
3.07056e-38
5.4639e-38
7.17342e-38
7.59555e-38
6.81221e-38
5.35959e-38
3.80763e-38
2.5058e-38
1.56164e-38
9.36831e-39
5.45178e-39
3.06988e-39
1.65252e-39
8.32639e-40
3.79369e-40
1.4548e-40
3.6539e-41
-6.43087e-42
-1.81196e-41
-1.72267e-41
-1.2732e-41
-8.28802e-42
-4.97173e-42
-2.80964e-42
-1.51456e-42
-7.84648e-43
-3.92447e-43
-1.52179e-43
1.85067e-80
-4.12384e-67
3.63378e-60
5.34398e-56
-2.70551e-52
-8.97143e-50
-6.70494e-48
-1.44557e-46
6.35776e-46
5.37816e-44
5.27897e-43
5.49007e-44
-2.84446e-41
-2.40161e-40
-1.20097e-39
-4.36611e-39
-1.24903e-38
-2.87682e-38
-5.24387e-38
-6.749e-38
-3.0632e-38
1.09844e-37
3.56211e-37
6.28901e-37
8.1449e-37
8.47967e-37
7.45749e-37
5.73773e-37
3.97438e-37
2.54173e-37
1.53405e-37
8.88383e-38
4.97639e-38
2.68877e-38
1.38128e-38
6.56422e-39
2.7395e-39
8.74809e-40
7.49166e-41
-1.93358e-40
-2.28651e-40
-1.83155e-40
-1.24552e-40
-7.6777e-41
-4.41727e-41
-2.41034e-41
-1.25966e-41
-6.34427e-42
-3.09152e-42
-1.20483e-42
1.08458e-77
-5.62853e-65
2.59543e-58
3.89948e-54
-1.0458e-50
-3.13876e-48
-2.1358e-46
-4.34728e-45
3.78005e-45
1.08836e-42
1.10987e-41
1.5926e-41
-3.8126e-40
-3.44271e-39
-1.71121e-38
-6.04486e-38
-1.66688e-37
-3.70998e-37
-6.60095e-37
-8.43434e-37
-4.16618e-37
1.20533e-36
4.00989e-36
7.04408e-36
9.01587e-36
9.24308e-36
7.98201e-36
6.0138e-36
4.06702e-36
2.53101e-36
1.48117e-36
8.28726e-37
4.46921e-37
2.31486e-37
1.13163e-37
5.03316e-38
1.87661e-38
4.32214e-39
-1.2661e-39
-2.69703e-39
-2.47393e-39
-1.79725e-39
-1.15355e-39
-6.81881e-40
-3.79129e-40
-2.00783e-40
-1.02109e-40
-5.01372e-41
-2.38544e-41
-9.35267e-42
5.57774e-75
-7.37467e-63
1.76134e-56
2.58229e-52
-3.84922e-49
-1.0566e-46
-6.53864e-45
-1.24506e-43
-1.85119e-43
2.08445e-41
2.21068e-40
5.3573e-40
-4.53569e-39
-4.67731e-38
-2.34473e-37
-8.09468e-37
-2.15664e-36
-4.64275e-36
-8.0712e-36
-1.02594e-35
-5.50287e-36
1.26611e-35
4.37253e-35
7.66667e-35
9.71666e-35
9.82466e-35
8.34255e-35
6.16319e-35
4.07495e-35
2.47114e-35
1.40405e-35
7.59771e-36
3.94633e-36
1.95814e-36
9.08174e-37
3.74407e-37
1.19775e-37
1.13402e-38
-2.52598e-38
-3.03861e-38
-2.44611e-38
-1.66395e-38
-1.02208e-38
-5.8387e-39
-3.15318e-39
-1.62664e-39
-8.0726e-40
-3.87296e-40
-1.80233e-40
-7.11347e-41
2.62554e-72
-9.25134e-61
1.12652e-54
1.58527e-50
-1.34128e-47
-3.41531e-45
-1.92156e-43
-3.40085e-42
-1.03954e-41
3.74704e-40
4.16755e-39
1.32987e-38
-4.35002e-38
-5.95364e-37
-3.07661e-36
-1.04603e-35
-2.7009e-35
-5.63033e-35
-9.57322e-35
-1.21289e-34
-7.04238e-35
1.26573e-34
4.60945e-34
8.09556e-34
1.0181e-33
1.01692e-33
8.50283e-34
6.16763e-34
3.99216e-34
2.36236e-34
1.30499e-34
6.83789e-35
3.42312e-35
1.62649e-35
7.13484e-36
2.69317e-36
6.87016e-37
-9.93268e-38
-3.17793e-37
-3.06334e-37
-2.26983e-37
-1.47033e-37
-8.71625e-38
-4.83663e-38
-2.5461e-38
-1.28291e-38
-6.22646e-39
-2.92399e-39
-1.33286e-39
-5.29714e-40
1.15256e-69
-1.10721e-58
6.70426e-53
9.11627e-49
-4.3891e-46
-1.0575e-43
-5.41253e-42
-8.86322e-41
-3.61849e-40
6.24072e-39
7.41544e-38
2.83529e-37
-2.11245e-37
-6.96128e-36
-3.84339e-35
-1.30072e-34
-3.26807e-34
-6.60665e-34
-1.0998e-33
-1.39143e-33
-8.71423e-34
1.19411e-33
4.68691e-33
8.27923e-33
1.03552e-32
1.02349e-32
8.43876e-33
6.01806e-33
3.81848e-33
2.20795e-33
1.18754e-33
6.03326e-34
2.91372e-34
1.32558e-34
5.48273e-35
1.86476e-35
3.22517e-36
-2.25775e-36
-3.37001e-36
-2.86889e-36
-2.00341e-36
-1.24822e-36
-7.18067e-37
-3.88427e-37
-1.99834e-37
-9.85503e-38
-4.6856e-38
-2.1569e-38
-9.64249e-39
-3.85897e-39
4.76244e-67
-1.25786e-56
3.63006e-51
4.93644e-47
-1.33243e-44
-3.12777e-42
-1.45855e-40
-2.2031e-39
-1.04027e-38
9.41782e-38
1.23932e-36
5.43985e-36
3.88494e-36
-7.18733e-35
-4.53229e-34
-1.5506e-33
-3.81201e-33
-7.48789e-33
-1.22175e-32
-1.54627e-32
-1.0406e-32
1.0491e-32
4.58447e-32
8.18461e-32
1.02065e-31
1.00003e-31
8.14276e-32
5.71671e-32
3.56029e-32
2.01432e-32
1.05633e-32
5.21088e-33
2.43051e-33
1.05893e-33
4.11678e-34
1.23459e-34
7.91044e-36
-2.86002e-35
-3.24023e-35
-2.54034e-35
-1.69461e-35
-1.02208e-35
-5.72754e-36
-3.02807e-36
-1.52546e-36
-7.37474e-37
-3.43957e-37
-1.55387e-37
-6.81975e-38
-2.74789e-38
1.86101e-64
-1.34632e-54
1.70614e-49
2.52285e-45
-3.67713e-43
-8.80696e-41
-3.75201e-39
-5.21768e-38
-2.64957e-37
1.23121e-36
1.93036e-35
9.56634e-35
1.58374e-34
-5.90854e-34
-4.97743e-33
-1.76325e-32
-4.27452e-32
-8.18059e-32
-1.30993e-31
-1.66139e-31
-1.19695e-31
8.38416e-32
4.30005e-31
7.80426e-31
9.73056e-31
9.46966e-31
7.62645e-31
5.27802e-31
3.23043e-31
1.79065e-31
9.1685e-32
4.39796e-32
1.98377e-32
8.2808e-33
3.01637e-33
7.73366e-34
-6.91017e-35
-2.98805e-34
-2.90882e-34
-2.1471e-34
-1.37982e-34
-8.09176e-35
-4.42912e-35
-2.29301e-35
-1.13283e-35
-5.37544e-36
-2.46205e-36
-1.09263e-36
-4.71195e-37
-1.91087e-37
6.89149e-62
-1.34133e-52
6.08514e-48
1.21741e-43
-8.86896e-42
-2.35109e-39
-9.1907e-38
-1.17562e-36
-6.13509e-36
1.23594e-35
2.76726e-34
1.55207e-33
3.60429e-33
-2.25501e-33
-4.96939e-32
-1.89898e-31
-4.59132e-31
-8.59427e-31
-1.35266e-30
-1.72227e-30
-1.32369e-30
5.79881e-31
3.85252e-30
7.16025e-30
8.95478e-30
8.67431e-30
6.92085e-30
4.72789e-30
2.84734e-30
1.54822e-30
7.75035e-31
3.6203e-31
1.58139e-31
6.32888e-32
2.15284e-32
4.49976e-33
-1.46619e-33
-2.80612e-33
-2.47363e-33
-1.7417e-33
-1.0844e-33
-6.20256e-34
-3.32291e-34
-1.68708e-34
-8.18335e-35
-3.81517e-35
-1.71754e-35
-7.49379e-36
-3.17775e-36
-1.29639e-36
2.41933e-59
-1.21735e-50
5.8295e-47
5.5417e-42
-1.69319e-40
-5.92026e-38
-2.138e-36
-2.51532e-35
-1.30395e-34
4.58242e-35
3.57323e-33
2.32217e-32
6.60765e-32
4.61844e-32
-4.28419e-31
-1.91585e-30
-4.7014e-30
-8.65673e-30
-1.34197e-29
-1.71854e-29
-1.40466e-29
2.99533e-30
3.28064e-29
6.3033e-29
7.9367e-29
7.6707e-29
6.07372e-29
4.1013e-29
2.4333e-29
1.2994e-29
6.36764e-30
2.90053e-30
1.2287e-30
4.71824e-31
1.49322e-31
2.34221e-32
-1.75089e-32
-2.4483e-32
-2.00854e-32
-1.36042e-32
-8.2385e-33
-4.60672e-33
-2.41924e-33
-1.20592e-33
-5.74845e-34
-2.63521e-34
-1.1669e-34
-5.00882e-35
-2.08984e-35
-8.57131e-36
8.04526e-57
-9.61708e-49
-1.62187e-44
2.37462e-40
-1.59453e-39
-1.39694e-36
-4.71117e-35
-5.1007e-34
-2.54667e-33
-1.84181e-33
3.985e-32
3.1832e-31
1.05495e-30
1.52368e-30
-2.73434e-30
-1.77766e-29
-4.55866e-29
-8.32937e-29
-1.2755e-28
-1.6463e-28
-1.42732e-28
2.76372e-30
2.63799e-28
5.30682e-28
6.75757e-28
6.53392e-28
5.14421e-28
3.43851e-28
2.01214e-28
1.05641e-28
5.07363e-29
2.25664e-29
9.28315e-30
3.4231e-30
1.0034e-30
9.87635e-32
-1.72392e-31
-2.01633e-31
-1.56445e-31
-1.02514e-31
-6.05564e-32
-3.31599e-32
-1.70903e-32
-8.37146e-33
-3.92451e-33
-1.77015e-33
-7.71454e-34
-3.25955e-34
-1.33881e-34
-5.51652e-35
2.52973e-54
-5.80866e-47
-2.07294e-42
9.54744e-39
5.6626e-38
-3.0612e-35
-9.81734e-34
-9.79109e-33
-4.54522e-32
-6.38027e-32
3.45675e-31
3.9408e-30
1.5029e-29
2.94138e-29
-2.38159e-30
-1.46372e-28
-4.14372e-28
-7.61882e-28
-1.15755e-27
-1.50963e-27
-1.38563e-27
-2.06652e-28
1.98467e-27
4.25644e-27
5.51145e-27
5.34809e-27
4.19562e-27
2.78031e-27
1.60657e-27
8.30121e-28
3.91139e-28
1.70071e-28
6.80254e-29
2.41021e-29
6.50493e-30
2.03303e-31
-1.52332e-30
-1.58097e-30
-1.1721e-30
-7.46027e-31
-4.30776e-31
-2.31303e-31
-1.17101e-31
-5.64059e-32
-2.60202e-32
-1.15536e-32
-4.95796e-33
-2.06296e-33
-8.34487e-34
-3.45175e-34
7.50122e-52
-1.04137e-45
-1.75701e-40
3.58566e-37
4.21736e-36
-6.14746e-34
-1.9365e-32
-1.78087e-31
-7.31654e-31
-1.30054e-30
1.42305e-30
4.28189e-29
1.91659e-28
4.58628e-28
3.10606e-28
-9.78688e-28
-3.47322e-27
-6.58134e-27
-9.99003e-27
-1.32061e-26
-1.28189e-26
-3.80742e-27
1.37752e-26
3.23715e-26
4.29192e-26
4.1952e-26
3.28746e-26
2.16331e-26
1.23579e-26
6.29007e-27
2.91031e-27
1.23832e-27
4.82107e-28
1.64177e-28
4.04529e-29
-1.98023e-30
-1.24807e-29
-1.18601e-29
-8.45963e-30
-5.2453e-30
-2.96533e-30
-1.56283e-30
-7.77744e-31
-3.68588e-31
-1.67387e-31
-7.31951e-32
-3.09396e-32
-1.26823e-32
-5.05411e-33
-2.09684e-33
2.08995e-49
4.17092e-43
-1.23007e-38
1.25021e-35
1.67497e-34
-1.1053e-32
-3.64086e-31
-3.09017e-30
-1.03567e-29
-1.89063e-29
-2.25665e-29
3.83081e-28
2.16067e-27
6.19833e-27
6.96507e-27
-3.59328e-27
-2.60326e-26
-5.31771e-26
-8.15769e-26
-1.09783e-25
-1.12694e-25
-4.82741e-26
8.61036e-26
2.32072e-25
3.1792e-25
3.14452e-25
2.46837e-25
1.61591e-25
9.13627e-26
4.58463e-26
2.08451e-26
8.68652e-27
3.29437e-27
1.07798e-27
2.39384e-28
-3.58861e-29
-9.63014e-29
-8.53666e-29
-5.88638e-29
-3.56301e-29
-1.97441e-29
-1.02212e-29
-5.00263e-30
-2.33354e-30
-1.0436e-30
-4.49547e-31
-1.87231e-31
-7.56272e-32
-2.96999e-32
-1.23475e-32
5.44503e-47
9.15702e-41
-7.5326e-37
4.01217e-34
4.95496e-33
-1.68671e-31
-6.64326e-30
-5.21493e-29
-1.22499e-28
-1.56968e-28
-6.48837e-28
2.30488e-27
2.07633e-26
7.40373e-26
1.07658e-25
3.24902e-26
-1.62478e-25
-3.95843e-25
-6.26226e-25
-8.6331e-25
-9.38424e-25
-5.13112e-25
4.6118e-25
1.55626e-24
2.23021e-24
2.2448e-24
1.7712e-24
1.15587e-24
6.47585e-25
3.20601e-25
1.43324e-25
5.85273e-26
2.16323e-26
6.79411e-27
1.33188e-27
-3.81668e-28
-7.05634e-28
-5.90473e-28
-3.94937e-28
-2.33733e-28
-1.27066e-28
-6.46484e-29
-3.11299e-29
-1.42963e-29
-6.29761e-30
-2.67294e-30
-1.0971e-30
-4.36764e-31
-1.69059e-31
-7.03632e-32
1.31808e-44
1.32071e-38
-4.1141e-35
1.16948e-32
1.09591e-31
-1.79343e-30
-1.21502e-28
-8.90867e-28
-1.06652e-27
1.40762e-27
-7.84316e-27
-2.28533e-27
1.53484e-25
7.78814e-25
1.37696e-24
9.80159e-25
-6.50029e-25
-2.64155e-24
-4.47983e-24
-6.38733e-24
-7.37472e-24
-4.83399e-24
1.83598e-24
9.65869e-24
1.4738e-23
1.52061e-23
1.21108e-23
7.89736e-24
4.38955e-24
2.14517e-24
9.43214e-25
3.77549e-25
1.36006e-25
4.09059e-26
6.83228e-27
-3.35622e-27
-4.93248e-27
-3.92752e-27
-2.5543e-27
-1.4797e-27
-7.89648e-28
-3.94977e-28
-1.87159e-28
-8.46352e-29
-3.67276e-29
-1.53613e-29
-6.2143e-30
-2.43862e-30
-9.30458e-31
-3.87296e-31
2.93803e-42
1.57277e-36
-2.01294e-33
3.02135e-31
1.36971e-30
7.07087e-30
-2.30882e-27
-1.63148e-26
-3.75515e-27
9.89025e-26
4.49256e-27
-3.06591e-25
5.13822e-25
7.02411e-24
1.52368e-23
1.50569e-23
2.08156e-24
-1.48813e-23
-2.94901e-23
-4.4172e-23
-5.44585e-23
-4.12475e-23
1.62693e-24
5.46033e-23
9.11495e-23
9.73303e-23
7.867e-23
5.14042e-23
2.83795e-23
1.36954e-23
5.92281e-24
2.32379e-24
8.15491e-25
2.33949e-25
3.11415e-26
-2.64054e-26
-3.29715e-26
-2.51224e-26
-1.5915e-26
-9.03131e-27
-4.73281e-27
-2.32778e-27
-1.08551e-27
-4.8338e-28
-2.06648e-28
-8.51727e-29
-3.39614e-29
-1.31373e-29
-4.94126e-30
-2.05472e-30
5.94888e-40
1.63968e-34
-8.78009e-32
6.51552e-30
-2.21241e-29
1.3345e-27
-4.59526e-26
-3.32954e-25
5.59891e-26
2.74225e-24
2.85943e-24
-4.7294e-24
-8.30028e-24
5.02082e-23
1.46598e-22
1.8173e-22
8.59485e-23
-5.8151e-23
-1.75103e-22
-2.83255e-22
-3.75949e-22
-3.21546e-22
-6.452e-23
2.73792e-22
5.23169e-22
5.85782e-22
4.83939e-22
3.1794e-22
1.74551e-22
8.31841e-23
3.53712e-23
1.35965e-23
4.64322e-24
1.26242e-24
1.15235e-25
-1.915e-25
-2.10981e-25
-1.54465e-25
-9.54372e-26
-5.30773e-26
-2.73181e-26
-1.32117e-26
-6.06292e-27
-2.65836e-27
-1.1195e-27
-4.54676e-28
-1.78685e-28
-6.81328e-29
-2.52608e-29
-1.04817e-29
1.06908e-37
1.52645e-32
-3.36242e-30
9.21932e-29
-2.23256e-27
6.23986e-26
-9.182e-25
-7.41807e-24
2.01607e-25
5.65171e-23
8.8151e-23
-3.22445e-23
-2.13818e-22
2.03401e-22
1.19929e-21
1.86986e-21
1.25521e-21
4.39557e-23
-9.04576e-22
-1.66807e-21
-2.41111e-21
-2.29435e-21
-8.6918e-22
1.15446e-21
2.75502e-21
3.29526e-21
2.81005e-21
1.86421e-21
1.01881e-21
4.79268e-22
2.00201e-22
7.53265e-23
2.49867e-23
6.37343e-24
2.32768e-25
-1.29753e-24
-1.29242e-24
-9.12105e-25
-5.50122e-25
-2.99907e-25
-1.51591e-25
-7.20766e-26
-3.25428e-26
-1.40469e-26
-5.82617e-27
-2.3313e-27
-9.02867e-28
-3.39301e-28
-1.23987e-28
-5.12729e-29
1.62663e-35
1.27541e-30
-1.08503e-28
-9.95138e-28
-9.53285e-26
2.33848e-24
-1.70278e-23
-1.69497e-22
-5.07854e-23
9.49501e-22
1.86262e-21
3.12941e-22
-2.93103e-21
-1.33141e-21
7.77219e-21
1.67069e-20
1.39686e-20
4.01846e-21
-3.75374e-21
-8.92503e-21
-1.42543e-20
-1.49419e-20
-7.70626e-21
3.52788e-21
1.30853e-20
1.71925e-20
1.53538e-20
1.03425e-20
5.63051e-21
2.61148e-21
1.06996e-21
3.93446e-22
1.26423e-22
2.97736e-23
-1.1951e-24
-8.26538e-24
-7.57414e-24
-5.16614e-24
-3.04338e-24
-1.62629e-24
-8.07047e-25
-3.77115e-25
-1.67462e-25
-7.1136e-26
-2.90506e-26
-1.14498e-26
-4.36878e-27
-1.61776e-27
-5.82502e-28
-2.39748e-28
1.83699e-33
9.53967e-29
-2.46541e-27
-1.60597e-25
-3.17842e-24
7.70973e-23
-2.6542e-22
-3.74338e-21
-2.09095e-21
1.30759e-20
3.1506e-20
1.44399e-20
-2.8188e-20
-4.24479e-20
3.0165e-20
1.27942e-19
1.33224e-19
5.41953e-20
-9.50359e-21
-4.30512e-20
-7.69292e-20
-8.8165e-20
-5.49243e-20
2.18653e-21
5.44251e-20
8.22623e-20
7.87183e-20
5.42419e-20
2.94118e-20
1.3417e-20
5.3777e-21
1.92833e-21
5.97956e-22
1.26699e-22
-1.98193e-23
-4.96316e-23
-4.24143e-23
-2.80229e-23
-1.61289e-23
-8.44513e-24
-4.11231e-24
-1.88738e-24
-8.23847e-25
-3.44238e-25
-1.38358e-25
-5.36924e-26
-2.01773e-26
-7.3597e-27
-2.61021e-27
-1.06764e-27
5.95443e-32
6.33378e-27
2.69154e-26
-8.98539e-24
-9.82119e-23
2.20411e-21
-2.94561e-21
-7.66246e-20
-5.2225e-20
1.40889e-19
4.37156e-19
2.82728e-19
-1.77959e-19
-5.82867e-19
-1.12624e-19
7.97518e-19
1.14036e-18
5.33174e-19
1.80577e-20
-1.88729e-19
-3.74529e-19
-4.65469e-19
-3.28837e-19
-6.83798e-20
1.85575e-19
3.54209e-19
3.77913e-19
2.69138e-19
1.45071e-19
6.47914e-20
2.53024e-20
8.82112e-21
2.62715e-21
4.79153e-22
-1.68861e-22
-2.81114e-22
-2.26599e-22
-1.45303e-22
-8.17043e-23
-4.189e-23
-1.99984e-23
-9.00745e-24
-3.86195e-24
-1.58627e-24
-6.27133e-25
-2.39506e-25
-8.86031e-26
-3.18188e-26
-1.11097e-26
-4.50813e-27
-4.21201e-29
3.66471e-25
1.1145e-23
-3.66107e-22
-3.22208e-21
5.16381e-20
-1.02532e-20
-1.39856e-18
-9.68151e-19
1.04194e-18
4.74195e-18
4.03378e-18
-2.83529e-19
-5.3321e-18
-3.91877e-18
3.5204e-18
9.06516e-18
4.46743e-18
4.09578e-19
-7.86216e-19
-1.62177e-18
-2.1562e-18
-1.65497e-18
-6.22998e-19
4.05757e-19
1.32056e-18
1.69635e-18
1.26804e-18
6.75613e-19
2.93045e-19
1.10833e-19
3.74344e-20
1.06508e-20
1.53873e-21
-1.13712e-21
-1.5012e-21
-1.15288e-21
-7.18659e-22
-3.94599e-22
-1.97875e-22
-9.24984e-23
-4.08389e-23
-1.71816e-23
-6.93151e-24
-2.69364e-24
-1.01174e-24
-3.68229e-25
-1.30109e-25
-4.469e-26
-1.79542e-26
-1.5816e-26
1.73727e-23
1.36308e-21
-1.0911e-20
-1.19998e-19
8.82831e-19
3.98644e-19
-2.12869e-17
-1.39344e-17
3.0654e-18
3.75733e-17
4.93119e-17
1.06426e-17
-3.4534e-17
-5.78578e-17
6.59068e-18
7.26669e-17
3.44662e-17
3.16194e-18
-3.24241e-18
-6.14351e-18
-8.4963e-18
-6.81675e-18
-3.43148e-18
-6.74357e-19
3.84e-18
7.08369e-18
5.71733e-18
2.97264e-18
1.23538e-18
4.48771e-19
1.46356e-19
3.96109e-20
3.76069e-21
-6.60201e-21
-7.55151e-21
-5.57552e-21
-3.38229e-21
-1.81136e-21
-8.86824e-22
-4.05205e-22
-1.75096e-22
-7.2194e-23
-2.85762e-23
-1.09059e-23
-4.02547e-24
-1.44027e-24
-5.00287e-25
-1.68873e-25
-6.69999e-26
-3.79666e-24
4.25103e-22
1.31251e-19
-1.90762e-19
-4.87741e-18
9.91631e-18
9.46614e-18
-3.31705e-16
-2.23086e-16
-4.86461e-17
3.10452e-15
5.74908e-16
2.26219e-16
-5.78689e-15
-7.75511e-16
8.90358e-18
1.75855e-15
2.55252e-16
1.75958e-17
-1.11654e-17
-2.03447e-17
-2.69613e-17
-2.1583e-17
-1.28972e-17
-1.66538e-17
4.93193e-18
2.667e-17
2.50452e-17
1.23551e-17
4.81453e-18
1.66342e-18
5.23376e-19
1.34973e-19
4.21678e-21
-3.40613e-20
-3.57523e-20
-2.55875e-20
-1.51074e-20
-7.87363e-21
-3.75356e-21
-1.67228e-21
-7.05821e-22
-2.84745e-22
-1.10445e-22
-4.13515e-23
-1.4985e-23
-5.26535e-24
-1.79593e-24
-5.94902e-25
-2.32309e-25
-6.93273e-22
-6.44251e-20
1.04801e-17
-1.39588e-18
-1.94348e-16
3.74955e-15
-4.65707e-15
-1.09715e-14
-6.50784e-15
1.63174e-13
4.11354e-14
-6.04952e-15
-4.41012e-13
-8.51952e-14
2.3097e-13
1.66139e-13
2.13815e-14
-7.66781e-16
-7.65842e-15
-6.51787e-16
-8.43495e-17
-6.2465e-17
-4.58813e-17
-3.24468e-17
-1.76626e-16
-3.94166e-17
7.95766e-17
1.11979e-16
4.8291e-17
1.70731e-17
5.57362e-18
1.70417e-18
4.27237e-19
-1.79843e-20
-1.58005e-19
-1.59296e-19
-1.11297e-19
-6.38511e-20
-3.22583e-20
-1.49141e-20
-6.45682e-21
-2.65489e-21
-1.04591e-21
-3.96943e-22
-1.45623e-22
-5.17494e-23
-1.78349e-23
-5.96398e-24
-1.93461e-24
-7.40032e-25
-7.84721e-20
-1.96709e-17
1.30178e-15
-1.65035e-14
7.58991e-14
6.08764e-14
-3.64302e-13
-3.06645e-13
4.9509e-12
2.07813e-12
-2.58059e-12
-1.80666e-11
-5.94576e-12
2.76827e-11
1.16526e-11
1.46737e-12
-6.47386e-13
-1.8119e-12
-2.37343e-13
-3.39497e-14
-2.30889e-15
-4.49147e-16
-1.05864e-16
-4.8377e-15
-3.36228e-15
-4.16927e-16
7.85668e-16
6.46199e-16
1.70478e-16
5.33527e-17
1.67246e-17
5.08854e-18
1.31854e-18
-1.25726e-19
-6.60979e-19
-6.6898e-19
-4.58697e-19
-2.54487e-19
-1.23796e-19
-5.51728e-20
-2.31031e-20
-9.22337e-21
-3.54011e-21
-1.31245e-21
-4.71155e-22
-1.63972e-22
-5.53373e-23
-1.8101e-23
-5.73104e-24
-2.13153e-24
-8.56622e-16
8.07602e-15
1.67015e-14
-2.56605e-13
1.64211e-12
-8.37268e-12
-9.60251e-12
6.93447e-11
6.08559e-11
-1.22149e-10
-4.55584e-10
-2.4436e-10
1.52356e-09
4.62628e-10
4.84982e-11
-3.38175e-11
-1.45478e-10
-2.23758e-11
-3.29631e-13
-3.83361e-13
-1.58698e-13
-5.20137e-14
-1.76369e-13
-1.10875e-13
-2.10689e-14
2.4599e-14
2.8348e-14
4.02159e-15
3.40751e-16
1.44887e-16
4.64228e-17
1.43674e-17
4.31795e-18
-2.74515e-19
-2.48091e-18
-2.66079e-18
-1.79368e-18
-9.52338e-19
-4.41025e-19
-1.87749e-19
-7.55543e-20
-2.9166e-20
-1.08792e-20
-3.9337e-21
-1.3801e-21
-4.69668e-22
-1.54864e-22
-4.93767e-23
-1.51743e-23
-5.4152e-24
-8.85239e-14
8.95937e-13
-7.66771e-12
4.03189e-11
-5.94318e-11
-9.72128e-11
-3.76324e-12
8.6741e-10
-1.81292e-09
-6.25518e-09
-5.61096e-09
2.47245e-08
1.32745e-08
1.97704e-09
-2.92743e-08
-1.59548e-08
-1.95617e-09
-5.22658e-13
-1.74399e-12
-9.404e-13
-2.69911e-12
-3.35897e-12
-1.82593e-12
-4.01769e-13
5.82197e-13
6.81387e-13
1.77585e-13
3.94794e-15
2.27501e-15
6.79052e-16
1.35336e-16
3.82211e-17
1.55944e-17
1.3447e-18
-8.16943e-18
-1.01435e-17
-6.68574e-18
-3.32454e-18
-1.43731e-18
-5.76348e-19
-2.2097e-19
-8.20979e-20
-2.96983e-20
-1.04639e-20
-3.58492e-21
-1.19105e-21
-3.82424e-22
-1.1812e-22
-3.48565e-23
-1.1607e-23
1.23408e-12
2.54124e-12
-7.39993e-11
4.75076e-10
-1.79319e-09
4.26726e-10
1.58167e-08
2.92911e-09
-6.10686e-08
-6.97437e-08
2.54383e-07
3.62151e-07
1.27185e-08
-1.14725e-06
-6.06409e-07
-1.13399e-07
-2.81862e-10
9.48491e-12
-3.91209e-12
3.2643e-12
-2.19229e-11
-3.40575e-11
-7.57297e-12
1.9105e-11
1.86826e-11
7.15845e-12
4.09647e-13
1.202e-13
3.32772e-14
3.13648e-15
1.29578e-16
5.94504e-17
5.89302e-17
1.87772e-17
-2.18653e-17
-3.82217e-17
-2.40396e-17
-1.0694e-17
-4.16785e-18
-1.54005e-18
-5.563e-19
-1.982e-19
-6.95638e-20
-2.39248e-20
-8.01121e-21
-2.5942e-21
-8.06329e-22
-2.38195e-22
-6.58195e-23
-1.89315e-23
2.57133e-10
-1.4124e-09
7.42014e-09
-2.02414e-08
-1.88793e-08
7.55207e-08
1.6592e-07
-4.2468e-07
-7.68392e-07
1.74758e-06
4.12445e-06
2.17126e-06
-9.02494e-06
-6.51394e-06
-1.89177e-06
-8.90746e-08
6.86441e-10
2.29123e-10
-1.37568e-12
2.16673e-11
-3.38727e-11
-1.6659e-10
9.34648e-10
9.58486e-10
6.87242e-10
1.05577e-10
4.59151e-12
6.8552e-13
7.01737e-14
-1.66164e-15
-5.06566e-16
-2.11735e-17
3.0637e-16
1.42571e-16
-3.70244e-17
-1.56566e-16
-8.577e-17
-3.06596e-17
-1.00702e-17
-3.30859e-18
-1.11366e-18
-3.82315e-19
-1.31672e-19
-4.46893e-20
-1.47168e-20
-4.6377e-21
-1.37695e-21
-3.76065e-22
-8.98525e-23
-1.49775e-23
2.27993e-09
-9.12429e-09
6.24676e-08
-2.5855e-07
2.72642e-07
9.54127e-07
-6.40204e-07
-5.91354e-06
-1.79036e-06
2.99448e-05
3.19285e-05
-0.000329034
-0.000744459
0.000499179
0.00555061
0.0141513
0.0225677
0.0259764
0.0233487
0.016141
0.00799908
0.00228545
9.53434e-05
2.65357e-08
4.73202e-09
3.73939e-10
2.36044e-11
7.42399e-13
-2.7037e-14
-1.20582e-14
-2.00283e-15
2.58486e-15
4.63166e-15
9.45019e-16
-1.22467e-16
-1.16212e-15
-3.12938e-16
-6.77384e-17
-1.61117e-17
-4.40906e-18
-1.40942e-18
-4.97262e-19
-1.79598e-19
-6.30963e-20
-2.09314e-20
-6.40267e-21
-1.74268e-21
-3.86235e-22
-4.58293e-23
3.54756e-23
2.14495e-07
-6.69494e-08
-2.42004e-06
1.10756e-06
2.05943e-05
-4.82365e-06
-0.000122027
-8.66851e-05
0.000462447
0.000809525
-0.0014473
-0.00682334
-0.00825576
0.00730507
0.0506208
0.115962
0.179265
0.210365
0.201361
0.160023
0.103657
0.052454
0.0183521
0.00269502
1.12521e-08
9.48954e-10
5.57231e-11
8.96142e-12
3.08589e-13
-1.72264e-14
3.24449e-14
1.29707e-13
2.94556e-14
3.33926e-15
-5.131e-14
-1.15921e-14
-6.78874e-16
-5.86328e-18
8.26994e-18
2.39879e-18
1.59568e-19
-2.09537e-19
-1.47848e-19
-6.64854e-20
-2.38201e-20
-6.95669e-21
-1.48159e-21
-6.36978e-23
1.61572e-22
1.91933e-22
1.04436e-05
-3.0443e-05
-7.60049e-05
0.000157709
0.000358567
-0.000344309
-0.00133917
-0.000159792
0.00346453
0.00354246
-0.00696133
-0.0248227
-0.0263755
0.0190656
0.134568
0.305354
0.477564
0.580325
0.577207
0.490651
0.351174
0.207678
0.0970327
0.0316918
0.00424219
5.83547e-10
6.81366e-10
2.36218e-10
1.54114e-11
1.1523e-12
2.67016e-12
6.70625e-13
5.03788e-14
-1.90081e-12
-5.54768e-13
-2.68395e-14
2.6811e-15
7.76228e-16
1.30188e-16
2.29804e-17
3.19433e-18
3.02862e-21
-2.36904e-19
-1.21859e-19
-4.30822e-20
-1.14335e-20
-1.71837e-21
4.29323e-22
5.49689e-22
5.02269e-22
2.85812e-05
-0.000148529
-0.000235932
0.000594398
0.00109363
-0.00112111
-0.00365093
8.54353e-05
0.00938097
0.00950052
-0.0113299
-0.043592
-0.0470799
0.0188353
0.183525
0.432679
0.704167
0.910447
0.96354
0.879476
0.689754
0.457918
0.25079
0.107019
0.0302781
0.00257823
9.45577e-09
6.87595e-10
2.50044e-11
5.64509e-11
1.47063e-11
-2.90817e-13
-5.85538e-11
-1.98204e-11
-1.40371e-12
9.80185e-14
3.46385e-14
2.66875e-15
-5.77769e-19
-1.82157e-17
-1.04264e-17
-4.38728e-18
-1.59774e-18
-5.2296e-19
-1.52898e-19
-3.80361e-20
-6.6822e-21
2.06586e-22
9.72006e-22
9.74511e-22
2.46782e-05
-7.91629e-05
-0.000177102
0.000450407
0.000870527
-0.00152904
-0.00439741
0.000760921
0.0147806
0.0187772
-0.00465092
-0.0459669
-0.0601662
-0.00546521
0.144062
0.381631
0.668468
0.931238
1.0812
1.07124
0.926907
0.687956
0.430027
0.218577
0.0833674
0.0184179
0.000447759
2.47234e-09
1.73254e-09
3.36282e-10
-1.44348e-10
-1.66206e-09
-6.18238e-10
-5.46246e-11
3.18578e-12
1.34845e-12
1.25523e-13
-3.01132e-15
-1.1391e-15
-2.52e-16
-6.4999e-17
-1.80207e-17
-5.09066e-18
-1.41492e-18
-3.71188e-19
-8.59114e-20
-1.45078e-20
2.65984e-22
1.85331e-21
1.83999e-21
3.2604e-05
-6.95399e-05
-0.000281258
0.000336957
0.00146062
-0.000379983
-0.00548027
-0.00448617
0.0100179
0.023944
0.0113438
-0.0315786
-0.0659945
-0.0464069
0.049304
0.219409
0.447489
0.701582
0.919339
1.01416
0.961294
0.784758
0.545888
0.315757
0.143678
0.0451849
0.00551206
2.8757e-08
9.21189e-09
-3.43361e-08
-4.84075e-08
-1.77264e-08
-1.76522e-09
7.80685e-11
3.75602e-11
4.82052e-12
-9.38455e-14
-3.90439e-14
-4.50531e-15
-2.7222e-16
-6.69543e-17
-1.7748e-17
-4.61571e-18
-1.13344e-18
-2.32976e-19
-2.2857e-20
1.29177e-20
1.17371e-20
6.48992e-21
4.40584e-21
4.49743e-05
6.56677e-05
-0.000334835
-0.000423026
0.00109411
0.00207207
-0.00164176
-0.00686017
-0.00291257
0.0118723
0.0189848
0.00100045
-0.0366567
-0.0620802
-0.0454963
0.0334307
0.18586
0.401923
0.634746
0.802491
0.827873
0.736724
0.552598
0.344336
0.173542
0.0647355
0.0133597
0.00015102
-1.15796e-06
-9.87324e-07
-3.92047e-07
-5.10283e-08
1.55666e-09
7.81162e-10
1.23649e-10
-2.62537e-12
-1.14962e-12
-1.44631e-13
1.31265e-15
4.73864e-16
1.30655e-16
3.72923e-17
1.10667e-17
3.46145e-18
1.15354e-18
4.07744e-19
1.50362e-19
5.67349e-20
2.15493e-20
1.14281e-20
-3.48587e-06
0.000111255
3.86799e-05
-0.000501024
-0.000404409
0.00124023
0.00202591
-0.000990104
-0.00537932
-0.00415956
0.00506178
0.0137496
0.00831761
-0.0187736
-0.0566031
-0.0708292
-0.0259781
0.0987047
0.279348
0.447074
0.520658
0.492383
0.391922
0.260407
0.141172
0.0588195
0.0150471
0.000690392
-8.51702e-06
-4.99878e-06
-1.05265e-06
1.34614e-08
1.31641e-08
2.49002e-09
-5.18524e-11
-2.71141e-11
-4.00667e-12
3.31653e-14
1.2667e-14
1.80359e-15
3.29578e-16
9.55449e-17
2.99802e-17
9.69531e-18
3.20925e-18
1.08709e-18
3.76663e-19
1.33099e-19
4.77039e-20
2.40198e-20
-1.35705e-05
-1.87471e-05
0.000105449
0.000129161
-0.000332422
-0.000644734
0.000419909
0.00202402
0.000997891
-0.00336142
-0.00530065
0.00128758
0.0135111
0.0156795
-0.00380304
-0.0398277
-0.0626319
-0.0463351
0.0131802
0.0916968
0.147816
0.153777
0.128519
0.0866879
0.0467363
0.0192535
0.00505769
0.000167915
-2.55891e-05
-9.90151e-06
-1.11944e-07
1.83317e-07
4.26884e-08
-3.89072e-10
-4.57226e-10
-8.87961e-11
3.97267e-13
2.44139e-13
3.90565e-14
1.66478e-16
6.99278e-17
4.25525e-17
1.96507e-17
8.03238e-18
3.1275e-18
1.19902e-18
4.58489e-19
1.75378e-19
6.69853e-20
3.62276e-20
8.07461e-06
-1.39844e-05
-5.87143e-05
4.8591e-05
0.000233655
-1.50721e-05
-0.000631283
-0.000447892
0.00102001
0.00168883
-0.000460788
-0.00344937
-0.00207626
0.00522387
0.011829
0.00914219
-0.00428563
-0.0214205
-0.0331428
-0.0362126
-0.0341658
-0.031099
-0.0281655
-0.0234569
-0.0169232
-0.00996116
-0.00426387
-0.00110171
-6.07245e-05
1.09573e-05
4.75437e-06
6.51103e-07
-1.30908e-08
-6.89934e-09
-1.47034e-09
-2.18047e-11
2.32404e-12
7.16143e-13
2.03629e-14
-2.35903e-16
-9.48097e-17
-2.86972e-17
-7.02508e-18
-9.86417e-19
3.06269e-19
3.7711e-19
2.3846e-19
1.23879e-19
5.81471e-20
3.8114e-20
-1.25505e-06
6.11774e-06
8.49714e-06
-3.10404e-05
-4.35379e-05
8.12396e-05
0.00017393
-6.91234e-05
-0.000413116
-0.00018881
0.000549606
0.000553334
-0.000963465
-0.00284881
-0.00241466
0.00170612
0.00755527
0.00989861
0.00522069
-0.00633406
-0.0197183
-0.0274089
-0.0267001
-0.0207469
-0.0125952
-0.00566325
-0.00155148
0.000149465
0.000144661
4.9175e-05
6.09596e-06
-1.29285e-07
-6.70477e-08
-1.62673e-08
-7.16233e-10
1.42856e-11
6.47822e-12
7.05649e-13
-6.71243e-16
-3.01039e-16
-1.37397e-16
-5.50918e-17
-1.98683e-17
-6.46517e-18
-1.84079e-18
-4.09585e-19
-3.26744e-20
3.59661e-20
3.14685e-20
2.9034e-20
3.24112e-07
-3.1378e-07
-2.2183e-06
3.01305e-06
8.98995e-06
-1.24137e-05
-3.28762e-05
2.52256e-05
9.22909e-05
-1.45616e-05
-0.000191781
-2.46548e-05
0.000521708
0.000680625
-0.000104493
-0.00139457
-0.00187545
-0.00099144
0.00119222
0.00409104
0.00741035
0.0107278
0.0130582
0.0130853
0.0111365
0.00786523
0.0044804
0.0019541
0.000579219
5.45338e-05
-7.60689e-07
-4.18568e-07
-1.22015e-07
-9.63524e-09
5.55655e-11
2.92703e-11
5.69966e-12
4.1492e-14
4.00951e-15
-3.91594e-17
-4.88767e-17
-2.68235e-17
-1.17592e-17
-4.44703e-18
-1.47087e-18
-4.09951e-19
-8.01103e-20
3.15831e-21
1.47907e-20
1.82281e-20
-5.9252e-08
-2.69763e-07
6.76478e-07
7.42537e-07
-3.2408e-06
-1.00502e-06
1.23972e-05
1.31745e-06
-3.94734e-05
-9.9497e-06
0.000110191
6.93462e-05
-0.000285746
-0.000444521
0.000230122
0.00130728
0.0011499
-0.00109321
-0.00401219
-0.00430373
-0.000825914
0.00540666
0.0109891
0.0127241
0.0112164
0.00792449
0.00446888
0.00193314
0.000546155
4.15163e-05
-8.03493e-08
-7.95184e-08
-4.3982e-08
-1.13343e-08
-3.03091e-10
-1.79213e-12
2.19845e-13
2.23986e-13
4.65067e-14
2.05229e-16
-8.57681e-19
-7.79938e-19
-5.33764e-19
-2.76663e-19
-1.04597e-19
-2.02172e-20
9.18797e-21
1.35576e-20
1.00746e-20
9.89833e-21
)
;

boundaryField
{
    movingWall
    {
        type            zeroGradient;
    }
    fixedWalls
    {
        type            zeroGradient;
    }
    frontAndBack
    {
        type            empty;
    }
}

