/*--------------------------------*- C++ -*----------------------------------*\
| =========                 |                                                 |
| \\      /  F ield         | OpenFOAM: The Open Source CFD Toolbox           |
|  \\    /   O peration     | Version:  v2006                                 |
|   \\  /    A nd           | Website:  www.openfoam.com                      |
|    \\/     M anipulation  |                                                 |
\*---------------------------------------------------------------------------*/
FoamFile
{
    version     2.0;
    format      ascii;
    class       volScalarField;
    location    "0";
    object      f;
}
// * * * * * * * * * * * * * * * * * * * * * * * * * * * * * * * * * * * * * //

dimensions      [0 0 0 0 0 0 0];


internalField   nonuniform List<scalar> 
2500
(
-5.00951e-106
1.39233e-87
-4.88053e-78
6.1022e-71
3.10803e-66
7.64752e-63
4.26188e-60
4.45464e-58
6.85133e-57
4.85712e-56
1.86526e-55
4.57231e-55
8.11741e-55
1.12886e-54
1.28001e-54
1.20691e-54
9.60066e-55
6.5363e-55
3.85768e-55
1.99183e-55
9.04728e-56
3.62809e-56
1.28877e-56
4.07121e-57
1.14922e-57
2.91439e-58
6.67786e-59
1.39046e-59
2.64569e-60
4.62472e-61
7.4639e-62
1.11737e-62
1.55826e-63
2.03245e-64
2.4884e-65
2.86944e-66
3.12606e-67
3.2267e-68
3.16392e-69
2.95431e-70
2.63288e-71
2.24419e-72
1.83311e-73
1.43749e-74
1.08403e-75
7.87395e-77
5.51691e-78
3.73385e-79
2.44424e-80
1.25784e-81
-3.01849e-103
2.77455e-85
-5.5312e-76
4.80164e-69
1.89386e-64
3.80305e-61
1.78497e-58
1.61855e-56
2.22219e-55
1.43447e-54
5.07351e-54
1.15417e-53
1.91358e-53
2.49994e-53
2.67777e-53
2.39699e-53
1.81792e-53
1.18433e-53
6.70968e-54
3.33463e-54
1.46135e-54
5.66558e-55
1.94916e-55
5.97302e-56
1.63791e-56
4.04036e-57
9.01595e-58
1.83026e-58
3.39873e-59
5.80359e-60
9.15784e-61
1.34152e-61
1.8321e-62
2.34179e-63
2.81164e-64
3.18145e-65
3.40306e-66
3.45078e-67
3.32583e-68
3.05395e-69
2.67776e-70
2.24661e-71
1.80703e-72
1.39593e-73
1.03741e-74
7.42847e-76
5.13276e-77
3.42689e-78
2.21364e-79
1.1466e-80
-1.72785e-100
5.27107e-83
-5.97791e-74
3.61072e-67
1.10646e-62
1.81989e-59
7.21954e-57
5.70079e-55
7.01647e-54
4.14193e-53
1.35473e-52
2.87117e-52
4.46212e-52
5.49572e-52
5.58003e-52
4.7578e-52
3.45142e-52
2.15833e-52
1.17732e-52
5.64839e-53
2.39494e-53
9.00096e-54
3.00697e-54
8.96114e-55
2.39293e-55
5.75519e-56
1.25354e-56
2.48643e-57
4.51575e-58
7.54828e-59
1.16692e-59
1.67602e-60
2.24584e-61
2.81851e-62
3.32466e-63
3.69817e-64
3.89088e-65
3.88276e-66
3.68454e-67
3.33279e-68
2.87985e-69
2.3821e-70
1.88974e-71
1.44035e-72
1.0565e-73
7.46941e-75
5.0973e-76
3.3622e-77
2.1463e-78
1.11689e-79
-9.68832e-98
9.81338e-81
-6.31978e-72
2.65384e-65
6.31637e-61
8.50983e-58
2.85329e-55
1.96231e-53
2.16636e-52
1.17033e-51
3.5423e-51
6.9981e-51
1.01993e-50
1.18479e-50
1.14079e-50
9.26897e-51
6.43399e-51
3.86362e-51
2.02992e-51
9.40471e-52
3.85936e-52
1.40649e-52
4.56372e-53
1.3229e-53
3.4406e-54
8.06908e-55
1.71568e-55
3.32544e-56
5.90724e-57
9.6664e-58
1.46411e-58
2.06186e-59
2.71091e-60
3.34043e-61
3.87122e-62
4.23312e-63
4.38062e-64
4.30199e-65
4.01944e-66
3.58132e-67
3.04966e-68
2.48694e-69
1.94581e-70
1.46325e-71
1.05933e-72
7.39431e-74
4.98358e-75
3.24747e-76
2.04859e-77
1.0693e-78
-5.31681e-95
1.78894e-78
-6.52966e-70
1.90474e-63
3.51982e-59
3.88453e-56
1.10083e-53
6.59499e-52
6.53458e-51
3.23318e-50
9.06227e-50
1.66983e-49
2.28339e-49
2.50287e-49
2.28635e-49
1.77098e-49
1.17681e-49
6.78876e-50
3.4368e-50
1.53822e-50
6.11132e-51
2.16027e-51
6.80992e-52
1.9205e-52
4.86564e-53
1.11289e-53
2.31019e-54
4.37597e-55
7.60368e-56
1.21812e-56
1.80774e-57
2.4962e-58
3.22034e-59
3.8962e-60
4.43618e-61
4.76866e-62
4.85383e-63
4.69088e-64
4.31518e-65
3.78726e-66
3.17811e-67
2.55504e-68
1.97159e-69
1.46278e-70
1.04517e-71
7.20268e-73
4.79419e-74
3.08622e-75
1.92384e-76
1.00584e-77
-2.85317e-92
3.19046e-76
-6.58719e-68
1.33369e-61
1.91269e-57
1.72922e-54
4.1418e-52
2.16187e-50
1.92376e-49
8.72484e-49
2.2663e-48
3.89718e-48
5.00265e-48
5.17662e-48
4.48839e-48
3.31594e-48
2.11026e-48
1.16998e-48
5.70958e-49
2.46965e-49
9.50279e-50
3.25921e-50
9.98416e-51
2.73997e-51
6.76343e-52
1.50891e-52
3.05841e-53
5.6621e-54
9.62441e-55
1.50957e-55
2.19509e-56
2.97217e-57
3.76247e-58
4.46964e-59
4.99996e-60
5.2836e-61
5.28969e-62
5.03078e-63
4.55641e-64
3.93905e-65
3.25736e-66
2.58167e-67
1.9647e-68
1.43811e-69
1.01411e-70
6.89958e-72
4.53534e-73
2.88415e-74
1.77656e-75
9.29214e-77
-1.49576e-89
5.56133e-74
-6.48169e-66
9.10099e-60
1.01242e-55
7.49854e-53
1.51801e-50
6.90469e-49
5.52165e-48
2.2975e-47
5.53479e-47
8.88803e-47
1.07158e-46
1.0473e-46
8.62318e-47
6.07907e-47
3.70688e-47
1.97611e-47
9.30015e-48
3.88927e-48
1.44993e-48
4.82656e-49
1.43722e-49
3.83899e-50
9.23456e-51
2.00985e-51
3.97821e-52
7.19895e-53
1.19715e-53
1.83851e-54
2.61965e-55
3.47822e-56
4.32062e-57
5.03981e-58
5.5391e-59
5.75416e-60
5.66624e-61
5.30314e-62
4.72893e-63
4.02689e-64
3.28146e-65
2.56391e-66
1.92427e-67
1.3896e-68
9.67073e-70
6.49554e-71
4.21656e-72
2.64882e-73
1.61222e-74
8.42669e-76
-7.65267e-87
9.4653e-72
-6.21413e-64
6.04585e-58
5.21368e-54
3.16374e-51
5.41326e-49
2.14608e-47
1.54339e-46
5.89726e-46
1.31868e-45
1.97877e-45
2.24192e-45
2.07057e-45
1.6198e-45
1.0902e-45
6.37291e-46
3.26825e-46
1.48406e-46
6.003e-47
2.16911e-47
7.01057e-48
2.02978e-48
5.2785e-49
1.23758e-49
2.62811e-50
5.08061e-51
8.98756e-52
1.46231e-52
2.19901e-53
3.07047e-54
3.99787e-55
4.87327e-56
5.58171e-57
6.02742e-58
6.15542e-59
5.96191e-60
5.49107e-61
4.82088e-62
4.0436e-63
3.24703e-64
2.50102e-65
1.85115e-66
1.31882e-67
9.0578e-69
6.00607e-70
3.85018e-71
2.38919e-72
1.43688e-73
7.49765e-75
-3.81681e-84
1.57125e-69
-5.79782e-62
3.90529e-56
2.60879e-52
1.29708e-49
1.87581e-47
6.48316e-46
4.19603e-45
1.4738e-44
3.06155e-44
4.2958e-44
4.57639e-44
3.9962e-44
2.97185e-44
1.91067e-44
1.0713e-44
5.28797e-45
2.31794e-45
9.07327e-46
3.17905e-46
9.97949e-47
2.81029e-47
7.11686e-48
1.6267e-48
3.3711e-49
6.36576e-50
1.10096e-50
1.75277e-51
2.58115e-52
3.53195e-53
4.50992e-54
5.39484e-55
6.06759e-56
6.43765e-57
6.46313e-58
6.15728e-59
5.58079e-60
4.82397e-61
3.98547e-62
3.15366e-63
2.39462e-64
1.74791e-65
1.2285e-66
8.32675e-68
5.45064e-69
3.45047e-70
2.11503e-71
1.25684e-72
6.5414e-74
-1.85358e-81
2.54094e-67
-5.25763e-60
2.44982e-54
1.26659e-50
5.16026e-48
6.30765e-46
1.90096e-44
1.10809e-43
3.58155e-43
6.91808e-43
9.08319e-43
9.10393e-43
7.52063e-43
5.31975e-43
3.269e-43
1.75908e-43
8.36197e-44
3.54026e-44
1.34171e-44
4.56046e-45
1.39101e-45
3.81119e-46
9.40136e-47
2.09536e-47
4.23834e-48
7.81885e-49
1.32223e-49
2.05996e-50
2.97086e-51
3.98414e-52
4.9893e-53
5.85713e-54
6.46883e-55
6.74363e-56
6.65589e-57
6.237e-58
5.56314e-59
4.73446e-60
3.85282e-61
3.00421e-62
2.24875e-63
1.61873e-64
1.12238e-65
7.50758e-67
4.85145e-68
3.03274e-69
1.83626e-70
1.07816e-71
5.5927e-73
-8.75366e-79
3.99782e-65
-4.62767e-58
1.49046e-52
5.95777e-49
1.98913e-46
2.05514e-44
5.40208e-43
2.83831e-42
8.45196e-42
1.5195e-41
1.86821e-41
1.76277e-41
1.37841e-41
9.27986e-42
5.45382e-42
2.81829e-42
1.29097e-42
5.28212e-43
1.93925e-43
6.39748e-44
1.89679e-44
5.05811e-45
1.21572e-45
2.64272e-46
5.21845e-47
9.4064e-48
1.55555e-48
2.3718e-49
3.35019e-50
4.40353e-51
5.40855e-52
6.23132e-53
6.75833e-54
6.92271e-55
6.71729e-56
6.19148e-57
5.43478e-58
4.55382e-59
3.65023e-60
2.80471e-61
2.06961e-62
1.46917e-63
1.00495e-64
6.63375e-66
4.2318e-67
2.61227e-68
1.56234e-69
9.06361e-71
4.68253e-72
-4.01456e-76
6.11117e-63
-3.94762e-56
8.78199e-51
2.71059e-47
7.41703e-45
6.4775e-43
1.48543e-41
7.04051e-41
1.93399e-40
3.23946e-40
3.73254e-40
3.31767e-40
2.45724e-40
1.57551e-40
8.86156e-41
4.40046e-41
1.94366e-41
7.69047e-42
2.73673e-42
8.76721e-43
2.52786e-43
6.56327e-44
1.53749e-44
3.2605e-45
6.28653e-46
1.10738e-46
1.79105e-47
2.67294e-48
3.69817e-49
4.76463e-50
5.73996e-51
6.49057e-52
6.91317e-53
6.9582e-54
6.63792e-55
6.01827e-56
5.19887e-57
4.28897e-58
3.38638e-59
2.56402e-60
1.86514e-61
1.30572e-62
8.81104e-64
5.73976e-65
3.61454e-66
2.20329e-67
1.30161e-68
7.46077e-70
3.83644e-71
-1.78527e-73
9.06214e-61
-3.25843e-54
5.00367e-49
1.19069e-45
2.67053e-43
1.97148e-41
3.94529e-40
1.68834e-39
4.28412e-39
6.69319e-39
7.23304e-39
6.06043e-39
4.25441e-39
2.59975e-39
1.40044e-39
6.68761e-40
2.85032e-40
1.09135e-40
3.76682e-41
1.17246e-41
3.28912e-42
8.3179e-43
1.89972e-43
3.93119e-44
7.4025e-45
1.2745e-45
2.01633e-46
2.94563e-47
3.99229e-48
5.04206e-49
5.9582e-50
6.61281e-51
6.91728e-52
6.84154e-53
6.41682e-54
5.72281e-55
4.86525e-56
3.9519e-57
3.07351e-58
2.29321e-59
1.64447e-60
1.13532e-61
7.55793e-63
4.85873e-64
3.02047e-65
1.81811e-66
1.06092e-67
6.00837e-69
3.0734e-70
-7.68568e-71
1.3014e-58
-2.59786e-52
2.75232e-47
5.04003e-44
9.26658e-42
5.783e-40
1.0102e-38
3.90667e-38
9.17103e-38
1.33799e-37
1.35727e-37
1.07277e-37
7.14291e-38
4.16311e-38
2.14953e-38
9.87892e-39
4.06602e-39
1.50766e-39
5.05058e-40
1.52836e-40
4.17364e-41
1.02848e-41
2.29086e-42
4.62716e-43
8.51117e-44
1.43252e-44
2.21716e-45
3.17103e-46
4.21049e-47
5.21312e-48
6.04313e-49
6.5835e-50
6.76367e-51
6.57382e-52
6.0622e-53
5.31843e-54
4.4499e-55
3.55891e-56
2.72646e-57
2.00465e-58
1.41716e-59
9.6487e-61
6.33673e-62
4.02014e-63
2.46711e-64
1.46642e-65
8.45228e-67
4.72957e-68
2.40536e-69
-3.19741e-68
1.8066e-56
-1.99674e-50
1.45903e-45
2.05131e-42
3.09215e-40
1.6314e-38
2.48839e-37
8.7044e-37
1.8936e-36
2.58307e-36
2.46184e-36
1.8369e-36
1.16095e-36
6.4591e-37
3.19937e-37
1.41634e-37
5.63423e-38
2.02481e-38
6.58838e-39
1.93958e-39
5.1587e-40
1.23926e-40
2.69305e-41
5.31084e-42
9.54457e-43
1.57072e-43
2.37867e-44
3.33102e-45
4.33356e-46
5.26051e-47
5.9825e-48
6.39777e-49
6.45588e-50
6.16637e-51
5.59123e-52
4.82548e-53
3.97367e-54
3.12924e-55
2.36148e-56
1.71105e-57
1.19248e-58
8.00692e-60
5.18775e-61
3.248e-62
1.96771e-63
1.15495e-64
6.57556e-66
3.63543e-67
1.83742e-68
-1.28294e-65
2.4193e-54
-1.47639e-48
7.43988e-44
8.00863e-41
9.899e-39
4.41564e-37
5.8829e-36
1.86318e-35
3.76316e-35
4.80629e-35
4.30776e-35
3.03669e-35
1.82326e-35
9.69209e-36
4.60993e-36
1.96765e-36
7.57227e-37
2.63987e-37
8.35006e-38
2.39315e-38
6.20301e-39
1.45333e-39
3.08242e-40
5.93667e-41
1.0427e-41
1.67809e-42
2.4869e-43
3.41036e-44
4.34761e-45
5.1748e-46
5.77398e-47
6.06185e-48
6.00842e-49
5.64025e-50
5.02878e-51
4.26969e-52
3.46058e-53
2.68343e-54
1.99486e-55
1.42444e-56
9.78699e-58
6.48097e-59
4.14266e-60
2.55968e-61
1.53086e-62
8.87305e-64
4.99004e-65
2.72588e-66
1.3686e-67
-4.95423e-63
3.11824e-52
-1.04772e-46
3.64192e-42
2.99132e-39
3.03227e-37
1.1437e-35
1.33137e-34
3.82157e-34
7.18126e-34
8.60033e-34
7.25611e-34
4.83653e-34
2.76112e-34
1.4038e-34
6.41839e-35
2.64416e-35
9.85437e-36
3.33596e-36
1.02667e-36
2.8668e-37
7.24609e-38
1.65664e-38
3.43058e-39
6.45485e-40
1.10824e-40
1.74458e-41
2.53056e-42
3.39875e-43
4.24625e-44
4.95626e-45
5.42628e-46
5.59307e-47
5.44586e-48
5.02453e-49
4.40527e-50
3.67983e-51
2.93565e-52
2.24161e-53
1.64164e-54
1.15525e-55
7.82552e-57
5.11084e-58
3.22307e-59
1.96542e-60
1.16044e-61
6.64205e-63
3.68979e-64
1.99155e-65
9.92924e-67
-1.83689e-60
3.85847e-50
-7.11745e-45
1.70771e-40
1.06578e-37
8.86162e-36
2.8265e-34
2.87596e-33
7.48957e-33
1.31254e-32
1.47636e-32
1.17376e-32
7.40407e-33
4.02298e-33
1.95842e-33
8.61752e-34
3.43053e-34
1.23955e-34
4.07916e-35
1.22269e-35
3.32914e-36
8.21116e-37
1.83282e-37
3.70727e-38
6.81684e-39
1.14439e-39
1.7625e-40
2.50273e-41
3.29263e-42
4.03201e-43
4.61556e-44
4.95887e-45
5.01868e-46
4.80066e-47
4.35366e-48
3.75382e-49
3.08517e-50
2.42272e-51
1.82178e-52
1.3144e-53
9.11622e-55
6.08838e-56
3.92181e-57
2.44015e-58
1.46857e-59
8.5603e-61
4.83868e-62
2.65525e-63
1.41609e-64
7.00857e-66
-6.52211e-58
4.57053e-48
-4.61512e-43
7.65233e-39
3.61025e-36
2.46262e-34
6.64328e-33
5.91048e-32
1.39798e-31
2.29108e-31
2.42473e-31
1.81857e-31
1.08664e-31
5.62533e-32
2.62536e-32
1.11327e-32
4.28811e-33
1.50414e-33
4.81772e-34
1.40798e-34
3.74161e-35
9.01184e-36
1.96501e-36
3.88406e-37
6.98192e-38
1.14638e-38
1.72775e-39
2.40219e-40
3.09621e-41
3.71675e-42
4.17326e-43
4.40041e-44
4.37322e-45
4.11007e-46
3.66407e-47
3.10712e-48
2.51273e-49
1.94244e-50
1.43848e-51
1.02254e-52
6.98999e-54
4.60294e-55
2.92446e-56
1.79534e-57
1.06644e-58
6.13728e-60
3.42599e-61
1.8572e-62
9.7871e-64
4.80704e-65
-2.21119e-55
5.16611e-46
-2.84716e-41
3.26856e-37
1.15838e-34
6.48335e-33
1.47946e-31
1.15139e-30
2.47622e-30
3.80711e-30
3.7986e-30
2.69075e-30
1.52447e-30
7.52803e-31
3.37304e-31
1.38043e-31
5.15243e-32
1.75705e-32
5.48501e-33
1.56483e-33
4.06264e-34
9.56282e-35
2.03815e-35
3.93861e-36
6.92387e-37
1.11223e-37
1.64075e-38
2.23407e-39
2.82158e-40
3.32081e-41
3.65784e-42
3.78579e-43
3.69501e-44
3.41229e-45
2.99064e-46
2.49445e-47
1.98509e-48
1.51076e-49
1.10191e-50
7.71783e-52
5.20034e-53
3.37668e-54
2.11617e-55
1.28188e-56
7.51574e-58
4.27047e-59
2.35438e-60
1.26084e-61
6.56573e-63
3.19949e-64
-7.13478e-53
5.55154e-44
-1.66503e-39
1.327e-35
3.50569e-33
1.6102e-31
3.10874e-30
2.11715e-29
4.14498e-29
6.00082e-29
5.6572e-29
3.78941e-29
2.03782e-29
9.6117e-30
4.14136e-30
1.63855e-30
5.93631e-31
1.97128e-31
6.0069e-32
1.67516e-32
4.25356e-33
9.79301e-34
2.04145e-34
3.85873e-35
6.63637e-36
1.04327e-36
1.50679e-37
2.00968e-38
2.48757e-39
2.87091e-40
3.10266e-41
3.15238e-42
3.02208e-43
2.74265e-44
2.36341e-45
1.93915e-46
1.51873e-47
1.13801e-48
8.17589e-50
5.64276e-51
3.74802e-52
2.39989e-53
1.48366e-54
8.86857e-56
5.13261e-57
2.8796e-58
1.56801e-59
8.29594e-61
4.2691e-62
2.06353e-63
-2.18302e-50
5.64794e-42
-9.19188e-38
5.1046e-34
9.95864e-32
3.75422e-30
6.13368e-29
3.65697e-28
6.5257e-28
8.93545e-28
7.97892e-28
5.06061e-28
2.58607e-28
1.16679e-28
4.84341e-29
1.85627e-29
6.54014e-30
2.11879e-30
6.31327e-31
1.72357e-31
4.28539e-32
9.65896e-33
1.97069e-33
3.64536e-34
6.1359e-35
9.44289e-36
1.33561e-36
1.74532e-37
2.11769e-38
2.39706e-39
2.54214e-40
2.53597e-41
2.38826e-42
2.13029e-43
1.80517e-44
1.45715e-45
1.12327e-46
8.28806e-48
5.86572e-49
3.9896e-50
2.61249e-51
1.64973e-52
1.00617e-53
5.9354e-55
3.39099e-56
1.87863e-57
1.01042e-58
5.28177e-60
2.68611e-61
1.28763e-62
-6.30746e-48
5.41359e-40
-4.76734e-36
1.85367e-32
2.6406e-30
8.17092e-29
1.13001e-27
5.90058e-27
9.60945e-27
1.2511e-26
1.06113e-26
6.38144e-27
3.10266e-27
1.34138e-27
5.37617e-28
2.00041e-28
6.86923e-29
2.17573e-29
6.35175e-30
1.70042e-30
4.14522e-31
9.15546e-32
1.82952e-32
3.31363e-33
5.46099e-34
8.23002e-35
1.1403e-35
1.46029e-36
1.73724e-37
1.92901e-38
2.0079e-39
1.967e-40
1.82005e-41
1.59589e-42
1.33001e-43
1.05637e-44
8.01621e-46
5.82497e-47
4.06158e-48
2.72273e-49
1.75789e-50
1.09488e-51
6.58846e-53
3.83585e-54
2.16356e-55
1.1837e-56
6.28894e-58
3.24825e-59
1.63266e-60
7.7605e-62
-1.71285e-45
4.86113e-38
-2.31001e-34
6.32668e-31
6.49301e-29
1.64913e-27
1.93113e-26
8.8352e-26
1.31498e-25
1.63836e-25
1.32409e-25
7.56136e-26
3.50254e-26
1.45391e-26
5.64084e-27
2.04311e-27
6.85531e-28
2.12809e-28
6.10067e-29
1.60449e-29
3.84031e-30
8.32014e-31
1.62958e-31
2.8915e-32
4.66768e-33
6.89101e-34
9.35559e-35
1.17443e-35
1.37021e-36
1.49285e-37
1.52546e-38
1.4678e-39
1.33466e-40
1.15061e-41
9.43256e-43
7.37295e-44
5.50849e-45
3.94257e-46
2.70879e-47
1.78998e-48
1.1396e-49
7.00153e-51
4.1574e-52
2.38916e-53
1.33054e-54
7.18954e-56
3.7736e-57
1.92601e-58
9.56857e-60
4.50928e-61
-4.34814e-43
4.06197e-36
-1.03881e-32
2.01845e-29
1.46923e-27
3.06239e-26
3.03753e-25
1.21812e-24
1.6594e-24
1.99409e-24
1.54127e-24
8.37113e-25
3.69996e-25
1.47819e-25
5.56887e-26
1.96955e-26
6.47639e-27
1.97608e-27
5.57716e-28
1.44401e-28
3.39855e-29
7.23021e-30
1.38903e-30
2.4159e-31
3.8217e-32
5.529e-33
7.35767e-34
9.05647e-35
1.0365e-35
1.1083e-36
1.11205e-37
1.05121e-38
9.39536e-40
7.96532e-41
6.42449e-42
4.94291e-43
3.63658e-44
2.56412e-45
1.73621e-46
1.13111e-47
7.10221e-49
4.30492e-50
2.52269e-51
1.43117e-52
7.8705e-54
4.20072e-55
2.17843e-56
1.09881e-57
5.39628e-59
2.52104e-60
-1.02541e-40
3.13331e-34
-4.30024e-31
5.97677e-28
3.03134e-26
5.1828e-25
4.35635e-24
1.53184e-23
1.9132e-23
2.239e-23
1.66222e-23
8.60156e-24
3.63397e-24
1.40142e-24
5.14608e-25
1.78372e-25
5.76816e-26
1.7357e-26
4.83721e-27
1.23579e-27
2.86464e-28
5.99101e-29
1.12981e-29
1.92725e-30
2.98888e-31
4.23904e-32
5.5311e-33
6.67767e-34
7.49919e-35
7.87202e-36
7.758e-37
7.20658e-38
6.33257e-39
5.28087e-40
4.19159e-41
3.17506e-42
2.30078e-43
1.59848e-44
1.06691e-45
6.85393e-47
4.24512e-48
2.53901e-49
1.4686e-50
8.22614e-52
4.46786e-53
2.35575e-54
1.20718e-55
6.01838e-57
2.92202e-58
1.3532e-59
-2.23026e-38
2.20954e-32
-1.62094e-29
1.62678e-26
5.63906e-25
7.90146e-24
5.63125e-23
1.73674e-22
1.99261e-22
2.29816e-22
1.64742e-22
8.13813e-23
3.29328e-23
1.23047e-23
4.42475e-24
1.50974e-24
4.82114e-25
1.43642e-25
3.96641e-26
1.00242e-26
2.29255e-27
4.71854e-28
8.74158e-29
1.46329e-29
2.22581e-30
3.0959e-31
3.96219e-32
4.69344e-33
5.17369e-34
5.33327e-35
5.16404e-36
4.71536e-37
4.07493e-38
3.34354e-39
2.61237e-40
1.94873e-41
1.39123e-42
9.52629e-44
6.26898e-45
3.97206e-46
2.42726e-47
1.43278e-48
8.18158e-50
4.52559e-51
2.42796e-52
1.26488e-53
6.40583e-55
3.157e-56
1.51554e-57
6.95703e-59
-4.43613e-36
1.40727e-30
-5.47132e-28
4.01559e-25
9.32699e-24
1.06938e-22
6.46655e-22
1.74944e-21
1.84832e-21
2.13172e-21
1.48554e-21
7.0216e-22
2.72876e-22
9.92531e-23
3.51594e-23
1.1872e-23
3.7623e-24
1.11516e-24
3.06317e-25
7.67956e-26
1.73588e-26
3.52009e-27
6.41113e-28
1.05371e-28
1.57276e-29
2.14624e-30
2.69527e-31
3.13375e-32
3.39201e-33
3.43504e-34
3.26902e-35
2.93523e-36
2.49548e-37
2.01532e-38
1.55049e-39
1.13937e-40
8.01611e-42
5.41133e-43
3.51194e-44
2.19524e-45
1.32385e-46
7.7142e-48
4.34972e-49
2.37647e-50
1.25964e-51
6.48496e-53
3.24635e-54
1.58181e-55
7.50942e-57
3.41694e-58
-7.98939e-34
7.97154e-29
-1.59915e-26
8.81737e-24
1.34728e-22
1.26072e-21
6.47472e-21
1.53626e-20
1.49947e-20
1.76009e-20
1.20377e-20
5.45942e-21
2.04435e-21
7.28538e-22
2.56169e-22
8.61522e-23
2.7257e-23
8.08361e-24
2.21892e-24
5.5351e-25
1.2388e-25
2.47763e-26
4.43933e-27
7.16769e-28
1.05028e-28
1.40678e-29
1.73426e-30
1.98003e-31
2.1054e-32
2.09546e-33
1.96084e-34
1.732e-35
1.44925e-36
1.15242e-37
8.73374e-39
6.32461e-40
4.38667e-41
2.92035e-42
1.86975e-43
1.15336e-44
6.86596e-46
3.95053e-47
2.20013e-48
1.18755e-49
6.22028e-51
3.16533e-52
1.56658e-53
7.5484e-55
3.54439e-56
1.59867e-57
-1.28743e-31
3.93536e-27
-3.66704e-25
1.67425e-22
1.65932e-21
1.26236e-20
5.51397e-20
1.14649e-19
1.03874e-19
1.26681e-19
8.6312e-20
3.76885e-20
1.36586e-20
4.81138e-21
1.69597e-21
5.72517e-22
1.82172e-22
5.44373e-23
1.50109e-23
3.73747e-24
8.29627e-25
1.63808e-25
2.88924e-26
4.58497e-27
6.59855e-28
8.67934e-29
1.05087e-29
1.17875e-30
1.23192e-31
1.20565e-32
1.10989e-33
9.64915e-35
7.95025e-36
6.22777e-37
4.65137e-38
3.32078e-39
2.27156e-40
1.49194e-41
9.42689e-43
5.74047e-44
3.37444e-45
1.91775e-46
1.05519e-47
5.62848e-49
2.91409e-50
1.4661e-51
7.17534e-53
3.41963e-54
1.5885e-55
7.10262e-57
-1.82957e-29
1.64592e-25
-3.58822e-24
2.63444e-21
1.68394e-20
1.03628e-19
3.85896e-19
7.01482e-19
5.94706e-19
7.70813e-19
5.37522e-19
2.26752e-19
7.99867e-20
2.8204e-20
1.00968e-20
3.45342e-21
1.11544e-21
3.38772e-22
9.4397e-23
2.35328e-23
5.18864e-24
1.01216e-24
1.75827e-25
2.74366e-26
3.88011e-27
5.01453e-28
5.96652e-29
6.57922e-30
6.76241e-31
6.51189e-32
5.90116e-33
5.05255e-34
4.10163e-35
3.16692e-36
2.33228e-37
1.64244e-38
1.10858e-39
7.18657e-41
4.48324e-42
2.69615e-43
1.56561e-44
8.79153e-46
4.78075e-47
2.52083e-48
1.29044e-49
6.4205e-51
3.10818e-52
1.46549e-53
6.7362e-55
2.98608e-56
-2.25048e-27
5.5693e-24
2.61245e-22
3.21194e-20
1.33534e-19
6.63167e-19
2.11119e-18
3.33248e-18
2.68622e-18
3.7791e-18
2.85323e-18
1.16205e-18
4.01645e-19
1.44399e-19
5.34084e-20
1.8715e-20
6.21008e-21
1.93775e-21
5.49132e-22
1.37456e-22
3.01357e-23
5.81062e-24
9.94498e-25
1.52661e-25
2.12266e-26
2.69707e-27
3.15588e-28
3.42359e-29
3.46347e-30
3.28415e-31
2.93195e-32
2.47411e-33
1.98029e-34
1.50813e-35
1.09586e-36
7.61693e-38
5.07574e-39
3.2495e-40
2.00244e-41
1.18983e-42
6.82811e-44
3.79009e-45
2.0377e-46
1.06251e-47
5.37961e-49
2.64783e-50
1.26828e-51
5.91771e-53
2.69228e-54
1.18338e-55
-2.33066e-25
1.33278e-22
2.19334e-20
2.70743e-19
7.53482e-19
3.23042e-18
8.36514e-18
1.12021e-17
8.93581e-18
1.37469e-17
1.28434e-17
4.93542e-18
1.68066e-18
6.33564e-19
2.47583e-19
9.00261e-20
3.11931e-20
1.01354e-20
2.94003e-21
7.40436e-22
1.61476e-22
3.07768e-23
5.19087e-24
7.84219e-25
1.07277e-25
1.34121e-26
1.54473e-27
1.65021e-28
1.64476e-29
1.53725e-30
1.3533e-31
1.12654e-32
8.89821e-34
6.68955e-35
4.79987e-36
3.29521e-37
2.16939e-38
1.37243e-39
8.35904e-41
4.91015e-42
2.78613e-43
1.5294e-44
8.13314e-46
4.19537e-47
2.10175e-48
1.02372e-49
4.85328e-51
2.24168e-52
1.00973e-53
4.40147e-55
-1.92542e-23
-7.4291e-22
8.96055e-19
1.26656e-18
2.52691e-18
3.11824e-17
3.57063e-17
4.90129e-17
2.65174e-17
3.34324e-17
5.17072e-17
1.67428e-17
5.63168e-18
2.33135e-18
9.89951e-19
3.78914e-19
1.40361e-19
4.82704e-20
1.44092e-20
3.65272e-21
7.91884e-22
1.49132e-22
2.47889e-23
3.68771e-24
4.96731e-25
6.11721e-26
6.94331e-27
7.31357e-28
7.19077e-29
6.63272e-30
5.76478e-31
4.73937e-32
3.69817e-33
2.74727e-34
1.94828e-35
1.32223e-36
8.60677e-38
5.38445e-39
3.24359e-40
1.88471e-41
1.05802e-42
5.74665e-44
3.0242e-45
1.54397e-46
7.65644e-48
3.69201e-49
1.73303e-50
7.92674e-52
3.53617e-53
1.52901e-54
-1.07966e-21
-7.42459e-19
2.80269e-17
-4.8139e-17
4.48326e-16
1.37435e-15
8.51647e-15
1.18915e-14
6.29582e-15
1.57856e-15
2.11158e-16
4.03807e-17
1.4139e-17
7.03351e-18
3.34886e-18
1.37354e-18
5.63696e-19
2.08782e-19
6.42554e-20
1.6359e-20
3.51852e-21
6.54137e-22
1.07167e-22
1.57112e-23
2.08651e-24
2.53494e-25
2.8403e-26
2.95492e-27
2.87083e-28
2.61757e-29
2.24952e-30
1.82907e-31
1.41181e-32
1.03761e-33
7.28074e-35
4.88955e-36
3.14978e-37
1.95027e-38
1.16286e-39
6.68854e-41
3.71706e-42
1.99885e-43
1.04153e-44
5.26551e-46
2.58588e-47
1.23501e-48
5.7423e-50
2.6019e-51
1.14999e-52
4.93363e-54
-3.81889e-20
-1.45662e-16
1.13032e-14
-4.03753e-14
8.75069e-14
-4.72266e-12
1.4086e-12
1.86861e-12
9.40143e-13
1.56551e-13
2.19488e-17
2.13759e-17
2.39478e-17
1.713e-17
9.30442e-18
4.29976e-18
2.0364e-18
8.2014e-19
2.58673e-19
6.57328e-20
1.3977e-20
2.56216e-21
4.13895e-22
5.9885e-23
7.85697e-24
9.43889e-25
1.0465e-25
1.07786e-26
1.03708e-27
9.36672e-29
7.9747e-30
6.4241e-31
4.91274e-32
3.5772e-33
2.48678e-34
1.65451e-35
1.05587e-36
6.47661e-38
3.82561e-39
2.17984e-40
1.20011e-41
6.39355e-43
3.3006e-44
1.65326e-45
8.04479e-47
3.80724e-48
1.75425e-49
7.87769e-51
3.45096e-52
1.46938e-53
-1.41805e-14
6.11733e-14
4.90514e-13
-1.18459e-11
7.76127e-11
-6.62348e-09
1.26052e-10
2.78723e-10
1.32731e-10
2.0121e-11
1.00757e-14
1.06559e-16
4.43417e-17
3.38457e-17
1.95321e-17
1.45264e-17
6.91821e-18
2.93278e-18
9.28498e-19
2.32893e-19
4.87295e-20
8.8014e-21
1.40414e-21
2.01068e-22
2.61507e-23
3.11756e-24
3.43216e-25
3.51113e-26
3.35568e-27
3.01023e-28
2.54504e-29
2.03549e-30
1.54509e-31
1.11647e-32
7.70061e-34
5.08226e-35
3.2168e-36
1.95672e-37
1.14605e-38
6.47456e-40
3.534e-41
1.86651e-42
9.55255e-44
4.74357e-45
2.28836e-46
1.07369e-47
4.90501e-49
2.18396e-50
9.48658e-52
4.01024e-53
-5.76197e-12
3.32739e-11
-6.47529e-12
-4.95061e-09
1.5665e-08
-3.08045e-07
1.83272e-08
4.1806e-08
1.89217e-08
2.58941e-09
8.14363e-13
2.68825e-14
2.70363e-16
2.88207e-17
3.41306e-17
1.45682e-16
2.49232e-17
9.52363e-18
2.9023e-18
7.07686e-19
1.45146e-19
2.58747e-20
4.09488e-21
5.83588e-22
7.56797e-23
9.00296e-24
9.89136e-25
1.00953e-25
9.62076e-27
8.60024e-28
7.24117e-29
5.76385e-30
4.35189e-31
3.12627e-32
2.14271e-33
1.4047e-34
8.82876e-36
5.33132e-37
3.09914e-38
1.73744e-39
9.40949e-41
4.93046e-42
2.50324e-43
1.23309e-44
5.90082e-46
2.74639e-47
1.24457e-48
5.49707e-50
2.36873e-51
9.94482e-53
-2.02607e-08
5.15019e-07
-2.81564e-08
-1.2037e-07
1.37644e-06
5.64665e-05
0.00156426
0.00237327
0.000446713
1.44246e-07
5.96206e-11
1.91342e-12
4.25334e-14
-8.82243e-16
1.37444e-13
3.70493e-15
7.79453e-17
2.65859e-17
7.49678e-18
1.75819e-18
3.54655e-19
6.29718e-20
9.99529e-21
1.43324e-21
1.87142e-22
2.24019e-23
2.47339e-24
2.53287e-25
2.41807e-26
2.16218e-27
1.81857e-28
1.44434e-29
1.08701e-30
7.77695e-32
5.30472e-33
3.45895e-34
2.16126e-35
1.29693e-36
7.48958e-38
4.17011e-39
2.24253e-40
1.16661e-41
5.87969e-43
2.87491e-44
1.3655e-45
6.30772e-47
2.83696e-48
1.24361e-49
5.31851e-51
2.21847e-52
-4.91411e-05
0.000427526
-0.00251231
0.000480615
0.0344124
0.0740794
0.116362
0.128622
0.0811272
0.0238253
0.00131427
1.17573e-10
2.00176e-12
5.57712e-11
3.50937e-12
4.79834e-15
2.71024e-16
5.305e-17
1.40679e-17
3.27183e-18
6.69067e-19
1.21738e-19
1.98601e-20
2.92196e-21
3.89969e-22
4.75037e-23
5.31482e-24
5.49481e-25
5.27947e-26
4.73877e-27
3.99238e-28
3.1706e-29
2.38266e-30
1.70019e-31
1.15559e-32
7.50257e-34
4.6648e-35
2.78414e-36
1.59849e-37
8.84587e-39
4.72678e-40
2.44288e-41
1.22297e-42
5.93907e-44
2.80143e-45
1.28507e-46
5.73921e-48
2.49812e-49
1.06081e-50
4.39791e-52
-0.000266353
0.00218939
-0.0161232
0.0445092
0.230852
0.40575
0.521162
0.549131
0.412633
0.181931
0.0351051
0.000249737
1.83627e-08
6.65657e-10
4.09959e-12
6.47585e-14
7.27074e-16
-4.2605e-17
1.247e-17
3.94444e-18
9.13318e-19
1.82011e-19
3.18545e-20
4.94009e-21
6.85198e-22
8.5811e-23
9.79087e-24
1.02608e-24
9.9482e-26
8.97949e-27
7.58758e-28
6.0313e-29
4.52934e-30
3.22574e-31
2.18607e-32
1.41403e-33
8.75383e-35
5.19942e-36
2.96963e-37
1.63427e-38
8.68214e-40
4.46021e-41
2.21916e-42
1.07091e-43
5.01916e-45
2.28749e-46
1.01492e-47
4.38854e-49
1.85119e-50
7.63058e-52
0.0049065
-0.0162874
0.00712855
0.185221
0.488539
0.77542
0.910252
0.982618
0.865856
0.480203
0.135219
0.00755
1.2527e-07
1.52362e-09
1.97722e-11
1.58843e-13
-4.60117e-14
-1.57542e-15
1.52629e-17
4.04242e-18
1.02743e-18
2.30252e-19
4.39703e-20
7.22913e-21
1.0421e-21
1.3389e-22
1.55385e-23
1.64665e-24
1.60768e-25
1.45692e-26
1.23324e-27
9.8034e-29
7.35293e-30
5.22486e-31
3.53009e-32
2.27501e-33
1.40252e-34
8.29234e-36
4.71295e-37
2.58028e-38
1.36342e-39
6.96521e-41
3.44571e-42
1.6531e-43
7.70163e-45
3.48879e-46
1.53843e-47
6.61088e-49
2.77113e-50
1.13603e-51
0.00941484
-0.0297333
0.014723
0.299434
0.685879
0.947
1.00838
1.06771
1.04075
0.691607
0.243286
0.0244321
3.07932e-07
3.61495e-09
3.28899e-11
-1.46756e-11
-7.78346e-13
2.35349e-15
1.3367e-16
9.27095e-18
1.4521e-18
3.0213e-19
5.7906e-20
9.62718e-21
1.40059e-21
1.81116e-22
2.11067e-23
2.24185e-24
2.19055e-25
1.98438e-26
1.67749e-27
1.33072e-28
9.95393e-30
7.05041e-31
4.74624e-32
3.04663e-33
1.87021e-34
1.10076e-35
6.22652e-37
3.39215e-38
1.78327e-39
9.06228e-41
4.45899e-42
2.12744e-43
9.85577e-45
4.43901e-46
1.94603e-47
8.31295e-49
3.46369e-50
1.41252e-51
0.00830502
-0.0222302
-0.0112309
0.283002
0.73341
0.974028
0.991068
1.01569
0.998622
0.706768
0.268844
0.0325152
4.14541e-07
4.55191e-09
-2.51906e-09
-1.95923e-10
2.82354e-13
2.41655e-14
4.58373e-18
3.58023e-18
1.30493e-18
3.23756e-19
6.40321e-20
1.06953e-20
1.55484e-21
2.00666e-22
2.33294e-23
2.47152e-24
2.40827e-25
2.17516e-26
1.83299e-27
1.44923e-28
1.08023e-29
7.62296e-31
5.1117e-32
3.26786e-33
1.99748e-34
1.17047e-35
6.59048e-37
3.57338e-38
1.86934e-39
9.45178e-41
4.62653e-42
2.19565e-43
1.01165e-44
4.53113e-46
1.97517e-47
8.38881e-49
3.47483e-50
1.40976e-51
0.00253671
-0.00219124
-0.0346259
0.124171
0.527224
0.861433
0.982182
1.01489
0.935806
0.629063
0.233654
0.0278877
2.14264e-07
-2.57688e-07
-2.91015e-08
1.982e-11
2.7447e-12
-5.81348e-16
-3.55089e-17
6.24621e-19
9.51609e-19
2.63061e-19
5.30481e-20
8.8884e-21
1.29161e-21
1.66477e-22
1.93237e-23
2.04343e-24
1.98703e-25
1.79053e-26
1.50495e-27
1.18645e-28
8.8158e-30
6.19999e-31
4.14234e-32
2.63788e-33
1.60579e-34
9.36897e-36
5.25157e-37
2.83408e-38
1.47539e-39
7.4225e-41
3.61448e-42
1.70627e-43
7.81903e-45
3.48273e-46
1.50959e-47
6.37462e-49
2.62511e-50
1.05953e-51
-0.00125433
0.00600334
-0.0171786
-0.0258849
0.170956
0.525787
0.816175
0.845225
0.701099
0.42868
0.150864
0.0170296
-1.25718e-05
-3.26134e-06
-4.34403e-08
9.41031e-11
7.3678e-12
2.4461e-15
-1.10834e-17
-1.95704e-19
4.67365e-19
1.45906e-19
3.00306e-20
5.02414e-21
7.26361e-22
9.31833e-23
1.07741e-23
1.13546e-24
1.10058e-25
9.88553e-27
8.28123e-28
6.50589e-29
4.81642e-30
3.37424e-31
2.2453e-32
1.42381e-33
8.62941e-35
5.012e-36
2.79623e-37
1.50177e-38
7.77952e-40
3.89402e-41
1.88647e-42
8.85859e-44
4.0378e-45
1.78874e-46
7.71064e-48
3.23784e-49
1.32583e-50
5.32456e-52
0.000206665
-0.001473
0.00809313
-0.0205191
-0.0263925
0.124209
0.347611
0.435196
0.352424
0.167479
0.0389407
1.04221e-05
-6.15688e-05
-8.10502e-06
4.97128e-09
4.33779e-10
-2.36805e-13
-7.1844e-15
-2.23855e-18
8.96868e-19
2.84244e-19
5.59935e-20
9.29051e-21
1.39144e-21
1.90611e-22
2.38886e-23
2.7405e-24
2.88676e-25
2.80546e-26
2.5291e-27
2.12638e-28
1.67584e-29
1.24382e-30
8.73008e-32
5.81621e-33
3.6904e-34
2.23675e-35
1.2985e-36
7.23776e-38
3.88201e-39
2.00757e-40
1.00285e-41
4.84711e-43
2.27026e-44
1.03188e-45
4.55732e-47
1.95815e-48
8.19458e-50
3.34354e-51
1.33871e-52
-1.98665e-05
0.00018194
-0.00135665
0.00619748
-0.0108395
-0.0194735
0.0128992
0.0533012
0.050895
0.00697417
-0.00640561
-0.00212505
-0.000150785
5.07354e-07
4.31867e-08
-2.8866e-11
-1.54084e-12
-4.5128e-17
2.4435e-18
1.29158e-18
2.66925e-19
3.42058e-20
3.18556e-21
2.2222e-22
1.01917e-23
-1.85714e-26
-6.91753e-26
-9.86792e-27
-9.96949e-28
-8.45216e-29
-6.35661e-30
-4.35009e-31
-2.74559e-32
-1.60994e-33
-8.79887e-35
-4.48065e-36
-2.11609e-37
-9.16068e-39
-3.53999e-40
-1.1403e-41
-2.33928e-43
4.52242e-45
9.37085e-46
7.4939e-47
4.71603e-48
2.62314e-49
1.34523e-50
6.49268e-52
2.98413e-53
1.32495e-54
1.22739e-06
-1.34034e-05
0.000119726
-0.000693432
0.00190426
0.00156628
-0.0105238
-0.0268116
-0.0287477
-0.0119281
-0.00074871
0.000231697
5.93359e-05
1.39154e-06
-1.8545e-09
-1.69947e-10
3.60668e-14
1.4687e-15
3.97592e-17
5.84882e-18
7.03224e-19
7.20787e-20
6.47655e-21
5.23228e-22
3.89551e-23
2.73826e-24
1.85959e-25
1.24387e-26
8.29469e-28
5.53022e-29
3.66886e-30
2.40155e-31
1.53808e-32
9.57724e-34
5.77535e-35
3.3665e-36
1.89604e-37
1.03225e-38
5.43769e-40
2.77514e-41
1.37402e-42
6.60911e-44
3.09263e-45
1.40966e-46
6.26656e-48
2.71999e-49
1.15395e-50
4.78965e-52
1.94672e-53
7.80836e-55
-8.61641e-08
1.01088e-06
-9.85758e-06
6.41757e-05
-0.000208124
-0.000152853
0.00179191
0.00504761
0.00628991
0.00321989
0.000499999
-2.43052e-05
-9.50149e-06
-6.48041e-07
1.03635e-10
1.95944e-11
4.30098e-14
-1.00019e-17
-9.91213e-19
-1.61591e-19
-2.38177e-20
-2.83525e-21
-2.69367e-22
-1.97397e-23
-9.30925e-25
1.1463e-26
9.22101e-27
1.38894e-27
1.53267e-28
1.43905e-29
1.2115e-30
9.38141e-32
6.7813e-33
4.61965e-34
2.98584e-35
1.84014e-36
1.08557e-37
6.14975e-39
3.35433e-40
1.76559e-41
8.986e-43
4.42999e-44
2.11876e-45
9.84515e-47
4.4503e-48
1.95929e-49
8.41058e-51
3.52382e-52
1.44235e-53
5.81652e-55
)
;

boundaryField
{
    movingWall
    {
        type            zeroGradient;
    }
    fixedWalls
    {
        type            zeroGradient;
    }
    frontAndBack
    {
        type            empty;
    }
}

