/*--------------------------------*- C++ -*----------------------------------*\
| =========                 |                                                 |
| \\      /  F ield         | OpenFOAM: The Open Source CFD Toolbox           |
|  \\    /   O peration     | Version:  v2006                                 |
|   \\  /    A nd           | Website:  www.openfoam.com                      |
|    \\/     M anipulation  |                                                 |
\*---------------------------------------------------------------------------*/
FoamFile
{
    version     2.0;
    format      ascii;
    class       volScalarField;
    location    "0";
    object      f;
}
// * * * * * * * * * * * * * * * * * * * * * * * * * * * * * * * * * * * * * //

dimensions      [0 0 0 0 0 0 0];


internalField   nonuniform List<scalar> 
2500
(
-2.0484e-17
-2.04842e-17
-2.049e-17
-2.05502e-17
-2.08455e-17
-2.23598e-17
-2.40157e-17
-2.38104e-17
-2.60131e-17
-3.3535e-17
-4.5387e-17
-5.70265e-17
-4.24319e-17
2.32796e-17
1.23578e-16
2.12466e-16
2.59537e-16
2.36363e-16
1.20922e-16
-4.32301e-17
-1.34386e-16
-1.16692e-16
-3.34633e-17
9.68595e-17
1.7316e-16
1.36299e-16
4.09782e-17
-2.8141e-17
-3.87829e-17
-1.38128e-17
9.93759e-18
1.64503e-17
1.24463e-17
6.79035e-18
2.93767e-18
9.84774e-19
1.92201e-19
-4.95177e-20
-8.03153e-20
-5.32127e-20
-2.38104e-20
-5.60297e-21
2.49814e-21
4.61936e-21
4.10402e-21
2.86307e-21
1.72878e-21
9.34558e-22
4.57085e-22
2.01167e-22
-2.98635e-17
-2.98661e-17
-2.98745e-17
-2.99892e-17
-3.05504e-17
-3.55399e-17
-3.97624e-17
-3.77971e-17
-4.11431e-17
-5.92264e-17
-7.84003e-17
-1.14917e-16
-1.09139e-16
3.21045e-17
2.92355e-16
5.12132e-16
6.32009e-16
6.0925e-16
3.31555e-16
-8.8196e-17
-3.66536e-16
-2.8929e-16
-9.80825e-17
2.65504e-16
5.38914e-16
3.98635e-16
1.01168e-16
-1.00706e-16
-1.23588e-16
-4.21357e-17
3.01265e-17
4.46768e-17
2.96465e-17
1.40896e-17
5.34181e-18
1.58791e-18
2.8741e-19
-4.21747e-20
-6.21765e-20
-1.9104e-20
1.43116e-20
2.75837e-20
2.72814e-20
2.11796e-20
1.42136e-20
8.56138e-21
4.70681e-21
2.37576e-21
1.09751e-21
4.56876e-22
-4.10471e-17
-4.106e-17
-4.10721e-17
-4.12597e-17
-4.20438e-17
-5.94457e-17
-7.03156e-17
-6.35122e-17
-6.39109e-17
-1.24925e-16
-1.28479e-16
-2.16458e-16
-2.92551e-16
-4.2374e-18
7.60526e-16
1.39656e-15
1.5624e-15
1.53849e-15
7.97394e-16
-1.90439e-16
-1.11452e-15
-5.70779e-16
-2.28452e-16
2.03787e-15
2.29337e-15
1.17821e-15
2.10119e-16
-3.98092e-16
-4.19108e-16
-1.33081e-16
9.36668e-17
1.23812e-16
6.75612e-17
2.58433e-17
7.90286e-18
1.94335e-18
3.73695e-19
1.06503e-19
1.26914e-19
1.60187e-19
1.58485e-19
1.31538e-19
9.61344e-20
6.3529e-20
3.85189e-20
2.15943e-20
1.12238e-20
5.39533e-21
2.37496e-21
9.33758e-22
-5.28219e-17
-5.28717e-17
-5.29018e-17
-5.31312e-17
-5.32621e-17
-1.1231e-16
-1.3822e-16
-1.29513e-16
-9.42279e-17
-3.42781e-16
-2.05453e-16
-3.81794e-16
-8.18748e-16
-2.00539e-16
2.55598e-15
4.4979e-15
3.73104e-15
2.87242e-15
-5.3194e-16
-1.57914e-14
-4.28967e-15
3.43155e-15
2.73331e-14
2.19311e-14
1.01983e-14
2.55736e-15
-3.37436e-16
-2.70244e-15
-1.62264e-15
-4.06067e-16
3.35732e-16
3.76897e-16
1.44464e-16
3.68363e-17
7.12528e-18
1.38255e-18
8.34183e-19
9.14352e-19
8.82542e-19
7.4208e-19
5.65456e-19
3.98101e-19
2.60966e-19
1.59761e-19
9.14309e-20
4.889e-20
2.4355e-20
1.1221e-20
4.70386e-21
1.72655e-21
-6.29985e-17
-6.31488e-17
-6.32652e-17
-6.33651e-17
-5.9833e-17
-2.33994e-16
-2.79032e-16
-3.93046e-16
-1.24681e-16
-7.10473e-16
-4.52409e-15
-8.77928e-15
-1.96593e-15
3.77585e-15
1.38795e-14
9.43819e-15
6.33698e-15
-1.25289e-14
-2.04153e-13
-1.42892e-13
-1.00464e-14
2.03976e-13
1.74631e-13
7.59734e-14
2.05084e-14
-1.05668e-14
-3.07215e-14
-1.66786e-14
-4.79362e-15
-9.07667e-16
3.02546e-15
1.42865e-15
2.467e-16
1.25389e-17
-5.65017e-18
1.00226e-18
4.06358e-18
4.09247e-18
3.20496e-18
2.282e-18
1.5428e-18
9.98024e-19
6.15253e-19
3.59226e-19
1.97576e-19
1.01848e-19
4.88804e-20
2.1584e-20
8.5534e-21
2.85773e-21
-6.87153e-17
-6.90299e-17
-6.93385e-17
-6.90717e-17
-5.35553e-17
-4.18918e-16
-4.40364e-16
-1.65455e-15
1.87267e-14
8.81967e-15
-5.2715e-14
-7.15335e-14
8.63903e-14
2.19733e-13
1.15944e-13
-1.92297e-13
-5.57281e-13
-1.38893e-12
-9.74563e-13
-3.54157e-13
1.13169e-12
1.00293e-12
3.62669e-13
3.12038e-14
-5.60868e-13
-4.26245e-13
-1.80333e-13
-3.69305e-14
-2.86595e-15
4.42118e-14
2.36225e-14
3.95022e-15
-1.34838e-16
-1.86444e-16
-3.48604e-17
1.46759e-17
1.91604e-17
1.40758e-17
9.14146e-18
5.76284e-18
3.59733e-18
2.20658e-18
1.30927e-18
7.40791e-19
3.95493e-19
1.97545e-19
9.13973e-20
3.84921e-20
1.41951e-20
4.09242e-21
4.74754e-14
4.13184e-14
4.42151e-14
7.47952e-14
7.14984e-14
5.61978e-15
5.72711e-14
1.17503e-13
1.5314e-13
5.60188e-14
-1.89699e-13
-1.86448e-13
4.51251e-13
9.01968e-13
4.48203e-13
-3.58465e-12
-6.8936e-12
-7.03842e-12
-1.27934e-12
7.36112e-12
6.52456e-12
2.19936e-12
-3.50915e-12
-7.99241e-12
-5.22057e-12
-1.8696e-12
-3.65582e-13
2.38664e-13
5.83604e-13
3.02362e-13
5.85498e-14
-5.84232e-15
-3.96842e-15
-8.09553e-16
2.95282e-17
1.09507e-16
7.06777e-17
3.90419e-17
2.15921e-17
1.24079e-17
7.3627e-18
4.39249e-18
2.55711e-18
1.41976e-18
7.40701e-19
3.59124e-19
1.59676e-19
6.34689e-20
2.11408e-20
4.59607e-21
7.96554e-13
7.83255e-13
8.02029e-13
8.73498e-13
8.10212e-13
5.57915e-13
8.14976e-13
8.93203e-13
4.56439e-13
9.39987e-14
-3.02105e-13
-3.06668e-14
7.37545e-13
2.90729e-13
-1.06993e-11
-1.363e-11
-2.13275e-11
-1.61159e-11
4.78189e-11
4.30286e-11
1.64678e-11
-3.9423e-11
-6.74009e-11
-4.03391e-11
-1.21222e-11
-3.05794e-12
4.09271e-12
6.14329e-12
3.12088e-12
6.62775e-13
-9.44667e-14
-7.13105e-14
-1.61003e-14
-3.61167e-16
1.14687e-15
5.02438e-16
1.93284e-16
8.39437e-17
4.12535e-17
2.25697e-17
1.32567e-17
7.9456e-18
4.6379e-18
2.55686e-18
1.30897e-18
6.15003e-19
2.60783e-19
9.6013e-20
2.72064e-20
2.45436e-21
2.95745e-12
3.00098e-12
3.03928e-12
2.94349e-12
2.65039e-12
2.9561e-12
2.90418e-12
2.80599e-12
4.90552e-13
2.07987e-14
4.66088e-12
1.52264e-11
-7.54352e-12
-7.04419e-11
-7.50884e-11
-2.47007e-11
2.17939e-12
3.83164e-10
2.3549e-10
1.00114e-10
-2.43134e-10
-4.12002e-10
-2.33957e-10
-7.48631e-11
2.35329e-11
7.30403e-11
5.8596e-11
2.69848e-11
6.14662e-12
-1.16421e-12
-9.10686e-13
-2.35353e-13
-1.44985e-14
1.89006e-14
7.24188e-15
1.20625e-15
3.04313e-16
1.20131e-16
5.88643e-17
3.36109e-17
2.09649e-17
1.32333e-17
7.94496e-18
4.39171e-18
2.2059e-18
9.97506e-19
3.97746e-19
1.31312e-19
2.74481e-20
-5.68035e-21
6.63999e-12
6.87157e-12
6.95288e-12
6.11665e-12
5.46851e-12
8.4278e-12
5.936e-12
5.54862e-12
-1.09149e-12
1.29258e-11
7.02437e-11
7.91596e-11
-6.40646e-11
-2.79611e-10
-2.1239e-10
1.18989e-09
3.08717e-09
2.59061e-09
4.5972e-10
-2.38907e-09
-3.36234e-09
-1.53315e-09
-2.29474e-10
9.60541e-10
1.02836e-09
5.73102e-10
2.23278e-10
4.93608e-11
-1.5899e-11
-1.14484e-11
-2.86224e-12
-1.88655e-13
2.12069e-13
9.61881e-14
1.40776e-14
3.20681e-16
1.11102e-16
7.75897e-17
5.46888e-17
3.98075e-17
2.96415e-17
2.09634e-17
1.32548e-17
7.36095e-18
3.59597e-18
1.54183e-18
5.64822e-19
1.58093e-19
1.40818e-20
-2.39394e-20
1.09023e-11
1.14615e-11
1.16529e-11
9.22046e-12
8.25852e-12
1.77412e-11
8.40004e-12
5.82461e-12
2.88675e-12
6.22571e-11
2.40159e-10
1.82163e-10
-1.52919e-10
-3.64859e-10
2.40347e-09
8.8817e-09
1.36446e-08
7.48277e-09
-5.23588e-09
-1.45348e-08
-1.29502e-08
-2.65958e-09
9.93138e-09
8.00624e-09
4.20576e-09
1.59045e-09
3.78916e-10
-2.20608e-10
-1.54687e-10
-3.63462e-11
-2.03301e-12
1.89901e-12
9.40435e-13
1.71519e-13
-4.48711e-16
-7.75068e-16
-2.39977e-16
-2.56673e-17
2.67759e-17
3.80673e-17
3.98046e-17
3.36068e-17
2.25657e-17
1.24046e-17
5.76041e-18
2.28035e-18
7.41032e-19
1.59554e-19
-1.94703e-20
-5.34157e-20
1.3792e-11
1.46502e-11
1.49991e-11
1.08454e-11
9.65416e-12
2.78618e-11
9.18932e-12
-6.66276e-12
4.64877e-11
1.80031e-10
3.98663e-10
2.41102e-10
-5.68933e-10
4.73204e-09
1.45584e-08
2.44838e-08
2.32515e-08
1.03577e-08
-2.70267e-08
-3.10357e-08
-2.45254e-08
5.51477e-08
4.9062e-08
2.21389e-08
6.89623e-09
2.2017e-09
-3.18507e-09
-2.16357e-09
-4.96548e-10
-2.59778e-11
1.44754e-11
7.67081e-12
1.66426e-12
4.91702e-14
-4.49199e-15
-1.88411e-15
-3.7987e-16
-5.09271e-17
-3.5512e-19
2.67712e-17
5.46812e-17
5.88559e-17
4.1246e-17
2.15864e-17
9.13751e-18
3.20237e-18
8.80929e-19
1.25953e-19
-6.27258e-20
-8.0617e-20
1.3989e-11
1.48806e-11
1.52766e-11
1.08313e-11
9.49979e-12
1.54644e-11
-3.01854e-11
-3.34717e-11
5.89246e-11
5.57301e-10
-1.01817e-08
-1.33482e-08
-2.58388e-09
1.67562e-08
3.45042e-08
3.64399e-08
-5.37049e-08
-2.45405e-07
-7.76617e-08
3.85078e-08
3.20335e-07
3.1307e-07
9.99235e-08
2.50417e-08
-4.69668e-08
-6.25458e-08
-3.24444e-08
-7.06358e-09
-3.37692e-10
9.76153e-11
5.39703e-11
1.34547e-11
8.57247e-13
-3.39158e-14
-1.2832e-14
-1.74457e-15
4.32173e-16
1.37752e-16
-5.09339e-17
-2.56784e-17
7.75761e-17
1.20117e-16
8.39313e-17
3.9033e-17
1.40699e-17
4.0887e-18
9.12039e-19
1.05137e-19
-4.29501e-20
-4.9941e-20
-2.81239e-07
-2.81692e-07
-2.81636e-07
-2.78818e-07
-2.80245e-07
-2.88357e-07
-2.85942e-07
-2.67172e-07
-2.47404e-07
-3.02467e-07
-3.92625e-07
-3.2717e-07
-7.83844e-08
2.28655e-08
-1.8957e-08
-1.06323e-06
-2.15047e-06
-1.54362e-06
5.79299e-07
2.83512e-06
2.75673e-06
8.0279e-07
-4.96787e-07
-1.2167e-06
-9.49524e-07
-4.33515e-07
-1.07791e-07
-7.05017e-09
5.74019e-10
3.33371e-10
9.61575e-11
9.20236e-12
-3.18393e-13
-1.13175e-13
-1.48156e-14
9.47011e-15
4.47119e-15
4.3216e-16
-3.79888e-16
-2.39996e-16
1.11083e-16
3.04288e-16
1.93264e-16
7.06647e-17
1.91523e-17
4.05854e-18
8.311e-19
3.71875e-19
2.86379e-19
1.9164e-19
-1.68342e-06
-1.68329e-06
-1.6834e-06
-1.68361e-06
-1.6863e-06
-1.69058e-06
-1.66877e-06
-1.66538e-06
-1.75253e-06
-1.83011e-06
-1.70376e-06
-1.27379e-06
-5.06541e-07
-4.39947e-07
-3.46323e-06
-8.11801e-06
-9.25413e-06
-3.99199e-06
5.95186e-06
1.22743e-05
9.7357e-06
-8.10069e-08
-7.8313e-06
-6.72022e-06
-3.52237e-06
-1.18025e-06
-1.73511e-07
2.3482e-09
1.48496e-09
5.70277e-10
1.03356e-10
-1.42076e-12
-6.80418e-13
-8.32625e-14
9.93262e-14
5.16794e-14
9.47009e-15
-1.7446e-15
-1.88414e-15
-7.75101e-16
3.20653e-16
1.20618e-15
5.02399e-16
1.09489e-16
1.46661e-17
9.96161e-19
1.37874e-18
1.94107e-18
1.58661e-18
9.84071e-19
-4.39311e-06
-4.39015e-06
-4.39098e-06
-4.40758e-06
-4.40895e-06
-4.37732e-06
-4.31346e-06
-4.41517e-06
-4.82738e-06
-4.83577e-06
-3.90339e-06
-2.52219e-06
-1.93441e-06
-4.65893e-06
-1.44403e-05
-2.29363e-05
-2.12865e-05
-5.00456e-06
1.72391e-05
3.06843e-05
1.77445e-05
-3.06011e-05
-3.03182e-05
-1.66733e-05
-6.78455e-06
-1.85795e-06
-1.54103e-07
2.23635e-09
1.78067e-09
6.98265e-10
9.60636e-11
-5.62916e-13
2.47245e-13
1.0756e-12
5.51835e-13
9.9327e-14
-1.48152e-14
-1.28319e-14
-4.49204e-15
-4.48821e-16
1.40769e-14
7.2415e-15
1.14679e-15
2.95134e-17
-3.48691e-17
-5.6567e-18
7.12083e-18
7.90012e-18
5.34024e-18
2.93683e-18
-7.01446e-06
-7.0068e-06
-7.00878e-06
-7.05228e-06
-7.05128e-06
-6.94587e-06
-6.82951e-06
-7.12364e-06
-7.99572e-06
-7.87686e-06
-5.62155e-06
-2.93883e-06
-4.35751e-06
-1.40277e-05
-3.11308e-05
-3.54949e-05
-2.62009e-05
2.11422e-05
2.54339e-05
4.67693e-05
-0.000103692
-0.000146963
-5.78814e-05
-2.08159e-05
-7.35409e-06
-1.89325e-06
-9.35825e-08
2.41026e-09
1.78063e-09
7.10359e-10
1.22495e-10
1.92694e-12
5.33586e-12
4.104e-12
1.07561e-12
-8.3257e-14
-1.13173e-13
-3.39154e-14
4.91679e-14
1.71513e-13
9.61843e-14
1.88998e-14
-3.61148e-16
-8.09528e-16
-1.86445e-16
1.25319e-17
3.68309e-17
2.58399e-17
1.40878e-17
6.7894e-18
-5.70617e-06
-5.68734e-06
-5.68892e-06
-5.81457e-06
-5.8216e-06
-5.43869e-06
-5.1503e-06
-6.0513e-06
-7.89726e-06
-7.27688e-06
-5.47824e-07
6.44397e-06
-3.05366e-06
-2.82681e-05
-4.06819e-05
1.76398e-06
0.000236678
0.000198629
-0.000144932
-0.000824346
-0.00103696
-0.000330455
0.00100504
0.00257533
0.00354722
0.00355051
0.00288398
0.0018723
0.000945578
0.000338263
5.92978e-05
2.74355e-09
2.0135e-11
5.33597e-12
2.47271e-13
-6.80408e-13
-3.18387e-13
8.57218e-13
1.6642e-12
9.40402e-13
2.12061e-13
-1.44974e-14
-1.60995e-14
-3.96824e-15
-1.34842e-16
2.46685e-16
1.44456e-16
6.75569e-17
2.96444e-17
1.24453e-17
0.000209455
0.000209748
0.000209423
0.000207388
0.000208591
0.000216038
0.000215168
0.000194925
0.000181791
0.000222347
0.000289368
0.000261859
9.18673e-05
-3.88616e-05
0.000136772
0.000897793
0.00137496
0.000589942
-0.00211823
-0.00478107
-0.00422072
0.00190771
0.0138393
0.027617
0.0372676
0.0388101
0.0342882
0.0254113
0.0155835
0.00761363
0.00265721
0.000426427
2.74388e-09
1.92704e-12
-5.62926e-13
-1.4208e-12
9.20207e-12
1.34543e-11
7.67056e-12
1.89895e-12
-1.8864e-13
-2.35343e-13
-7.13075e-14
-5.84208e-15
3.95004e-15
1.42858e-15
3.76883e-16
1.23807e-16
4.46749e-17
1.64495e-17
0.00107322
0.00107425
0.00107245
0.00106545
0.0010726
0.00109872
0.00108553
0.00100568
0.000997541
0.00118164
0.00134969
0.00109723
0.000434629
0.000216732
0.0014788
0.00362612
0.00413188
0.00042429
-0.00742736
-0.0137618
-0.010281
0.0108707
0.0491821
0.0929648
0.12474
0.131699
0.118879
0.0910876
0.0584598
0.0304804
0.0119071
0.00265721
5.92979e-05
1.22493e-10
9.60605e-11
1.03354e-10
9.61549e-11
5.39687e-11
1.44749e-11
-2.03286e-12
-2.86213e-12
-9.10654e-13
-9.44633e-14
5.85478e-14
2.36217e-14
3.02534e-15
3.35728e-16
9.36653e-17
3.01258e-17
9.93726e-18
0.00279498
0.00279728
0.00279242
0.00277694
0.00279672
0.00285519
0.00281141
0.00262782
0.00264858
0.00311893
0.00341605
0.00261565
0.00111664
0.00121564
0.00447382
0.00882029
0.00866626
-0.000546174
-0.0170945
-0.0285166
-0.0178654
0.0297491
0.112843
0.207734
0.278253
0.296285
0.270569
0.210894
0.13841
0.0743743
0.0304804
0.00761363
0.000338263
7.10373e-10
6.98263e-10
5.70267e-10
3.33362e-10
9.76123e-11
-2.59765e-11
-3.63453e-11
-1.14481e-11
-1.16417e-12
6.62754e-13
3.02352e-13
4.42102e-14
-9.0763e-16
-4.06047e-16
-1.33075e-16
-4.21339e-17
-1.38123e-17
0.00517717
0.00518115
0.00517191
0.00514531
0.00518368
0.00528459
0.00519264
0.00486937
0.00495151
0.00583246
0.00624495
0.0045846
0.00207602
0.0027732
0.00901353
0.0160038
0.0143605
-0.00288176
-0.0306153
-0.0469724
-0.0253186
0.0577242
0.199543
0.361978
0.485321
0.520671
0.479818
0.378689
0.252448
0.13841
0.0584598
0.0155835
0.000945579
1.78068e-09
1.78069e-09
1.48494e-09
5.74004e-10
-3.37675e-10
-4.96536e-10
-1.54685e-10
-1.58988e-11
6.14644e-12
3.12079e-12
5.83584e-13
-2.86627e-15
-4.79347e-15
-1.62258e-15
-4.19096e-16
-1.23585e-16
-3.8782e-17
0.00741391
0.00741956
0.00740595
0.00736832
0.00742578
0.00756875
0.00742501
0.00696041
0.00712118
0.00842525
0.00890994
0.00635913
0.00277569
0.00429675
0.0137497
0.0232862
0.0194321
-0.00637978
-0.044716
-0.0647209
-0.0310704
0.0876894
0.288452
0.519975
0.699753
0.756668
0.703157
0.560891
0.378689
0.210894
0.0910876
0.0254113
0.0018723
2.41037e-09
2.23638e-09
2.34815e-09
-7.04978e-09
-7.0634e-09
-2.16353e-09
-2.20606e-10
4.93595e-11
2.69841e-11
6.1431e-12
2.3865e-13
-3.69286e-14
-1.66777e-14
-2.70233e-15
-3.98088e-16
-1.00706e-16
-2.8141e-17
0.00838991
0.00839666
0.00838062
0.0083357
0.00840419
0.00857495
0.00840013
0.00784243
0.00805213
0.00963079
0.0101741
0.00701238
0.0027685
0.00484609
0.0164709
0.027568
0.021974
-0.00960874
-0.0545836
-0.0764396
-0.0345543
0.107676
0.348924
0.630571
0.854532
0.932137
0.873261
0.703157
0.479818
0.270569
0.118879
0.0342882
0.00288398
-9.3576e-08
-1.54095e-07
-1.73505e-07
-1.07788e-07
-3.24436e-08
-3.18501e-09
3.7891e-10
2.23273e-10
5.85946e-11
4.09255e-12
-3.65563e-13
-1.80323e-13
-3.07197e-14
-3.3745e-16
2.10101e-16
1.01161e-16
4.09761e-17
0.00729524
0.00730234
0.00728714
0.00723989
0.00730535
0.00748475
0.0073182
0.00673653
0.00692143
0.00855788
0.00918219
0.00591696
0.00146096
0.00356489
0.0155761
0.0269293
0.021073
-0.0107303
-0.0561587
-0.0786978
-0.0370837
0.107963
0.3568
0.652938
0.895437
0.987011
0.932137
0.756668
0.520671
0.296285
0.131699
0.0388101
0.00355051
-1.8932e-06
-1.85791e-06
-1.18023e-06
-4.33506e-07
-6.25444e-08
2.20168e-09
1.59043e-09
5.73092e-10
7.30382e-11
-3.05781e-12
-1.86951e-12
-4.26221e-13
-1.05656e-14
2.55726e-15
1.17816e-15
3.98622e-16
1.36295e-16
0.00368844
0.00369456
0.00368495
0.00364416
0.00368578
0.00383851
0.00373982
0.0032577
0.00331554
0.00459965
0.00530386
0.00292877
-0.000853378
0.000160091
0.00934782
0.0192579
0.0164568
-0.00820521
-0.0469187
-0.0703474
-0.0410775
0.0791875
0.297979
0.568594
0.799106
0.895437
0.854532
0.699753
0.485321
0.278253
0.12474
0.0372676
0.00354722
-7.35397e-06
-6.78444e-06
-3.52231e-06
-9.49507e-07
-4.69654e-08
6.89617e-09
4.20571e-09
1.02834e-09
2.35318e-11
-1.21218e-11
-5.22035e-12
-5.60832e-13
2.05079e-14
1.01979e-14
2.29328e-15
5.38903e-16
1.73159e-16
-0.000521806
-0.000517845
-0.000519566
-0.000546004
-0.000538783
-0.000442814
-0.000445683
-0.0007231
-0.000835717
-0.000205639
0.000504784
-0.000327132
-0.00274174
-0.00342334
0.000655455
0.00781859
0.00976556
-0.00166652
-0.0277678
-0.0522991
-0.0447566
0.0286782
0.18242
0.385993
0.568594
0.652938
0.630571
0.519975
0.361978
0.207734
0.0929648
0.027617
0.00257533
-2.08156e-05
-1.66731e-05
-6.72013e-06
-1.21668e-06
2.50419e-08
2.21387e-08
8.00615e-09
9.60525e-10
-7.48611e-11
-4.03378e-11
-7.99205e-12
3.12194e-14
7.59729e-14
2.193e-14
2.03773e-15
2.65511e-16
9.68642e-17
-0.00296261
-0.00296124
-0.00295666
-0.00296596
-0.00298631
-0.0029579
-0.00288465
-0.00293792
-0.00316685
-0.00318892
-0.00263439
-0.00206087
-0.00293189
-0.0050175
-0.00570632
-0.0020701
0.00449086
0.00554852
-0.0071168
-0.0308913
-0.0437209
-0.0183402
0.0618743
0.18242
0.297979
0.3568
0.348924
0.288452
0.199543
0.112843
0.0491821
0.0138393
0.00100504
-5.7881e-05
-3.0318e-05
-7.83119e-06
-4.96773e-07
9.99225e-08
4.90615e-08
9.93126e-09
-2.29474e-10
-2.33953e-10
-6.73988e-11
-3.50884e-12
3.62667e-13
1.74628e-13
2.73313e-14
-2.28326e-16
-9.80334e-17
-3.34495e-17
-0.00280757
-0.002808
-0.00280155
-0.00279837
-0.00282762
-0.00284406
-0.00275299
-0.00266481
-0.00288057
-0.00323583
-0.00293053
-0.00187487
-0.0014509
-0.00371883
-0.00695445
-0.00607897
0.00150546
0.00946074
0.00680973
-0.0114012
-0.034371
-0.0403466
-0.0183402
0.0286782
0.0791875
0.107963
0.107676
0.0876894
0.0577242
0.0297491
0.0108707
0.00190771
-0.000330454
-0.000146963
-3.06009e-05
-8.09586e-08
8.02783e-07
3.13066e-07
5.5147e-08
-2.65954e-09
-1.53313e-09
-4.11993e-10
-3.94213e-11
2.19929e-12
1.00291e-12
2.03972e-13
3.43013e-15
-5.70278e-16
-2.89154e-16
-1.16667e-16
-0.000822534
-0.000824147
-0.000819906
-0.000809021
-0.000827921
-0.000870773
-0.000818816
-0.000674611
-0.000753038
-0.00117102
-0.00125607
-0.000300768
0.000613537
-0.000628283
-0.00380134
-0.00465249
0.000218726
0.00829379
0.0106166
0.00189881
-0.0162861
-0.034371
-0.0437209
-0.0447566
-0.0410775
-0.0370837
-0.0345543
-0.0310703
-0.0253186
-0.0178654
-0.010281
-0.00422072
-0.00103696
-0.000103692
1.77444e-05
9.73563e-06
2.75671e-06
3.20331e-07
-2.4525e-08
-1.295e-08
-3.36229e-09
-2.43127e-10
1.64672e-11
6.52434e-12
1.13167e-12
-1.00438e-14
-4.28933e-15
-1.11453e-15
-3.66532e-16
-1.34379e-16
0.000787135
0.00078583
0.00078592
0.000794645
0.000795047
0.000763821
0.000754695
0.000844005
0.000908598
0.000714105
0.000467599
0.0007001
0.00142398
0.00154291
0.000345912
-0.00111987
-0.000554986
0.00290956
0.00699413
0.00760097
0.00189881
-0.0114012
-0.0308913
-0.0522991
-0.0703474
-0.0786978
-0.0764396
-0.0647209
-0.0469724
-0.0285166
-0.0137618
-0.00478106
-0.000824344
4.6769e-05
3.0684e-05
1.22741e-05
2.83509e-06
3.85086e-08
-3.1035e-08
-1.45345e-08
-2.38903e-09
1.00111e-10
4.30272e-11
7.36089e-12
-3.54141e-13
-1.42886e-13
-1.57907e-14
-1.90448e-16
-8.81939e-17
-4.32253e-17
0.000775855
0.000775343
0.000772851
0.00077628
0.000787125
0.000776292
0.000738966
0.000755246
0.000863356
0.000894802
0.00065317
0.000374083
0.000590147
0.00145697
0.0019027
0.000850118
-0.00127868
-0.00194536
0.0010708
0.00699413
0.0106166
0.00680973
-0.0071168
-0.0277678
-0.0469187
-0.0561587
-0.0545836
-0.044716
-0.0306153
-0.0170945
-0.00742736
-0.00211824
-0.000144934
2.54335e-05
1.72389e-05
5.95178e-06
5.79291e-07
-7.76604e-08
-2.7026e-08
-5.23568e-09
4.59711e-10
2.35483e-10
4.78173e-11
-1.27931e-12
-9.74537e-13
-2.04147e-13
-5.3183e-16
7.974e-16
3.31559e-16
1.20925e-16
-0.000451138
-0.000450712
-0.000453826
-0.000456519
-0.000443052
-0.000431497
-0.000470622
-0.000518789
-0.000435574
-0.000272145
-0.000356818
-0.000794606
-0.000947328
-0.000245972
0.000703924
0.000408317
-0.00159262
-0.0032498
-0.00194535
0.00290956
0.00829378
0.00946073
0.00554852
-0.0016665
-0.00820519
-0.0107302
-0.00960874
-0.0063798
-0.00288178
-0.000546199
0.000424272
0.000589933
0.000198624
2.11412e-05
-5.00468e-06
-3.99201e-06
-1.54362e-06
-2.45401e-07
1.03582e-08
7.48286e-09
2.59056e-09
3.83145e-10
-1.61156e-11
-7.03827e-12
-1.38889e-12
-1.25279e-14
2.87248e-15
1.53851e-15
6.09257e-16
2.36366e-16
-0.00146991
-0.00146943
-0.00147147
-0.00147495
-0.00146613
-0.00145302
-0.00147571
-0.00151852
-0.00148557
-0.00136527
-0.00136015
-0.00157664
-0.0017567
-0.00159542
-0.00121804
-0.00112415
-0.00141234
-0.00159261
-0.00127867
-0.000554986
0.000218716
0.00150544
0.00449086
0.00976558
0.0164568
0.021073
0.021974
0.0194321
0.0143604
0.00866623
0.00413186
0.00137494
0.000236674
-2.62017e-05
-2.12868e-05
-9.2542e-06
-2.15047e-06
-5.37005e-08
2.3252e-08
1.36446e-08
3.08709e-09
2.16846e-12
-2.13281e-11
-6.89346e-12
-5.57245e-13
6.3372e-15
3.73116e-15
1.56243e-15
6.32018e-16
2.59543e-16
-0.00160125
-0.00160113
-0.00160259
-0.00160365
-0.00159761
-0.00159416
-0.00160934
-0.00162152
-0.00159506
-0.00156436
-0.0015818
-0.00161613
-0.00162066
-0.00170125
-0.00195974
-0.00198604
-0.00112415
0.000408322
0.000850124
-0.00111987
-0.0046525
-0.00607898
-0.0020701
0.00781861
0.019258
0.0269293
0.027568
0.0232862
0.0160038
0.00882026
0.0036261
0.000897782
1.76065e-06
-3.54962e-05
-2.29368e-05
-8.11815e-06
-1.06323e-06
3.64396e-08
2.44834e-08
8.88151e-09
1.18986e-09
-2.47004e-11
-1.36301e-11
-3.58468e-12
-1.92285e-13
9.43895e-15
4.49815e-15
1.39659e-15
5.12141e-16
2.12473e-16
-0.00135397
-0.00135411
-0.00135593
-0.00135514
-0.00134751
-0.00134998
-0.00137248
-0.0013696
-0.00131687
-0.00130816
-0.00139883
-0.00144293
-0.00131335
-0.00126598
-0.00162931
-0.00195974
-0.00121804
0.000703928
0.0019027
0.000345911
-0.00380135
-0.00695446
-0.00570632
0.000655476
0.00934786
0.0155762
0.0164709
0.0137497
0.0090135
0.00447379
0.00147878
0.000136763
-4.06843e-05
-3.11328e-05
-1.44412e-05
-3.4634e-06
-1.89536e-08
3.4505e-08
1.45585e-08
2.40353e-09
-2.12378e-10
-7.50856e-11
-1.06993e-11
4.48156e-13
1.15932e-13
1.38803e-14
2.55627e-15
7.60564e-16
2.9237e-16
1.23588e-16
-0.0013229
-0.00132297
-0.00132548
-0.00132497
-0.00131451
-0.0013154
-0.00134622
-0.00135177
-0.00127969
-0.00123513
-0.00135504
-0.00149238
-0.0013879
-0.00115999
-0.00126598
-0.00170125
-0.00159542
-0.000245969
0.00145698
0.00154291
-0.000628293
-0.00371884
-0.0050175
-0.00342332
0.000160124
0.00356491
0.0048461
0.00429673
0.00277316
0.00121561
0.000216705
-3.8868e-05
-2.82718e-05
-1.40298e-05
-4.65979e-06
-4.4011e-07
2.28657e-08
1.67563e-08
4.73221e-09
-3.64801e-10
-2.7959e-10
-7.04398e-11
2.90437e-13
9.01905e-13
2.19729e-13
3.77692e-15
-2.0048e-16
-4.1943e-18
3.21304e-17
2.32953e-17
-0.00147752
-0.00147737
-0.00148016
-0.00148091
-0.00146961
-0.00146567
-0.00149769
-0.00151775
-0.00144949
-0.00137229
-0.00146252
-0.0016532
-0.00164065
-0.0013879
-0.00131335
-0.00162066
-0.0017567
-0.000947324
0.000590153
0.00142398
0.000613527
-0.00145091
-0.00293189
-0.00274172
-0.000853346
0.00146099
0.0027685
0.00277567
0.00207599
0.0011166
0.000434603
9.18554e-05
-3.05659e-06
-4.35915e-06
-1.93513e-06
-5.06703e-07
-7.83861e-08
-2.58303e-09
-5.68842e-10
-1.52897e-10
-6.40593e-11
-7.54474e-12
7.37435e-13
4.51214e-13
8.63984e-14
-1.96466e-15
-8.18597e-16
-2.92499e-16
-1.09107e-16
-4.24124e-17
-0.0015032
-0.00150302
-0.00150548
-0.00150661
-0.00149648
-0.00149157
-0.0015193
-0.00154067
-0.00148514
-0.00141256
-0.00147446
-0.00163953
-0.00165319
-0.00149237
-0.00144293
-0.00161613
-0.00157664
-0.000794601
0.00037409
0.000700099
-0.000300778
-0.00187488
-0.00206087
-0.000327115
0.0029288
0.00591698
0.00701238
0.00635911
0.00458456
0.00261562
0.00109721
0.000261846
6.44134e-06
-2.93966e-06
-2.52276e-06
-1.274e-06
-3.27195e-07
-1.33441e-08
2.41083e-10
1.82147e-10
7.9153e-11
1.52252e-11
-3.07418e-14
-1.86432e-13
-7.15246e-14
-8.7782e-15
-3.81784e-16
-2.16427e-16
-1.14888e-16
-5.70064e-17
-0.00136835
-0.00136824
-0.00137036
-0.00137096
-0.00136227
-0.00135938
-0.0013835
-0.00139787
-0.00134824
-0.00129521
-0.00135661
-0.00147446
-0.00146252
-0.00135504
-0.00139883
-0.0015818
-0.00136015
-0.000356812
0.000653176
0.0004676
-0.00125608
-0.00293054
-0.0026344
0.000504804
0.0053039
0.00918221
0.0101741
0.00890992
0.00624491
0.00341601
0.00134966
0.000289355
-5.49732e-07
-5.62231e-06
-3.90386e-06
-1.70396e-06
-3.92661e-07
-1.01809e-08
3.98649e-10
2.40142e-10
7.02385e-11
4.66109e-12
-3.02044e-13
-1.89681e-13
-5.27185e-14
-4.52597e-15
-2.05424e-16
-1.28443e-16
-7.83718e-17
-4.53672e-17
-0.00129267
-0.00129262
-0.00129479
-0.00129499
-0.0012861
-0.00128462
-0.00130978
-0.00132061
-0.0012662
-0.00121874
-0.00129521
-0.00141256
-0.00137229
-0.00123512
-0.00130816
-0.00156436
-0.00136526
-0.00027214
0.000894808
0.000714106
-0.00117103
-0.00323584
-0.00318893
-0.00020562
0.00459968
0.0085579
0.00963079
0.00842523
0.00583242
0.00311889
0.00118162
0.000222335
-7.27858e-06
-7.87794e-06
-4.83636e-06
-1.83031e-06
-3.02492e-07
5.57221e-10
1.80024e-10
6.22621e-11
1.29286e-11
2.11127e-14
9.40602e-14
5.60254e-14
8.81888e-15
-7.10797e-16
-3.42821e-16
-1.249e-16
-5.92001e-17
-3.35156e-17
-0.00134851
-0.00134845
-0.00135082
-0.00135111
-0.00134138
-0.00133948
-0.00136702
-0.00137964
-0.00132027
-0.0012662
-0.00134824
-0.00148514
-0.00144949
-0.00127969
-0.00131687
-0.00159505
-0.00148557
-0.000435569
0.000863362
0.000908599
-0.000753048
-0.00288058
-0.00316685
-0.000835698
0.00331558
0.00692146
0.00805214
0.00712116
0.00495147
0.00264854
0.000997516
0.000181779
-7.89918e-06
-7.99706e-06
-4.82809e-06
-1.75275e-06
-2.4742e-07
5.89275e-11
4.64858e-11
2.88457e-12
-1.09196e-12
4.90611e-13
4.56522e-13
1.53171e-13
1.87287e-14
-1.24631e-16
-9.41866e-17
-6.38754e-17
-4.11155e-17
-2.59935e-17
-0.00140528
-0.00140519
-0.00140758
-0.00140809
-0.00139825
-0.00139555
-0.00142321
-0.00143814
-0.00137964
-0.00132061
-0.00139787
-0.00154067
-0.00151774
-0.00135177
-0.00136959
-0.00162152
-0.00151851
-0.000518784
0.000755252
0.000844005
-0.000674621
-0.00266483
-0.00293792
-0.000723081
0.00325773
0.00673655
0.00784243
0.00696039
0.00486934
0.00262778
0.00100566
0.000194913
-6.05347e-06
-7.12503e-06
-4.41593e-06
-1.66562e-06
-2.67191e-07
-3.34769e-11
-6.66702e-12
5.82221e-12
5.54741e-12
2.80584e-12
8.93249e-13
1.1753e-13
-1.65471e-15
-3.93071e-16
-1.29486e-16
-6.3478e-17
-3.7769e-17
-2.37905e-17
-0.00139133
-0.00139124
-0.00139355
-0.00139409
-0.00138458
-0.00138184
-0.00140849
-0.00142321
-0.00136702
-0.00130978
-0.0013835
-0.0015193
-0.00149769
-0.00134622
-0.00137248
-0.00160933
-0.00147571
-0.000470616
0.000738971
0.000754696
-0.000818826
-0.002753
-0.00288465
-0.000445664
0.00373985
0.00731823
0.00840013
0.00742499
0.0051926
0.00281138
0.0010855
0.000215155
-5.15244e-06
-6.83082e-06
-4.31418e-06
-1.66901e-06
-2.85964e-07
-3.00295e-11
9.19646e-12
8.40302e-12
5.93718e-12
2.90434e-12
8.14893e-13
5.72419e-14
-4.40737e-16
-2.79172e-16
-1.38226e-16
-7.02881e-17
-3.97354e-17
-2.39958e-17
-0.00136457
-0.00136449
-0.00136678
-0.00136723
-0.00135783
-0.00135542
-0.00138184
-0.00139555
-0.00133948
-0.00128462
-0.00135938
-0.00149157
-0.00146566
-0.0013154
-0.00134998
-0.00159416
-0.00145302
-0.000431491
0.000776298
0.000763822
-0.000870784
-0.00284407
-0.0029579
-0.000442795
0.00383854
0.00748477
0.00857495
0.00756873
0.00528455
0.00285516
0.00109869
0.000216026
-5.4406e-06
-6.94702e-06
-4.37796e-06
-1.69079e-06
-2.88379e-07
1.55787e-11
2.78705e-11
1.77454e-11
8.42914e-12
2.95629e-12
5.57829e-13
5.61114e-15
-4.19425e-16
-2.34161e-16
-1.12319e-16
-5.94188e-17
-3.55132e-17
-2.23401e-17
-0.00136703
-0.00136695
-0.00136926
-0.00136969
-0.00136018
-0.00135783
-0.00138458
-0.00139825
-0.00134138
-0.0012861
-0.00136227
-0.00149649
-0.00146961
-0.00131451
-0.00134751
-0.00159761
-0.00146612
-0.000443047
0.00078713
0.000795048
-0.000827932
-0.00282763
-0.00298632
-0.000538764
0.00368581
0.00730538
0.00840419
0.00742576
0.00518364
0.00279668
0.00107257
0.000208579
-5.82333e-06
-7.05229e-06
-4.40951e-06
-1.68649e-06
-2.80267e-07
9.50153e-12
9.65596e-12
8.25957e-12
5.469e-12
2.65056e-12
8.10239e-13
7.14917e-14
-5.345e-17
-5.97724e-17
-5.32122e-17
-4.20046e-17
-3.05214e-17
-2.08253e-17
-0.00137654
-0.00137646
-0.00137878
-0.00137924
-0.00136969
-0.00136723
-0.00139409
-0.00140809
-0.00135111
-0.00129499
-0.00137096
-0.00150661
-0.00148091
-0.00132497
-0.00135513
-0.00160365
-0.00147495
-0.000456514
0.000776286
0.000794646
-0.000809031
-0.00279838
-0.00296596
-0.000545985
0.00364419
0.00723991
0.00833571
0.0073683
0.00514527
0.00277691
0.00106543
0.000207376
-5.81628e-06
-7.05327e-06
-4.40812e-06
-1.68379e-06
-2.78841e-07
1.08311e-11
1.08452e-11
9.22059e-12
6.11696e-12
2.94371e-12
8.73566e-13
7.48002e-14
-6.90109e-17
-6.33074e-17
-5.3081e-17
-4.12197e-17
-2.99597e-17
-2.05297e-17
-0.00137609
-0.00137601
-0.00137832
-0.00137878
-0.00136926
-0.00136678
-0.00139355
-0.00140758
-0.00135082
-0.00129479
-0.00137036
-0.00150548
-0.00148016
-0.00132548
-0.00135593
-0.00160259
-0.00147147
-0.000453821
0.000772857
0.000785921
-0.000819917
-0.00280156
-0.00295666
-0.000519547
0.00368498
0.00728717
0.00838062
0.00740593
0.00517188
0.00279238
0.00107242
0.000209411
-5.69071e-06
-7.0098e-06
-4.39155e-06
-1.68359e-06
-2.81659e-07
1.52793e-11
1.50013e-11
1.16543e-11
6.95355e-12
3.03951e-12
8.02065e-13
4.42099e-14
-6.92782e-17
-6.32074e-17
-5.28514e-17
-4.10319e-17
-2.98449e-17
-2.04695e-17
-0.00137377
-0.00137369
-0.00137601
-0.00137646
-0.00136695
-0.00136449
-0.00139124
-0.00140519
-0.00134845
-0.00129262
-0.00136824
-0.00150302
-0.00147737
-0.00132297
-0.00135411
-0.00160113
-0.00146942
-0.000450707
0.000775349
0.000785831
-0.000824157
-0.00280802
-0.00296124
-0.000517826
0.0036946
0.00730237
0.00839666
0.00741954
0.00518111
0.00279725
0.00107423
0.000209736
-5.68915e-06
-7.00784e-06
-4.39072e-06
-1.68348e-06
-2.81714e-07
1.4884e-11
1.46535e-11
1.14633e-11
6.87231e-12
3.00119e-12
7.83266e-13
4.13087e-14
-6.89694e-17
-6.3091e-17
-5.28214e-17
-4.10199e-17
-2.98364e-17
-2.04637e-17
-0.00137386
-0.00137377
-0.00137609
-0.00137654
-0.00136703
-0.00136457
-0.00139133
-0.00140528
-0.00134851
-0.00129267
-0.00136835
-0.0015032
-0.00147752
-0.0013229
-0.00135397
-0.00160125
-0.00146991
-0.000451132
0.00077586
0.000787136
-0.000822544
-0.00280759
-0.00296261
-0.000521787
0.00368847
0.00729526
0.00838991
0.00741389
0.00517714
0.00279495
0.0010732
0.000209443
-5.70797e-06
-7.0155e-06
-4.39369e-06
-1.68361e-06
-2.81261e-07
1.39916e-11
1.37943e-11
1.09038e-11
6.64071e-12
2.9577e-12
7.96583e-13
4.7467e-14
-6.86565e-17
-6.29415e-17
-5.27718e-17
-4.1007e-17
-2.98339e-17
-2.04635e-17
)
;

boundaryField
{
    movingWall
    {
        type            zeroGradient;
    }
    fixedWalls
    {
        type            zeroGradient;
    }
    frontAndBack
    {
        type            empty;
    }
}

