/*--------------------------------*- C++ -*----------------------------------*\
| =========                 |                                                 |
| \\      /  F ield         | OpenFOAM: The Open Source CFD Toolbox           |
|  \\    /   O peration     | Version:  v2006                                 |
|   \\  /    A nd           | Website:  www.openfoam.com                      |
|    \\/     M anipulation  |                                                 |
\*---------------------------------------------------------------------------*/
FoamFile
{
    version     2.0;
    format      ascii;
    class       volScalarField;
    location    "0";
    object      f;
}
// * * * * * * * * * * * * * * * * * * * * * * * * * * * * * * * * * * * * * //

dimensions      [0 0 0 0 0 0 0];


internalField   nonuniform List<scalar> 
2500
(
-1.6104e-18
-1.61044e-18
-1.61141e-18
-1.60916e-18
-1.60777e-18
-1.62354e-18
-1.70143e-18
-1.85407e-18
-1.90046e-18
-1.5273e-18
-6.95781e-19
1.92945e-19
6.17022e-19
3.41048e-19
-4.21262e-19
-1.14666e-18
-1.35688e-18
-9.11383e-19
-5.39138e-20
7.27022e-19
1.00591e-18
7.32397e-19
2.27537e-19
-1.41948e-19
-2.36674e-19
-1.46725e-19
-2.84859e-20
3.24481e-20
3.61203e-20
1.55751e-20
-3.81743e-21
-1.34245e-20
-1.47322e-20
-1.18942e-20
-8.10228e-21
-4.90735e-21
-2.71347e-21
-1.39066e-21
-6.66743e-22
-3.00792e-22
-1.28166e-22
-5.17155e-23
-1.98124e-23
-7.2365e-24
-2.54187e-24
-8.74342e-25
-3.04563e-25
-1.12698e-25
-4.61135e-26
-2.08682e-26
-3.20496e-18
-3.20503e-18
-3.20894e-18
-3.20427e-18
-3.21166e-18
-3.26206e-18
-3.47151e-18
-3.93545e-18
-4.18204e-18
-3.21295e-18
-8.61901e-19
1.66559e-18
2.87978e-18
2.11182e-18
-1.10654e-19
-2.3789e-18
-3.31644e-18
-2.43738e-18
-2.61772e-19
1.93186e-18
2.80986e-18
2.03841e-18
5.29366e-19
-5.63063e-19
-7.95437e-19
-4.60795e-19
-6.63003e-20
1.23689e-19
1.28068e-19
6.11394e-20
1.55873e-21
-2.76164e-20
-3.28483e-20
-2.668e-20
-1.79426e-20
-1.06474e-20
-5.74242e-21
-2.85954e-21
-1.32633e-21
-5.75654e-22
-2.34238e-22
-8.93862e-23
-3.19936e-23
-1.07756e-23
-3.4653e-24
-1.1116e-24
-3.8977e-25
-1.64939e-25
-8.37765e-26
-4.61645e-26
-6.08569e-18
-6.08582e-18
-6.09995e-18
-6.09268e-18
-6.1538e-18
-6.31356e-18
-6.83299e-18
-8.16283e-18
-9.20257e-18
-6.78288e-18
-2.33751e-19
6.78294e-18
1.01941e-17
8.24771e-18
2.14573e-18
-4.53652e-18
-7.94728e-18
-6.52606e-18
-1.24221e-18
4.82426e-18
7.67175e-18
5.62094e-18
1.1714e-18
-2.02783e-18
-2.56509e-18
-1.37865e-18
-1.03141e-19
4.55536e-19
4.2853e-19
2.07547e-19
2.8142e-20
-5.5855e-20
-7.20836e-20
-5.83232e-20
-3.83797e-20
-2.21255e-20
-1.15339e-20
-5.52004e-21
-2.44147e-21
-9.98722e-22
-3.76225e-22
-1.29213e-22
-3.97653e-23
-1.06946e-23
-2.48109e-24
-5.83427e-25
-2.60908e-25
-2.09401e-25
-1.65242e-25
-1.12942e-25
-1.09873e-17
-1.09874e-17
-1.10338e-17
-1.10316e-17
-1.13183e-17
-1.17979e-17
-1.2941e-17
-1.64904e-17
-2.04332e-17
-1.47354e-17
3.29976e-18
2.22763e-17
3.15824e-17
2.70713e-17
1.12209e-17
-7.57509e-18
-1.88191e-17
-1.75357e-17
-5.36428e-18
1.1053e-17
2.05739e-17
1.56099e-17
2.62078e-18
-6.73363e-18
-7.91888e-18
-3.88625e-18
1.13925e-19
1.64118e-18
1.37366e-18
6.40002e-19
1.12893e-19
-1.15149e-19
-1.56806e-19
-1.24146e-19
-7.88763e-20
-4.36253e-20
-2.16708e-20
-9.78102e-21
-4.00902e-21
-1.47301e-21
-4.68691e-22
-1.17454e-22
-1.47928e-23
6.04674e-24
5.64672e-24
2.46567e-24
4.9122e-25
-2.62615e-25
-3.91185e-25
-3.05417e-25
-1.87795e-17
-1.87792e-17
-1.89176e-17
-1.89648e-17
-2.00181e-17
-2.13226e-17
-2.33482e-17
-3.19373e-17
-4.59366e-17
-3.38475e-17
1.53757e-17
6.56128e-17
9.04207e-17
8.09727e-17
4.19272e-17
-9.25175e-18
-4.47423e-17
-4.74009e-17
-2.09309e-17
2.19272e-17
5.44197e-17
4.45089e-17
6.73579e-18
-2.08863e-17
-2.34905e-17
-1.02416e-17
1.9905e-18
5.77869e-18
4.22915e-18
1.81235e-18
3.17659e-19
-2.56111e-19
-3.40435e-19
-2.56357e-19
-1.54197e-19
-8.02518e-20
-3.70532e-20
-1.51628e-20
-5.34558e-21
-1.47693e-21
-1.93127e-22
1.15073e-22
1.23119e-22
7.34004e-23
3.34523e-23
1.17527e-23
2.4566e-24
-5.91158e-25
-1.1164e-24
-8.76909e-25
-3.02187e-17
-3.02157e-17
-3.05883e-17
-3.08836e-17
-3.41397e-17
-3.72135e-17
-3.897e-17
-5.67628e-17
-1.03828e-16
-8.37825e-17
4.82892e-17
1.81024e-16
2.48345e-16
2.32539e-16
1.40603e-16
1.06814e-18
-1.10183e-16
-1.30299e-16
-7.34186e-17
3.2143e-17
1.41859e-16
1.33768e-16
2.21092e-17
-6.15594e-17
-6.78307e-17
-2.52312e-17
1.16861e-17
1.97779e-17
1.24174e-17
4.64341e-18
6.40256e-19
-6.42896e-19
-7.38676e-19
-5.08326e-19
-2.81106e-19
-1.33115e-19
-5.41184e-20
-1.78788e-20
-3.71019e-21
6.54202e-22
1.348e-21
1.0061e-21
5.67305e-22
2.67513e-22
1.06426e-22
3.34068e-23
5.60684e-24
-2.50652e-24
-3.47929e-24
-2.54887e-24
-4.54394e-17
-4.54252e-17
-4.6315e-17
-4.76636e-17
-5.63349e-17
-6.22461e-17
-5.50565e-17
-8.1764e-17
-2.30745e-16
-2.24898e-16
1.13992e-16
4.81093e-16
6.82984e-16
7.18599e-16
4.88382e-16
4.87782e-17
-3.15634e-16
-3.89383e-16
-2.24925e-16
1.39898e-17
3.93392e-16
4.61261e-16
8.56486e-17
-1.78698e-16
-1.96994e-16
-5.93956e-17
5.32039e-17
6.5693e-17
3.41549e-17
1.01722e-17
4.85483e-19
-1.78659e-18
-1.58197e-18
-9.44399e-19
-4.57505e-19
-1.82816e-19
-5.44082e-20
-4.92905e-21
8.79375e-21
9.2442e-21
6.3194e-21
3.54694e-21
1.72818e-21
7.37016e-22
2.67299e-22
7.32065e-23
5.91958e-24
-1.07665e-23
-1.08126e-23
-7.25424e-24
-6.31786e-17
-6.31224e-17
-6.49612e-17
-7.04239e-17
-9.01491e-17
-9.87042e-17
-4.44512e-17
-4.52724e-17
-5.82616e-16
-6.74787e-16
1.67272e-16
1.33597e-15
1.90604e-15
2.84084e-15
2.17133e-15
-1.23287e-15
-2.83862e-15
-1.63647e-15
-5.20494e-16
-2.87047e-17
4.11059e-15
2.18817e-15
2.90302e-16
-6.6416e-16
-6.35366e-16
-1.42449e-16
2.22797e-16
2.15301e-16
8.44753e-17
1.54581e-17
-3.38217e-18
-5.0591e-18
-3.21411e-18
-1.54801e-18
-5.89044e-19
-1.45097e-19
1.96172e-20
5.83652e-20
5.13322e-20
3.40991e-20
1.93548e-20
9.73715e-21
4.37345e-21
1.72722e-21
5.66419e-22
1.22521e-22
-1.51408e-23
-3.99493e-23
-3.20842e-23
-1.98546e-23
-7.99354e-17
-7.97551e-17
-8.29031e-17
-1.0344e-16
-1.38229e-16
-1.49075e-16
7.49933e-17
3.04772e-16
-6.58295e-15
-1.97112e-15
1.32094e-15
4.9493e-15
4.43399e-15
7.38535e-15
7.45469e-15
-5.21893e-14
-2.31591e-14
-6.26597e-15
4.97967e-14
6.20453e-14
3.48162e-14
6.95621e-15
-9.86912e-15
-6.33809e-15
-2.52922e-15
-3.38857e-16
1.29899e-15
7.31869e-16
1.63612e-16
-7.43974e-18
-2.25457e-17
-1.30718e-17
-5.60837e-18
-1.85172e-18
-2.8998e-19
2.27071e-19
3.11742e-19
2.50876e-19
1.64787e-19
9.50597e-20
4.93353e-20
2.3154e-20
9.7332e-21
3.54313e-21
1.00345e-21
1.1349e-22
-1.18315e-22
-1.29649e-22
-8.95945e-23
-5.18102e-23
-8.99514e-17
-8.95725e-17
-9.3691e-17
-1.56021e-16
-1.88493e-16
-2.36389e-16
2.31847e-15
-2.43553e-14
-4.58957e-14
2.62403e-14
8.4063e-14
1.7235e-14
1.68486e-15
-1.55211e-13
-4.67295e-13
-1.99782e-13
-4.26969e-14
5.59253e-13
6.49793e-13
3.48433e-13
9.40888e-14
-1.68201e-13
-1.10004e-13
-3.35831e-14
-6.51719e-15
1.65198e-14
9.68159e-15
2.07934e-15
5.32825e-17
-2.02216e-16
-8.43867e-17
-2.57326e-17
-5.86905e-18
1.19255e-19
1.53096e-18
1.51089e-18
1.12464e-18
7.28777e-19
4.26611e-19
2.28068e-19
1.11405e-19
4.93199e-20
1.93395e-20
6.30845e-21
1.34125e-21
-1.96907e-22
-4.70659e-22
-3.77191e-22
-2.34689e-22
-1.28367e-22
6.60831e-14
8.87059e-14
6.22266e-14
7.75456e-15
6.60582e-14
1.01489e-13
3.46226e-14
-1.85349e-13
-1.22135e-13
1.65648e-13
3.96459e-13
-3.30746e-15
-2.49241e-12
-4.10057e-12
-3.03052e-12
6.98253e-13
3.12425e-12
3.31566e-12
1.5881e-12
4.32659e-13
-2.14673e-12
-1.32908e-12
-2.96326e-13
-6.37998e-14
2.32878e-13
1.34439e-13
2.66461e-14
7.99272e-16
-3.97172e-15
-1.20329e-15
-1.74871e-16
-1.35255e-17
9.3203e-18
9.77808e-18
7.18219e-18
4.77793e-18
2.9899e-18
1.76033e-18
9.67075e-19
4.91111e-19
2.28012e-19
9.50027e-20
3.40568e-20
9.21729e-21
6.38682e-22
-1.48524e-21
-1.4772e-21
-1.00074e-21
-5.76577e-22
-3.01199e-22
1.12433e-12
1.14558e-12
1.00552e-12
8.35544e-13
1.05428e-12
8.38952e-13
1.70986e-13
-4.58056e-13
-4.60046e-16
3.02816e-13
3.13583e-14
-6.12652e-12
-1.31981e-11
-1.19053e-11
-7.04225e-12
2.12066e-11
1.5142e-11
6.95074e-12
-1.63061e-11
-2.78857e-11
-1.58636e-11
-3.31875e-12
1.2852e-12
3.80894e-12
1.8903e-12
3.42381e-13
-4.50433e-14
-8.94804e-14
-2.8395e-14
-2.55547e-15
3.41431e-16
1.63393e-16
7.19418e-17
3.58473e-17
1.97699e-17
1.14473e-17
6.65248e-18
3.74253e-18
1.98147e-18
9.66889e-19
4.26413e-19
1.64635e-19
5.12323e-20
8.73434e-21
-3.74298e-21
-5.36262e-21
-4.01742e-21
-2.44543e-21
-1.32812e-21
-6.67522e-22
4.09763e-12
3.85249e-12
3.60901e-12
4.1659e-12
3.72523e-12
2.2608e-12
4.37365e-13
2.95094e-13
9.10839e-12
4.98323e-13
-3.40116e-11
-2.80364e-11
-2.34852e-11
3.32818e-11
2.08657e-10
6.90734e-11
1.39234e-11
-2.59521e-10
-2.84929e-10
-1.32879e-10
-3.62263e-11
3.59243e-11
5.18067e-11
2.47715e-11
4.63286e-12
-1.15671e-12
-1.35449e-12
-4.54639e-13
-4.93235e-14
1.04615e-14
3.46057e-15
5.97977e-16
1.74612e-16
7.55907e-17
3.9572e-17
2.2417e-17
1.29089e-17
7.20228e-18
3.74195e-18
1.75969e-18
7.28271e-19
2.50532e-19
5.81541e-20
-5.04922e-21
-1.79431e-20
-1.51955e-20
-9.79685e-21
-5.52738e-21
-2.86282e-21
-1.39207e-21
8.57822e-12
7.56938e-12
7.6323e-12
1.07025e-11
6.63924e-12
2.37713e-12
1.37056e-11
4.89326e-11
4.87989e-11
-3.72872e-12
-1.35444e-10
-1.58013e-11
1.0249e-09
2.28684e-09
1.48232e-09
-7.26181e-11
-2.26399e-09
-2.14434e-09
-8.04265e-10
-1.42882e-10
6.04143e-10
4.93153e-10
2.29983e-10
5.13818e-11
-1.23526e-11
-1.62477e-11
-5.8161e-12
-7.23379e-13
1.48264e-13
5.78543e-14
6.86635e-15
1.96491e-16
1.30785e-16
9.34223e-17
6.06223e-17
3.74451e-17
2.25986e-17
1.29073e-17
6.65061e-18
2.98835e-18
1.12355e-18
3.11049e-19
1.92099e-20
-5.4633e-20
-5.4236e-20
-3.71118e-20
-2.16988e-20
-1.15467e-20
-5.74811e-21
-2.7159e-21
1.24152e-11
1.03272e-11
1.16289e-11
1.88854e-11
6.01194e-12
8.52335e-14
9.79815e-11
2.17883e-10
1.32237e-10
-1.24167e-11
-2.39976e-10
3.82948e-09
9.87314e-09
1.00119e-08
3.67815e-09
-8.09297e-09
-1.10788e-08
-4.83236e-09
1.63618e-09
7.01898e-09
4.7996e-09
1.81855e-09
4.11352e-10
-1.15305e-10
-1.81939e-10
-6.34615e-11
-8.52029e-12
1.62058e-12
6.91647e-13
9.43541e-14
-3.11454e-15
-9.21111e-16
-4.75385e-17
9.89272e-17
8.68285e-17
5.79666e-17
3.7441e-17
2.2412e-17
1.1443e-17
4.77475e-18
1.5088e-18
2.25802e-19
-1.4582e-19
-1.83206e-19
-1.33315e-19
-8.03505e-20
-4.36719e-20
-2.21467e-20
-1.06567e-20
-4.91129e-21
1.36955e-11
1.08016e-11
1.41877e-11
2.48326e-11
-5.64242e-12
3.48934e-11
2.44856e-10
4.31443e-10
2.00661e-10
-2.37712e-10
3.28578e-09
1.66572e-08
2.82783e-08
1.87096e-08
-2.13447e-08
-3.77607e-08
-2.03821e-08
9.63669e-09
5.48783e-08
3.4865e-08
1.11867e-08
2.8212e-09
-2.57224e-09
-2.49226e-09
-7.243e-10
-8.29071e-11
1.48347e-11
6.82242e-12
1.09965e-12
-2.92908e-14
-1.28143e-14
-2.08416e-15
8.68352e-17
2.4195e-16
1.49047e-16
8.68196e-17
6.06106e-17
3.9561e-17
1.97615e-17
7.17642e-18
1.52735e-18
-2.92106e-19
-5.90229e-19
-4.58134e-19
-2.81425e-19
-1.54353e-19
-7.89491e-20
-3.84125e-20
-1.79569e-20
-8.10829e-21
1.29598e-11
9.80038e-12
1.44692e-11
2.60236e-11
-2.56904e-11
6.1626e-11
4.50617e-10
-6.27659e-09
-7.79202e-09
-1.01228e-09
1.35342e-08
2.77793e-08
4.48729e-08
-1.2084e-07
-2.34794e-07
-7.97084e-08
2.88662e-07
4.68191e-07
1.95983e-07
6.0791e-08
-1.82632e-08
-6.84207e-08
-4.34913e-08
-1.07745e-08
-8.67933e-10
1.14103e-10
5.57878e-11
1.09563e-11
6.24256e-14
-4.39498e-14
-1.81592e-14
-7.43323e-16
1.60261e-15
7.86749e-16
2.41934e-16
9.8904e-17
9.33989e-17
7.55705e-17
3.58327e-17
9.76867e-18
1.13581e-19
-1.85497e-18
-1.5498e-18
-9.45337e-19
-5.08798e-19
-2.56585e-19
-1.24252e-19
-5.83708e-20
-2.67006e-20
-1.19029e-20
-2.95509e-07
-2.93917e-07
-2.98632e-07
-3.0596e-07
-2.79643e-07
-2.50127e-07
-3.25011e-07
-4.35495e-07
-3.45398e-07
-6.58381e-08
3.24795e-08
-2.49798e-07
-1.40039e-06
-2.36744e-06
-8.79746e-07
1.89454e-06
3.57712e-06
2.2479e-06
7.32464e-08
-1.30464e-06
-1.25401e-06
-6.43853e-07
-1.72489e-07
-1.40766e-08
7.32662e-10
3.77314e-10
8.92878e-11
4.23716e-12
-1.05725e-13
-4.47571e-14
9.09689e-15
1.71437e-14
8.0285e-15
1.60259e-15
8.6795e-17
-4.75798e-17
1.30748e-16
1.74578e-16
7.19186e-17
9.30649e-18
-5.87708e-18
-5.61292e-18
-3.21659e-18
-1.58326e-18
-7.39324e-19
-3.40747e-19
-1.56951e-19
-7.21481e-20
-3.28761e-20
-1.47438e-20
-2.06969e-06
-2.07107e-06
-2.0731e-06
-2.07426e-06
-2.06353e-06
-2.099e-06
-2.19919e-06
-2.0421e-06
-1.49202e-06
-8.10487e-07
-1.06236e-06
-5.23676e-06
-9.8771e-06
-9.10693e-06
-4.45889e-07
1.01596e-05
1.19962e-05
4.71579e-06
-9.08463e-06
-9.48592e-06
-5.55593e-06
-1.96921e-06
-3.07592e-07
3.27692e-09
1.75167e-09
5.68017e-10
7.04853e-11
-6.80932e-13
-2.24782e-13
1.14866e-13
1.46086e-13
7.58737e-14
1.71437e-14
-7.43384e-16
-2.08423e-15
-9.21169e-16
1.96441e-16
5.97913e-16
1.63357e-16
-1.35433e-17
-2.57426e-17
-1.30775e-17
-5.06225e-18
-1.78824e-18
-6.43725e-19
-2.56509e-19
-1.15332e-19
-5.59365e-20
-2.76513e-20
-1.34389e-20
-5.65262e-06
-5.66673e-06
-5.64392e-06
-5.60048e-06
-5.74264e-06
-6.04065e-06
-5.98269e-06
-4.81408e-06
-2.93184e-06
-3.79193e-06
-9.51314e-06
-1.95301e-05
-2.71221e-05
-1.58715e-05
1.30624e-05
2.73419e-05
2.02879e-05
-1.30406e-05
-3.76958e-05
-2.55195e-05
-1.14594e-05
-3.27904e-06
-2.88623e-07
2.1055e-09
1.62963e-09
5.93888e-10
6.16012e-11
-3.21886e-13
1.1426e-13
4.90609e-13
3.95971e-13
1.46086e-13
9.09688e-15
-1.81593e-14
-1.28144e-14
-3.11457e-15
6.86594e-15
3.46033e-15
3.41372e-16
-1.74886e-16
-8.43966e-17
-2.25522e-17
-3.38591e-18
4.83494e-19
6.39263e-19
3.17186e-19
1.12677e-19
2.8047e-20
1.51842e-21
-3.83392e-21
-8.93223e-06
-8.96362e-06
-8.88624e-06
-8.75749e-06
-9.18963e-06
-9.94167e-06
-9.5214e-06
-6.7466e-06
-3.16833e-06
-9.05095e-06
-2.76792e-05
-4.19815e-05
-3.91646e-05
2.20708e-06
6.71587e-05
4.71063e-05
-7.28779e-05
-0.000174965
-7.33655e-05
-3.13004e-05
-1.24567e-05
-3.36318e-06
-1.88208e-07
2.06081e-09
1.50264e-09
5.52492e-10
8.69531e-11
6.40391e-13
9.12077e-13
8.99161e-13
4.90614e-13
1.14864e-13
-4.47566e-14
-4.39507e-14
-2.92906e-14
9.43501e-14
5.78517e-14
1.04609e-14
-2.55538e-15
-1.20325e-15
-2.02222e-16
-7.44729e-18
1.54535e-17
1.01699e-17
4.64228e-18
1.81183e-18
6.39769e-19
2.07446e-19
6.10975e-20
1.55582e-20
-3.14083e-06
-3.2259e-06
-2.82192e-06
-2.25053e-06
-3.95458e-06
-6.73861e-06
-4.12574e-06
7.17015e-06
1.4798e-05
-8.64398e-06
-4.79586e-05
-5.80104e-05
0.000100911
0.000340072
0.000173847
-0.000718161
-0.00163608
-0.0010409
0.000834719
0.00406801
0.00701292
0.00796748
0.00709776
0.00504551
0.00280655
0.00114618
0.00027483
8.25384e-06
1.95799e-12
9.12088e-13
1.1426e-13
-2.24785e-13
-1.05723e-13
6.24133e-14
1.09961e-12
6.91622e-13
1.48258e-13
-4.93214e-14
-2.83937e-14
-3.97157e-15
5.32568e-17
1.63597e-16
8.44686e-17
3.41521e-17
1.24162e-17
4.22863e-18
1.37344e-18
4.28439e-19
1.28031e-19
3.61061e-20
0.000322611
0.000322182
0.00032805
0.000331878
0.000308008
0.000285261
0.000344288
0.000438027
0.000371331
0.000111477
-4.42857e-05
0.000462571
0.00150639
0.00164831
-0.000444281
-0.0044771
-0.00664572
-0.00282553
0.0112177
0.0323624
0.0518563
0.0603698
0.0572483
0.0451688
0.0293121
0.0151489
0.00570331
0.00112653
8.25386e-06
6.40405e-13
-3.21913e-13
-6.8092e-13
4.23693e-12
1.0956e-11
6.8222e-12
1.62052e-12
-7.23345e-13
-4.54619e-13
-8.94767e-14
7.9908e-16
2.07921e-15
7.31832e-16
2.15292e-16
6.56902e-17
1.97769e-17
5.77832e-18
1.64104e-18
4.55479e-19
1.23667e-19
3.24405e-20
0.00149156
0.00149093
0.00151097
0.00151694
0.00143355
0.0013882
0.00161491
0.00185881
0.00146638
0.000546029
0.000598536
0.002703
0.005198
0.00432292
-0.0028059
-0.0131715
-0.0168078
-0.00174253
0.0396394
0.0997596
0.156264
0.183505
0.177483
0.144538
0.0979987
0.0538571
0.0224204
0.00570331
0.000274831
8.69534e-11
6.15988e-11
7.04829e-11
8.92856e-11
5.57863e-11
1.48342e-11
-8.51989e-12
-5.81584e-12
-1.35444e-12
-4.50425e-14
2.66449e-14
9.68112e-15
1.29895e-15
2.22795e-16
5.32036e-17
1.16861e-17
1.99053e-18
1.13943e-19
-1.03132e-19
-6.62947e-20
-2.84821e-20
0.00368098
0.00368058
0.00372401
0.00372851
0.00354476
0.0034829
0.00401281
0.00445338
0.00337262
0.0014779
0.0021865
0.00720522
0.0117901
0.00802038
-0.00789156
-0.0277547
-0.0308239
0.00359585
0.0889343
0.210407
0.326034
0.385525
0.3772
0.312982
0.217387
0.123333
0.0538571
0.0151489
0.00114618
5.5251e-10
5.93897e-10
5.68012e-10
3.77307e-10
1.141e-10
-8.29034e-11
-6.34589e-11
-1.62471e-11
-1.15667e-12
3.4237e-13
1.34434e-13
1.65191e-14
-3.38828e-16
-1.42437e-16
-5.93913e-17
-2.52296e-17
-1.02409e-17
-3.88601e-18
-1.37855e-18
-4.60755e-19
-1.46707e-19
0.00643992
0.00644018
0.00651147
0.00651163
0.00620308
0.0061368
0.00706122
0.00768801
0.00567488
0.00260461
0.0044059
0.0133231
0.0201111
0.0118718
-0.0154617
-0.0453276
-0.0459229
0.0136719
0.151935
0.346562
0.534448
0.636868
0.628957
0.529719
0.37462
0.217387
0.0979987
0.0293121
0.00280655
1.5027e-09
1.62967e-09
1.75167e-09
7.32647e-10
-8.67893e-10
-7.24273e-10
-1.81933e-10
-1.23524e-11
4.63271e-12
1.89024e-12
2.3287e-13
-6.51699e-15
-2.52913e-15
-6.35345e-16
-1.96988e-16
-6.78284e-17
-2.34896e-17
-7.9185e-18
-2.56493e-18
-7.95368e-19
-2.36643e-19
0.00854579
0.00854645
0.0086416
0.00863858
0.00822058
0.0081521
0.00942845
0.0102198
0.00734153
0.00322888
0.00611702
0.0186916
0.0272532
0.0143556
-0.0232379
-0.0606628
-0.0577675
0.0248911
0.208665
0.466754
0.720439
0.867153
0.863988
0.737676
0.529719
0.312982
0.144538
0.0451688
0.00504551
2.06087e-09
2.10557e-09
3.27688e-09
-1.4076e-08
-1.07742e-08
-2.49219e-09
-1.15306e-10
5.13801e-11
2.47707e-11
3.8088e-12
-6.37979e-14
-3.35817e-14
-6.33778e-15
-6.64143e-16
-1.78696e-16
-6.15581e-17
-2.08857e-17
-6.73331e-18
-2.02767e-18
-5.62986e-19
-1.4191e-19
0.00871247
0.00871255
0.00881634
0.00881622
0.00835924
0.00827377
0.00968088
0.0105889
0.00737876
0.00266164
0.00604768
0.0203175
0.0297547
0.0145974
-0.027677
-0.0681473
-0.0632198
0.0298667
0.234415
0.523971
0.814748
0.993212
0.998641
0.863988
0.628957
0.3772
0.177483
0.0572483
0.00709776
-1.88198e-07
-2.8861e-07
-3.07582e-07
-1.72484e-07
-4.34902e-08
-2.5722e-09
4.11342e-10
2.29976e-10
5.18048e-11
1.2851e-12
-2.96309e-13
-1.09997e-13
-9.86847e-15
2.90276e-16
8.56407e-17
2.21076e-17
6.73564e-18
2.62089e-18
1.17151e-18
5.29435e-19
2.27577e-19
0.00594251
0.00593942
0.00603409
0.00605491
0.00563858
0.00548442
0.00676001
0.00778165
0.00495555
0.000368797
0.00294253
0.0160471
0.0255137
0.0126534
-0.02625
-0.0650415
-0.062546
0.0216041
0.214432
0.496283
0.788962
0.978721
0.993212
0.867153
0.636868
0.385525
0.183505
0.0603698
0.00796748
-3.36311e-06
-3.27897e-06
-1.96917e-06
-6.43839e-07
-6.8419e-08
2.82116e-09
1.81851e-09
4.93141e-10
3.59226e-11
-3.31855e-12
-1.32899e-12
-1.6819e-13
6.95576e-15
2.18803e-15
4.61244e-16
1.33765e-16
4.45087e-17
1.561e-17
5.62105e-18
2.03849e-18
7.32443e-19
0.00112736
0.00111991
0.00118094
0.00123087
0.000964535
0.000739382
0.00150947
0.00248349
0.00102541
-0.00241073
-0.00197686
0.00610908
0.0144167
0.00910592
-0.0159527
-0.0480477
-0.0555878
-0.00376504
0.138985
0.365727
0.614846
0.788962
0.814748
0.720439
0.534448
0.326034
0.156264
0.0518563
0.00701292
-1.24565e-05
-1.14592e-05
-5.55584e-06
-1.25398e-06
-1.82621e-08
1.11866e-08
4.79953e-09
6.04125e-10
-3.62246e-11
-1.58627e-11
-2.14658e-12
9.40835e-14
3.48139e-14
4.11034e-15
3.93406e-16
1.41865e-16
5.4422e-17
2.05748e-17
7.67209e-18
2.81001e-18
1.00598e-18
-0.0026743
-0.00268396
-0.00266549
-0.00260143
-0.00267507
-0.0029143
-0.00277573
-0.00202251
-0.00193728
-0.00363455
-0.00538327
-0.00358808
0.00241081
0.00623503
-0.00148084
-0.0235547
-0.0442571
-0.03235
0.0441164
0.190666
0.365727
0.496283
0.523971
0.466754
0.346562
0.210407
0.0997596
0.0323624
0.004068
-3.13e-05
-2.55192e-05
-9.48579e-06
-1.30461e-06
6.07907e-08
3.48647e-08
7.01889e-09
-1.42882e-10
-1.32875e-10
-2.78841e-11
4.32713e-13
3.48422e-13
6.20402e-14
-2.87067e-17
1.40344e-17
3.21639e-17
2.19351e-17
1.10556e-17
4.82513e-18
1.93216e-18
7.2714e-19
-0.00335343
-0.00336125
-0.00337568
-0.00332395
-0.00325227
-0.00342264
-0.0037203
-0.00337621
-0.00231182
-0.00242088
-0.00514877
-0.00766789
-0.00464145
0.00454966
0.00937402
-0.00236538
-0.0291171
-0.0457913
-0.0250151
0.0441164
0.138985
0.214432
0.234415
0.208665
0.151935
0.0889343
0.0396394
0.0112177
0.000834721
-7.33648e-05
-3.76953e-05
-9.08451e-06
7.32545e-08
1.95983e-07
5.48777e-08
1.63609e-09
-8.04244e-10
-2.84917e-10
-1.63045e-11
1.58809e-12
6.49768e-13
4.97904e-14
-5.20351e-16
-2.24835e-16
-7.33794e-17
-2.09166e-17
-5.35965e-18
-1.24076e-18
-2.61294e-19
-5.37381e-20
-0.00140717
-0.00140986
-0.0014371
-0.00142067
-0.00129585
-0.00132651
-0.00174074
-0.00184146
-0.000761789
0.000182165
-0.00166807
-0.00547002
-0.00515458
0.00290161
0.0117457
0.00862675
-0.011605
-0.0368367
-0.0457913
-0.03235
-0.00376505
0.0216041
0.0298667
0.0248911
0.0136719
0.00359587
-0.00174251
-0.00282552
-0.0010409
-0.000174964
-1.30404e-05
4.71576e-06
2.24788e-06
4.68187e-07
9.63611e-09
-4.83229e-09
-2.14429e-09
-2.59507e-10
6.95066e-12
3.31562e-12
5.59226e-13
-6.26607e-15
-1.63627e-15
-3.89281e-16
-1.30257e-16
-4.73856e-17
-1.75307e-17
-6.52443e-18
-2.43682e-18
-9.11169e-19
0.000786363
0.000788873
0.000770403
0.000752723
0.00083188
0.000915576
0.000693018
0.000360691
0.000708689
0.00171307
0.00159645
-0.000540408
-0.00203255
0.000664529
0.0066111
0.00915799
0.00301278
-0.011605
-0.0291171
-0.0442571
-0.0555878
-0.062546
-0.0632198
-0.0577675
-0.0459228
-0.0308239
-0.0168078
-0.00664571
-0.00163608
-7.28768e-05
2.02878e-05
1.19961e-05
3.57709e-06
2.88657e-07
-2.03818e-08
-1.10786e-08
-2.26393e-09
1.39257e-11
1.5142e-11
3.12417e-12
-4.27008e-14
-2.31604e-14
-2.83865e-15
-3.15578e-16
-1.1016e-16
-4.4734e-17
-1.88161e-17
-7.94611e-18
-3.31595e-18
-1.35666e-18
0.00107651
0.00108062
0.00107858
0.00105124
0.00105738
0.00115598
0.00118285
0.00091979
0.000694371
0.00109369
0.00199658
0.00205195
0.000455636
-0.00138642
-0.000539279
0.00407912
0.00915799
0.00862675
-0.00236539
-0.0235547
-0.0480477
-0.0650414
-0.0681473
-0.0606628
-0.0453276
-0.0277547
-0.0131715
-0.0044771
-0.00071816
4.71056e-05
2.73416e-05
1.01595e-05
1.89452e-06
-7.97068e-08
-3.77598e-08
-8.09277e-09
-7.26117e-11
6.90719e-11
2.12061e-11
6.98186e-13
-1.9978e-13
-5.21884e-14
-1.23282e-15
4.87719e-17
1.06653e-18
-9.25131e-18
-7.57425e-18
-4.53585e-18
-2.37848e-18
-1.14642e-18
-0.000200473
-0.000198032
-0.000187907
-0.000203183
-0.000250114
-0.000206056
-4.7757e-05
-8.82932e-05
-0.000540531
-0.000719919
0.000118247
0.00118882
0.000538346
-0.00207676
-0.00354175
-0.000539276
0.0066111
0.0117457
0.00937401
-0.00148084
-0.0159526
-0.02625
-0.027677
-0.0232379
-0.0154617
-0.00789158
-0.00280592
-0.000444292
0.000173843
6.71573e-05
1.30621e-05
-4.45936e-07
-8.79741e-07
-2.34789e-07
-2.13436e-08
3.67809e-09
1.48229e-09
2.08651e-10
-7.04212e-12
-3.03044e-12
-4.67279e-13
7.45475e-15
2.17135e-15
4.88385e-16
1.40604e-16
4.19288e-17
1.12222e-17
2.1466e-18
-1.10129e-19
-4.20974e-19
-0.00135108
-0.00135057
-0.00134019
-0.00134347
-0.0013871
-0.00138691
-0.00125795
-0.00120378
-0.00145263
-0.00174077
-0.00151758
-0.00086873
-0.000716862
-0.00143404
-0.00207676
-0.00138641
0.000664528
0.00290159
0.00454964
0.00623503
0.00910595
0.0126534
0.0145974
0.0143556
0.0118717
0.00802034
0.0043229
0.00164829
0.000340066
2.20584e-06
-1.58717e-05
-9.10695e-06
-2.36743e-06
-1.20835e-07
1.87093e-08
1.00118e-08
2.28679e-09
3.32784e-11
-1.19053e-11
-4.10046e-12
-1.55192e-13
7.38565e-15
2.84085e-15
7.18593e-16
2.32541e-16
8.09752e-17
2.70733e-17
8.24895e-18
2.11254e-18
3.41435e-19
-0.00146421
-0.00146347
-0.00145884
-0.00146328
-0.00148147
-0.00147163
-0.00142248
-0.00142257
-0.00149221
-0.00156
-0.00159678
-0.00168799
-0.00157652
-0.000716862
0.000538351
0.000455643
-0.00203255
-0.0051546
-0.00464146
0.00241082
0.0144167
0.0255138
0.0297547
0.0272532
0.0201111
0.0117901
0.00519798
0.00150638
0.000100906
-3.91658e-05
-2.71228e-05
-9.87723e-06
-1.40037e-06
4.48721e-08
2.8278e-08
9.87304e-09
1.02487e-09
-2.34853e-11
-1.3198e-11
-2.49235e-12
1.68799e-15
4.43416e-15
1.90606e-15
6.82988e-16
2.4835e-16
9.04253e-17
3.15856e-17
1.0196e-17
2.88083e-18
6.17569e-19
-0.0012221
-0.00122026
-0.00121757
-0.00123023
-0.00124022
-0.00120113
-0.0011631
-0.00124815
-0.00135199
-0.00123837
-0.00108998
-0.0013562
-0.001688
-0.000868731
0.00118882
0.00205196
-0.000540409
-0.00547003
-0.0076679
-0.00358807
0.00610911
0.0160471
0.0203176
0.0186915
0.013323
0.00720519
0.00270298
0.000462558
-5.80136e-05
-4.19836e-05
-1.9531e-05
-5.23696e-06
-2.49796e-07
2.77801e-08
1.66574e-08
3.82945e-09
-1.58105e-11
-2.80373e-11
-6.12639e-12
-3.27253e-15
1.72363e-14
4.94946e-15
1.336e-15
4.81106e-16
1.81035e-16
6.56212e-17
2.22816e-17
6.7859e-18
1.66713e-18
1.93709e-19
-0.00130723
-0.00130468
-0.001299
-0.00131568
-0.00133964
-0.00128618
-0.00120597
-0.00130618
-0.00153136
-0.00145976
-0.00108899
-0.00108998
-0.00159678
-0.00151758
0.00011825
0.00199659
0.00159645
-0.00166808
-0.00514878
-0.00538326
-0.00197683
0.00294256
0.0060477
0.00611701
0.00440587
0.00218646
0.000598505
-4.42974e-05
-4.79649e-05
-2.76822e-05
-9.51424e-06
-1.06257e-06
3.2481e-08
1.35351e-08
3.28609e-09
-2.39947e-10
-1.35441e-10
-3.40119e-11
3.13057e-14
3.96468e-13
8.40678e-14
1.3211e-15
1.67287e-16
1.14012e-16
4.83077e-17
1.53886e-17
3.30742e-18
-2.2963e-19
-8.59821e-19
-6.94777e-19
-0.00155628
-0.00155395
-0.00154549
-0.00156041
-0.00159501
-0.00155275
-0.00144463
-0.00150272
-0.00177192
-0.00181367
-0.00145975
-0.00123837
-0.00156
-0.00174077
-0.000719915
0.0010937
0.00171306
0.000182152
-0.00242089
-0.00363454
-0.0024107
0.000368833
0.00266166
0.00322887
0.00260458
0.00147785
0.000545996
0.00011146
-8.64867e-06
-9.05368e-06
-3.79298e-06
-8.10691e-07
-6.58347e-08
-1.01149e-09
-2.37579e-10
-1.24114e-11
-3.73355e-12
4.96964e-13
3.02819e-13
1.65663e-13
2.62435e-14
-1.97088e-15
-6.7469e-16
-2.24852e-16
-8.3754e-17
-3.38303e-17
-1.47257e-17
-6.77781e-18
-3.21042e-18
-1.52609e-18
-0.00153989
-0.00153811
-0.00153041
-0.00154161
-0.00157359
-0.00154298
-0.00144601
-0.00147704
-0.00169492
-0.00177192
-0.00153136
-0.00135198
-0.00149221
-0.00145263
-0.000540526
0.000694376
0.000708689
-0.000761802
-0.00231183
-0.00193728
0.00102544
0.00495558
0.00737877
0.00734152
0.00567484
0.00337257
0.00146635
0.000371313
1.47939e-05
-3.16944e-06
-2.93262e-06
-1.49228e-06
-3.45418e-07
-7.78792e-09
2.0064e-10
1.32226e-10
4.87968e-11
9.10829e-12
-4.1383e-16
-1.22138e-13
-4.58971e-14
-6.58266e-15
-5.82492e-16
-2.30693e-16
-1.03796e-16
-4.59178e-17
-2.04227e-17
-9.19703e-18
-4.17925e-18
-1.89911e-18
-0.001339
-0.00133736
-0.00133134
-0.0013419
-0.00136637
-0.0013363
-0.00126102
-0.00130058
-0.00147704
-0.00150272
-0.00130618
-0.00124815
-0.00142257
-0.00120378
-8.82884e-05
0.000919797
0.00036069
-0.00184147
-0.00337622
-0.00202251
0.00248352
0.00778169
0.0105889
0.0102198
0.00768798
0.00445334
0.00185877
0.000438009
7.16686e-06
-6.74757e-06
-4.81471e-06
-2.04235e-06
-4.35534e-07
-6.27486e-09
4.31483e-10
2.17889e-10
4.89331e-11
2.94991e-13
-4.58097e-13
-1.85362e-13
-2.43578e-14
3.04778e-16
-4.52275e-17
-8.17214e-17
-5.67331e-17
-3.1919e-17
-1.64799e-17
-8.15715e-18
-3.93253e-18
-1.85263e-18
-0.00128688
-0.00128494
-0.00127915
-0.00129156
-0.00131542
-0.00127861
-0.00120307
-0.00126102
-0.00144601
-0.00144463
-0.00120597
-0.0011631
-0.00142248
-0.00125795
-4.77521e-05
0.00118286
0.000693017
-0.00174075
-0.00372031
-0.00277573
0.0015095
0.00676004
0.0096809
0.00942845
0.00706119
0.00401277
0.00161487
0.00034427
-4.12851e-06
-9.52262e-06
-5.98336e-06
-2.19942e-06
-3.25041e-07
4.50524e-10
2.44849e-10
9.79874e-11
1.37075e-11
4.37424e-13
1.7098e-13
3.46088e-14
2.31636e-15
7.5001e-17
-4.44015e-17
-5.50124e-17
-3.89398e-17
-2.33296e-17
-1.29302e-17
-6.82711e-18
-3.46846e-18
-1.69992e-18
-0.00137
-0.00136798
-0.00136148
-0.00137453
-0.0014013
-0.00136306
-0.00127861
-0.0013363
-0.00154298
-0.00155275
-0.00128618
-0.00120113
-0.00147163
-0.00138691
-0.000206051
0.00115599
0.000915575
-0.00132652
-0.00342265
-0.0029143
0.00073941
0.00548445
0.00827379
0.00815209
0.00613676
0.00348286
0.00138817
0.000285244
-6.74165e-06
-9.94327e-06
-6.04148e-06
-2.09924e-06
-2.50143e-07
6.15855e-11
3.48624e-11
7.89542e-14
2.37522e-12
2.26082e-12
8.39049e-13
1.01492e-13
-2.3621e-16
-1.48984e-16
-9.86391e-17
-6.21998e-17
-3.71828e-17
-2.13035e-17
-1.17868e-17
-6.30751e-18
-3.25891e-18
-1.62199e-18
-0.00140586
-0.00140392
-0.00139723
-0.00140966
-0.0014372
-0.0014013
-0.00131542
-0.00136637
-0.00157359
-0.00159501
-0.00133964
-0.00124022
-0.00148147
-0.0013871
-0.000250109
0.00105738
0.000831879
-0.00129587
-0.00325229
-0.00267506
0.000964564
0.00563861
0.00835926
0.00822057
0.00620304
0.00354472
0.00143352
0.000307991
-3.95806e-06
-9.19149e-06
-5.74362e-06
-2.06382e-06
-2.79656e-07
-2.56999e-11
-5.64641e-12
6.00954e-12
6.63959e-12
3.72559e-12
1.05438e-12
6.6069e-14
-1.88431e-16
-1.38158e-16
-9.00893e-17
-5.62905e-17
-3.41095e-17
-1.99991e-17
-1.13072e-17
-6.14773e-18
-3.2085e-18
-1.6062e-18
-0.00137928
-0.00137739
-0.00137092
-0.00138306
-0.00140966
-0.00137453
-0.00129156
-0.0013419
-0.00154161
-0.00156041
-0.00131568
-0.00123023
-0.00146328
-0.00134347
-0.000203178
0.00105125
0.000752722
-0.00142068
-0.00332397
-0.00260142
0.0012309
0.00605495
0.00881624
0.00863858
0.0065116
0.00372847
0.00151691
0.000331861
-2.25403e-06
-8.7593e-06
-5.60146e-06
-2.07456e-06
-3.05976e-07
2.60455e-11
2.48453e-11
1.88898e-11
1.07036e-11
4.16603e-12
8.35497e-13
7.74425e-15
-1.56088e-16
-1.03383e-16
-7.03616e-17
-4.76173e-17
-3.08527e-17
-1.89457e-17
-1.10205e-17
-6.0866e-18
-3.2011e-18
-1.60759e-18
-0.00136694
-0.00136502
-0.00135862
-0.00137092
-0.00139723
-0.00136148
-0.00127915
-0.00133134
-0.00153041
-0.00154549
-0.001299
-0.00121757
-0.00145884
-0.00134019
-0.000187902
0.00107859
0.000770402
-0.00143711
-0.0033757
-0.00266548
0.00118097
0.00603412
0.00881636
0.00864159
0.00651144
0.00372397
0.00151093
0.000328034
-2.82512e-06
-8.88777e-06
-5.64474e-06
-2.07336e-06
-2.98653e-07
1.44717e-11
1.41914e-11
1.16318e-11
7.63351e-12
3.60928e-12
1.00549e-12
6.22039e-14
-9.36064e-17
-8.28252e-17
-6.48978e-17
-4.62688e-17
-3.05575e-17
-1.88985e-17
-1.10227e-17
-6.09387e-18
-3.20577e-18
-1.60984e-18
-0.00137341
-0.00137148
-0.00136502
-0.00137739
-0.00140392
-0.00136798
-0.00128494
-0.00133736
-0.00153811
-0.00155395
-0.00130467
-0.00122025
-0.00146347
-0.00135057
-0.000198027
0.00108063
0.000788872
-0.00140987
-0.00336126
-0.00268396
0.00111994
0.00593946
0.00871257
0.00854644
0.00644015
0.00368054
0.0014909
0.000322165
-3.22884e-06
-8.96493e-06
-5.66744e-06
-2.07131e-06
-2.93943e-07
9.79972e-12
1.08014e-11
1.03275e-11
7.56997e-12
3.8528e-12
1.14564e-12
8.86958e-14
-8.94914e-17
-7.9678e-17
-6.30589e-17
-4.53789e-17
-3.01848e-17
-1.876e-17
-1.09763e-17
-6.07974e-18
-3.20186e-18
-1.60887e-18
-0.00137533
-0.00137341
-0.00136694
-0.00137928
-0.00140586
-0.00137
-0.00128688
-0.001339
-0.00153989
-0.00155628
-0.00130723
-0.0012221
-0.00146421
-0.00135108
-0.000200468
0.00107652
0.000786362
-0.00140718
-0.00335345
-0.00267429
0.00112739
0.00594255
0.00871248
0.00854579
0.00643989
0.00368094
0.00149153
0.000322594
-3.14377e-06
-8.93353e-06
-5.65332e-06
-2.06993e-06
-2.95536e-07
1.29599e-11
1.36963e-11
1.24162e-11
8.57899e-12
4.09796e-12
1.12437e-12
6.60724e-14
-8.98704e-17
-7.98583e-17
-6.31152e-17
-4.53931e-17
-3.01878e-17
-1.87604e-17
-1.09762e-17
-6.07961e-18
-3.20179e-18
-1.60884e-18
)
;

boundaryField
{
    movingWall
    {
        type            zeroGradient;
    }
    fixedWalls
    {
        type            zeroGradient;
    }
    frontAndBack
    {
        type            empty;
    }
}

