/*--------------------------------*- C++ -*----------------------------------*\
| =========                 |                                                 |
| \\      /  F ield         | OpenFOAM: The Open Source CFD Toolbox           |
|  \\    /   O peration     | Version:  v2006                                 |
|   \\  /    A nd           | Website:  www.openfoam.com                      |
|    \\/     M anipulation  |                                                 |
\*---------------------------------------------------------------------------*/
FoamFile
{
    version     2.0;
    format      ascii;
    class       volScalarField;
    location    "0";
    object      f;
}
// * * * * * * * * * * * * * * * * * * * * * * * * * * * * * * * * * * * * * //

dimensions      [0 0 0 0 0 0 0];


internalField   nonuniform List<scalar> 
2500
(
-6.08732e-19
-6.08747e-19
-6.08745e-19
-6.07285e-19
-6.0559e-19
-6.13942e-19
-6.41343e-19
-6.60715e-19
-6.06294e-19
-4.4388e-19
-2.37652e-19
-1.12154e-19
-1.43208e-19
-2.89005e-19
-4.21246e-19
-4.21226e-19
-2.61379e-19
-1.9474e-20
1.76112e-19
2.37425e-19
1.72497e-19
6.05318e-20
-1.9883e-20
-4.16805e-20
-2.5523e-20
-4.0373e-21
5.80339e-21
4.64966e-21
-4.44103e-22
-4.38569e-21
-5.74977e-21
-5.21243e-21
-3.88414e-21
-2.53553e-21
-1.49722e-21
-8.14874e-22
-4.13667e-22
-1.97429e-22
-8.90733e-23
-3.81377e-23
-1.55432e-23
-6.04627e-24
-2.2521e-24
-8.0709e-25
-2.80551e-25
-9.58961e-26
-3.29217e-26
-1.16626e-26
-4.36705e-27
-1.74195e-27
-1.31895e-18
-1.319e-18
-1.31935e-18
-1.3148e-18
-1.30951e-18
-1.33303e-18
-1.42089e-18
-1.50239e-18
-1.36639e-18
-8.88052e-19
-2.65349e-19
1.06547e-19
-1.60009e-20
-5.152e-19
-1.00481e-18
-1.11407e-18
-7.33565e-19
-6.22226e-20
5.21412e-19
7.19331e-19
5.22799e-19
1.69661e-19
-8.42706e-20
-1.4695e-19
-8.57002e-20
-1.00379e-20
2.39798e-20
2.05651e-20
4.20867e-21
-8.50102e-21
-1.33168e-20
-1.24742e-20
-9.30652e-21
-6.01345e-21
-3.49626e-21
-1.86783e-21
-9.2858e-22
-4.33047e-22
-1.90433e-22
-7.92425e-23
-3.12833e-23
-1.17477e-23
-4.21362e-24
-1.45497e-24
-4.91302e-25
-1.6684e-25
-5.93111e-26
-2.29081e-26
-9.69171e-27
-4.37046e-27
-2.73155e-18
-2.73169e-18
-2.73412e-18
-2.72099e-18
-2.71037e-18
-2.77505e-18
-3.04068e-18
-3.34693e-18
-3.02915e-18
-1.63917e-18
2.20173e-19
1.33047e-18
9.43169e-19
-6.24117e-19
-2.26191e-18
-2.85777e-18
-2.02952e-18
-2.39061e-19
1.46545e-18
2.10709e-18
1.53292e-18
4.39094e-19
-3.45926e-19
-5.14772e-19
-2.85826e-19
-2.345e-20
9.00054e-20
7.78484e-20
2.53409e-20
-1.4517e-20
-3.01109e-20
-2.91773e-20
-2.16949e-20
-1.3805e-20
-7.86181e-21
-4.10021e-21
-1.984e-21
-8.97477e-22
-3.81168e-22
-1.52332e-22
-5.73558e-23
-2.03796e-23
-6.86838e-24
-2.22855e-24
-7.2191e-25
-2.49694e-25
-9.9163e-26
-4.56909e-26
-2.29313e-26
-1.16802e-26
-5.39077e-18
-5.39114e-18
-5.40311e-18
-5.36798e-18
-5.37323e-18
-5.54765e-18
-6.29643e-18
-7.36938e-18
-6.71493e-18
-2.7434e-18
2.70228e-18
5.98027e-18
4.91671e-18
3.34516e-19
-4.74475e-18
-7.10368e-18
-5.53293e-18
-9.81579e-19
3.88529e-18
5.99462e-18
4.38896e-18
1.04664e-18
-1.34133e-18
-1.7649e-18
-9.3049e-19
-3.92091e-20
3.22624e-19
2.70626e-19
1.01405e-19
-2.02867e-20
-6.71912e-20
-6.69393e-20
-4.91913e-20
-3.05897e-20
-1.69373e-20
-8.55508e-21
-3.99144e-21
-1.73035e-21
-6.98132e-22
-2.61689e-22
-9.07337e-23
-2.89397e-23
-8.48958e-24
-2.35959e-24
-7.04455e-25
-2.84523e-25
-1.5959e-25
-9.93118e-26
-5.94267e-26
-3.2987e-26
-1.01011e-17
-1.01018e-17
-1.01518e-17
-1.00641e-17
-1.0247e-17
-1.07015e-17
-1.26228e-17
-1.6196e-17
-1.52261e-17
-4.04156e-18
1.15208e-17
2.09189e-17
1.82981e-17
5.71814e-18
-9.07984e-18
-1.71391e-17
-1.48422e-17
-3.95205e-18
9.56812e-18
1.66681e-17
1.24452e-17
2.31558e-18
-4.87853e-18
-5.85703e-18
-2.91022e-18
4.44799e-20
1.13424e-18
8.90332e-19
3.41648e-19
-1.96292e-20
-1.50646e-19
-1.5128e-19
-1.08358e-19
-6.51152e-20
-3.46777e-20
-1.67589e-20
-7.4213e-21
-3.01401e-21
-1.11456e-21
-3.68443e-22
-1.04577e-22
-2.30154e-23
-2.53646e-24
6.74586e-25
3.37836e-25
-1.35032e-25
-2.85422e-25
-2.50413e-25
-1.67258e-25
-9.61058e-26
-1.78897e-17
-1.78908e-17
-1.80748e-17
-1.78664e-17
-1.89796e-17
-2.00744e-17
-2.43594e-17
-3.57323e-17
-3.6222e-17
-4.77727e-18
3.86949e-17
6.44223e-17
5.84392e-17
2.57916e-17
-1.50502e-17
-4.05057e-17
-3.91267e-17
-1.51138e-17
2.10323e-17
4.56492e-17
3.56505e-17
5.00717e-18
-1.66568e-17
-1.86921e-17
-8.62756e-18
9.20188e-19
3.96354e-18
2.81081e-18
1.02431e-18
-1.25677e-20
-3.47408e-19
-3.37969e-19
-2.31072e-19
-1.32034e-19
-6.65388e-20
-3.01429e-20
-1.22855e-20
-4.43038e-21
-1.34502e-21
-2.9132e-22
-2.41957e-24
4.23372e-23
2.9402e-23
1.33055e-23
4.10512e-24
3.32718e-25
-7.08667e-25
-7.2443e-25
-4.92603e-25
-2.81161e-25
-2.97753e-17
-2.97749e-17
-3.03787e-17
-2.98925e-17
-3.45972e-17
-3.68015e-17
-4.43015e-17
-7.82983e-17
-9.24595e-17
-2.19412e-18
1.18918e-16
1.84846e-16
1.71052e-16
9.051e-17
-1.76264e-17
-9.67578e-17
-1.01823e-16
-5.51078e-17
3.70164e-17
1.24152e-16
1.06158e-16
1.24496e-17
-5.37522e-17
-5.73681e-17
-2.40183e-17
6.16188e-18
1.38151e-17
8.54264e-18
2.74302e-18
-9.11137e-20
-8.40255e-19
-7.46083e-19
-4.72929e-19
-2.50966e-19
-1.16491e-19
-4.74754e-20
-1.64516e-20
-4.29754e-21
-3.47048e-22
5.29425e-22
4.83921e-22
2.82202e-22
1.30755e-22
4.90641e-23
1.32781e-23
6.51336e-25
-2.37391e-24
-2.23614e-24
-1.45863e-24
-8.0874e-25
-4.6212e-17
-4.62027e-17
-4.79531e-17
-4.6905e-17
-6.24649e-17
-6.50527e-17
-7.21155e-17
-1.61153e-16
-2.59986e-16
1.00148e-17
3.74923e-16
5.23327e-16
4.90678e-16
2.98495e-16
6.87813e-18
-2.57904e-16
-2.70198e-16
-1.98263e-16
3.39663e-17
3.57067e-16
3.51653e-16
4.23649e-17
-1.6749e-16
-1.71813e-16
-6.28271e-17
3.16582e-17
4.80156e-17
2.48022e-17
6.26203e-18
-8.57305e-19
-2.1302e-18
-1.61134e-18
-9.11006e-19
-4.32574e-19
-1.75082e-19
-5.71353e-20
-1.12463e-20
2.72305e-21
4.78602e-21
3.52486e-21
1.99328e-21
9.51828e-22
3.89176e-22
1.30617e-22
2.92813e-23
-2.61299e-24
-8.53135e-24
-6.88911e-24
-4.2232e-24
-2.25628e-24
-6.61461e-17
-6.61041e-17
-7.04781e-17
-6.96983e-17
-1.09752e-16
-1.04744e-16
-9.30632e-17
-2.74255e-16
-9.03364e-16
1.18273e-17
1.51855e-15
1.55749e-15
1.78291e-15
1.15213e-15
1.26381e-16
-1.42115e-15
-8.09709e-16
-6.68664e-16
-7.19723e-17
2.883e-15
1.5114e-15
1.52663e-16
-5.88242e-16
-5.34105e-16
-1.56928e-16
1.4557e-16
1.68521e-16
6.70907e-17
9.8795e-18
-5.01977e-18
-5.48229e-18
-3.30706e-18
-1.57939e-18
-6.22921e-19
-1.84915e-19
-1.81048e-20
2.83286e-20
3.03793e-20
2.09844e-20
1.18969e-20
5.86588e-21
2.54427e-21
9.51174e-22
2.81613e-22
4.19527e-23
-2.32314e-23
-2.905e-23
-2.0432e-23
-1.17712e-23
-6.05629e-24
-8.58473e-17
-8.57136e-17
-9.4662e-17
-1.08481e-16
-1.80015e-16
-1.37404e-16
-4.96412e-17
-2.07112e-15
-4.26467e-15
9.0961e-16
6.92667e-15
4.06204e-15
7.9172e-15
4.24244e-15
-2.81283e-14
-1.40969e-14
-2.18577e-15
-3.14523e-16
3.92333e-14
2.56232e-14
4.87059e-15
-5.28814e-15
-4.28042e-15
-1.88831e-15
-3.51563e-16
8.69324e-16
6.41079e-16
1.55822e-16
-6.35144e-18
-2.22164e-17
-1.33869e-17
-6.00498e-18
-2.18091e-18
-5.42287e-19
4.02376e-20
1.7929e-19
1.62257e-19
1.09367e-19
6.28485e-20
3.20067e-20
1.45728e-20
5.86299e-21
1.99059e-21
4.82109e-22
-3.4678e-24
-1.05128e-22
-9.10026e-23
-5.74797e-23
-3.13376e-23
-1.5566e-23
-9.83709e-17
-9.80802e-17
-1.11467e-16
-2.06679e-16
-2.74408e-16
1.17979e-15
-1.11312e-14
-3.94283e-14
-1.30516e-14
4.0782e-14
1.72896e-14
5.47044e-15
1.24243e-14
-3.29536e-13
-2.94057e-13
-5.18145e-14
3.06776e-13
4.51129e-13
3.05903e-13
7.50681e-14
-1.30113e-13
-7.91436e-14
-2.39972e-14
-4.71515e-15
1.12494e-14
7.6344e-15
2.48943e-15
1.96236e-16
-1.59595e-16
-7.77902e-17
-2.70289e-17
-7.73915e-18
-1.21414e-18
6.73037e-19
9.64861e-19
7.7887e-19
5.14993e-19
3.00226e-19
1.57751e-19
7.5011e-20
3.19947e-20
1.18854e-20
3.51688e-21
5.24663e-22
-2.93896e-22
-3.69738e-22
-2.62303e-22
-1.52608e-22
-7.93613e-23
-3.81868e-23
6.70838e-14
7.72756e-14
2.21469e-14
9.15345e-15
8.44215e-14
5.5653e-14
-8.40673e-14
-1.93919e-13
1.98562e-13
3.52771e-13
-1.10952e-14
-1.52641e-12
-2.62688e-12
-2.33409e-12
-8.40114e-13
2.061e-12
3.04172e-12
2.39757e-12
7.82452e-13
-1.65954e-12
-1.06636e-12
-2.68191e-13
-5.08074e-14
1.49294e-13
1.0005e-13
2.66863e-14
4.77659e-15
-3.01268e-15
-1.05815e-15
-1.78282e-16
-2.56791e-17
1.89768e-18
5.78114e-18
4.98691e-18
3.51149e-18
2.2348e-18
1.31078e-18
7.08639e-19
3.51092e-19
1.57705e-19
6.28029e-20
2.09516e-20
4.76582e-21
-3.58307e-22
-1.35085e-21
-1.1174e-21
-6.99446e-22
-3.81749e-22
-1.90679e-22
-8.91736e-23
1.19318e-12
1.15749e-12
9.15265e-13
9.35647e-13
1.02639e-12
3.86109e-13
-3.73432e-13
-3.86947e-13
1.26594e-12
9.01089e-13
-3.49835e-12
-1.05526e-11
-1.39442e-11
-6.13265e-12
1.82643e-11
1.25401e-11
6.99024e-12
5.22774e-12
-1.97276e-11
-1.31066e-11
-2.69419e-12
1.41301e-13
2.50975e-12
1.36783e-12
2.68013e-13
3.51621e-15
-7.38715e-14
-2.67119e-14
-2.68135e-15
1.73525e-16
1.03537e-16
5.05912e-17
2.68983e-17
1.54034e-17
9.04574e-18
5.23724e-18
2.89948e-18
1.49815e-18
7.08476e-19
3.00057e-19
1.09242e-19
3.02996e-20
2.67723e-21
-4.32198e-21
-4.44264e-21
-3.01985e-21
-1.73301e-21
-8.98632e-22
-4.3353e-22
-1.97624e-22
4.35813e-12
3.97097e-12
4.13886e-12
4.461e-12
2.99446e-12
1.3104e-12
-9.49113e-13
7.05921e-12
4.64379e-12
-1.91388e-11
-2.52671e-11
-1.95476e-11
-3.37494e-11
1.77281e-10
1.11468e-10
2.95445e-11
-3.9646e-11
-2.1304e-10
-1.44223e-10
-3.38911e-11
3.13699e-11
4.81194e-11
2.22564e-11
3.74843e-12
-7.35677e-13
-1.30878e-12
-4.61883e-13
-5.23019e-14
8.09942e-15
2.56735e-15
4.70472e-16
1.4375e-16
6.33475e-17
3.33936e-17
1.87952e-17
1.06247e-17
5.76837e-18
2.89895e-18
1.31021e-18
5.14551e-19
1.61966e-19
2.81557e-20
-1.13414e-20
-1.65008e-20
-1.23097e-20
-7.43257e-21
-3.99648e-21
-1.98616e-21
-9.29478e-22
-4.14026e-22
8.88475e-12
7.74824e-12
9.89741e-12
1.09509e-11
3.13208e-12
6.45731e-12
3.40962e-11
5.42155e-11
7.3898e-12
-9.9666e-11
-8.70967e-11
7.04924e-10
1.50821e-09
1.44022e-09
2.1472e-10
-1.41177e-09
-1.91816e-09
-1.26963e-09
-3.41081e-10
4.90637e-10
4.79951e-10
2.39298e-10
5.25788e-11
-4.71351e-12
-1.61076e-11
-6.26041e-12
-8.10633e-13
1.24141e-13
4.65055e-14
5.23851e-15
2.31624e-16
1.34381e-16
8.90467e-17
5.56125e-17
3.32879e-17
1.9379e-17
1.06231e-17
5.23545e-18
2.23337e-18
7.7789e-19
1.78688e-19
-1.84469e-20
-5.73178e-20
-4.75676e-20
-3.01872e-20
-1.67793e-20
-8.56411e-21
-4.10405e-21
-1.8694e-21
-8.15499e-22
1.21529e-11
1.04283e-11
1.64075e-11
1.70488e-11
-2.36418e-12
5.8856e-11
1.98425e-10
1.77967e-10
-2.32747e-11
-1.58996e-10
1.75484e-09
8.62952e-09
1.07051e-08
4.00971e-09
-7.0738e-09
-1.11317e-08
-8.00328e-09
-2.46672e-09
5.92482e-09
4.40934e-09
1.82283e-09
4.36424e-10
-4.42106e-11
-1.74888e-10
-6.7862e-11
-9.89422e-12
1.44479e-12
5.91753e-13
7.63339e-14
-2.41899e-15
-6.62699e-16
8.11355e-18
1.09102e-16
8.5947e-17
5.44512e-17
3.32836e-17
1.87901e-17
9.04147e-18
3.50846e-18
9.62938e-19
3.91084e-20
-1.85537e-19
-1.75406e-19
-1.16652e-19
-6.66151e-20
-3.47124e-20
-1.69525e-20
-7.86823e-21
-3.49887e-21
-1.49825e-21
1.24073e-11
1.10611e-11
2.07597e-11
1.67907e-11
7.4207e-12
1.58393e-10
4.52889e-10
3.04713e-10
-5.61806e-10
2.94116e-09
1.23237e-08
2.62368e-08
2.42648e-08
-1.17099e-08
-3.57116e-08
-2.2921e-08
-1.20458e-08
5.27992e-08
3.57583e-08
1.16283e-08
2.90334e-09
-1.84659e-09
-2.53974e-09
-7.93738e-10
-9.82478e-11
1.39958e-11
6.18874e-12
9.21003e-13
-2.80959e-14
-1.11973e-14
-1.61008e-15
1.55151e-16
2.56819e-16
1.5245e-16
8.59369e-17
5.55997e-17
3.33822e-17
1.53948e-17
4.98131e-18
6.69638e-19
-5.44219e-19
-6.23961e-19
-4.33107e-19
-2.51227e-19
-1.32156e-19
-6.51704e-20
-3.06136e-20
-1.3815e-20
-6.01751e-21
-2.53711e-21
8.67553e-12
1.01537e-11
2.2773e-11
-4.08254e-12
2.57217e-11
2.294e-10
-1.8079e-09
-7.43026e-09
-3.07157e-09
1.068e-08
2.88478e-08
3.86632e-08
-3.3685e-08
-2.15516e-07
-7.35672e-08
1.3643e-07
4.74013e-07
2.84482e-07
7.59975e-08
-8.60559e-09
-6.68117e-08
-4.51696e-08
-1.17721e-08
-1.05458e-09
1.12571e-10
5.3251e-11
9.79823e-12
-6.97236e-14
-6.17182e-14
-1.69553e-14
1.89488e-16
1.74248e-15
8.09439e-16
2.56799e-16
1.09075e-16
8.90204e-17
6.3326e-17
2.68834e-17
5.77184e-18
-1.21958e-18
-2.18392e-18
-1.58099e-18
-9.11814e-19
-4.73321e-19
-2.31255e-19
-1.0844e-19
-4.92266e-20
-2.17097e-20
-9.31243e-21
-3.88643e-21
-2.90855e-07
-2.91071e-07
-2.99335e-07
-2.88834e-07
-2.4501e-07
-2.84085e-07
-4.2925e-07
-3.9787e-07
-1.16944e-07
1.34023e-08
-3.47389e-08
-1.06589e-06
-2.16594e-06
-1.11923e-06
1.78198e-06
3.44672e-06
2.62568e-06
4.53168e-07
-1.22407e-06
-1.33478e-06
-7.0088e-07
-1.91075e-07
-1.64192e-08
7.40688e-10
3.68763e-10
8.37451e-11
3.0735e-12
-1.09631e-13
-5.1654e-14
1.08533e-14
2.00838e-14
9.01667e-15
1.74245e-15
1.551e-16
8.06272e-18
1.34338e-16
1.43714e-16
5.05674e-17
1.88386e-18
-7.74696e-18
-6.00925e-18
-3.3093e-18
-1.61247e-18
-7.46628e-19
-3.38222e-19
-1.51392e-19
-6.69878e-20
-2.91974e-20
-1.24822e-20
-5.21553e-21
-2.16673e-06
-2.1693e-06
-2.17181e-06
-2.16884e-06
-2.17118e-06
-2.25122e-06
-2.22011e-06
-1.761e-06
-1.01311e-06
-1.03936e-06
-4.34853e-06
-9.64175e-06
-9.54166e-06
-2.40759e-06
9.48665e-06
1.2828e-05
5.6941e-06
-8.42687e-06
-1.0403e-05
-6.22962e-06
-2.21004e-06
-3.47258e-07
3.39957e-09
1.7192e-09
5.32418e-10
6.34026e-11
-5.42383e-13
-1.96919e-13
1.4939e-13
1.79198e-13
9.03201e-14
2.00839e-14
1.89416e-16
-1.61018e-15
-6.62778e-16
2.31565e-16
4.70407e-16
1.03501e-16
-2.5697e-17
-2.70387e-17
-1.33923e-17
-5.48515e-18
-2.13165e-18
-8.40955e-19
-3.47733e-19
-1.50791e-19
-6.72529e-20
-3.01363e-20
-1.33269e-20
-5.75362e-21
-6.03193e-06
-6.03869e-06
-5.99273e-06
-6.05733e-06
-6.36585e-06
-6.39565e-06
-5.49177e-06
-3.63361e-06
-3.55178e-06
-8.6683e-06
-1.88597e-05
-2.72027e-05
-2.19521e-05
7.85564e-06
2.53527e-05
2.15128e-05
-4.09117e-06
-3.95824e-05
-2.87417e-05
-1.3084e-05
-3.69298e-06
-3.13767e-07
1.79095e-09
1.46143e-09
5.64516e-10
6.43834e-11
-3.61779e-13
1.94256e-13
6.50756e-13
5.075e-13
1.79198e-13
1.08531e-14
-1.69556e-14
-1.11975e-14
-2.41906e-15
5.23814e-15
2.56714e-15
1.7347e-16
-1.78298e-16
-7.78002e-17
-2.22225e-17
-5.02316e-18
-8.59038e-19
-9.19512e-20
-1.29535e-20
-1.97996e-20
-2.0359e-20
-1.45465e-20
-8.51257e-21
-4.39003e-21
-9.54606e-06
-9.54728e-06
-9.40313e-06
-9.60355e-06
-1.04584e-05
-1.03933e-05
-7.90433e-06
-4.37551e-06
-6.5978e-06
-2.53248e-05
-4.2016e-05
-3.86276e-05
-2.51162e-05
6.72541e-05
4.44453e-05
-7.18147e-05
-0.000218431
-8.4972e-05
-3.56833e-05
-1.42513e-05
-3.75345e-06
-1.73326e-07
1.79991e-09
1.36296e-09
1.05149e-09
3.07274e-10
1.1897e-11
1.40674e-12
1.23514e-12
6.50763e-13
1.49392e-13
-5.16564e-14
-6.17204e-14
-2.80958e-14
7.63304e-14
4.65033e-14
8.09893e-15
-2.68126e-15
-1.05812e-15
-1.59602e-16
-6.35846e-18
9.87547e-18
6.26001e-18
2.74207e-18
1.02388e-18
3.41464e-19
1.01329e-19
2.53102e-20
4.1969e-21
-4.48396e-22
-2.30048e-06
-2.17671e-06
-1.49272e-06
-2.33401e-06
-5.70816e-06
-5.05939e-06
6.36093e-06
1.67379e-05
-7.67702e-07
-4.46153e-05
-5.77633e-05
6.49763e-05
0.000348418
0.000221617
-0.000585532
-0.00170885
-0.00140292
0.000559083
0.00431306
0.00799912
0.00945476
0.0086327
0.00626663
0.0035578
0.00148836
0.000373723
1.53116e-05
3.43162e-12
1.40678e-12
1.94262e-13
-1.96923e-13
-1.09636e-13
-6.97337e-14
9.20968e-13
5.91731e-13
1.24136e-13
-5.22996e-14
-2.67108e-14
-3.01256e-15
1.96207e-16
1.55809e-16
6.70851e-17
2.47999e-17
8.54165e-18
2.81039e-18
8.90159e-19
2.70556e-19
7.78215e-20
2.05553e-20
4.64631e-21
0.000356318
0.000358654
0.000365504
0.000351792
0.000318666
0.000350862
0.000463355
0.000451469
0.000190278
-3.46868e-05
0.000321754
0.00140943
0.00187091
0.000128889
-0.00407376
-0.00700214
-0.0039627
0.00996385
0.0327963
0.0553627
0.0666373
0.0644813
0.0517554
0.0340801
0.0178538
0.00683246
0.00140233
1.53117e-05
1.19003e-11
-3.61777e-13
-5.4238e-13
3.07327e-12
9.79789e-12
6.18853e-12
1.44474e-12
-8.10597e-13
-4.61863e-13
-7.38687e-14
4.77625e-15
2.48928e-15
6.41049e-16
1.68514e-16
4.80134e-17
1.38143e-17
3.96324e-18
1.13412e-18
3.2258e-19
8.999e-20
2.3975e-20
5.80226e-21
0.00161835
0.00162662
0.0016458
0.00159429
0.00150429
0.00164781
0.00197371
0.0017868
0.000819076
0.0004701
0.00232328
0.00521663
0.00514262
-0.0013675
-0.012339
-0.017886
-0.00506466
0.0359087
0.0995273
0.163169
0.197874
0.194876
0.16153
0.111132
0.0618931
0.0261473
0.00683246
0.000373723
3.07297e-10
6.43812e-11
6.34003e-11
8.37429e-11
5.32495e-11
1.39954e-11
-9.89377e-12
-6.26015e-12
-1.30873e-12
3.51471e-15
2.66848e-14
7.63401e-15
8.693e-16
1.4557e-16
3.16584e-17
6.16198e-18
9.20227e-19
4.44952e-20
-3.92013e-20
-2.34446e-20
-1.00341e-20
-4.03478e-21
0.0039476
0.00396577
0.00400209
0.0038854
0.00371539
0.00406813
0.00472228
0.00410323
0.00197641
0.00181755
0.00634915
0.0120031
0.0100502
-0.00497318
-0.0262713
-0.033106
-0.00295064
0.0808361
0.207375
0.335052
0.408988
0.407065
0.344053
0.242664
0.139612
0.0618931
0.0178538
0.00148837
1.05151e-09
5.64521e-10
5.32414e-10
3.68757e-10
1.12568e-10
-9.82436e-11
-6.78595e-11
-1.6107e-11
-7.3566e-13
2.68003e-13
1.00045e-13
1.12489e-14
-3.51538e-16
-1.56917e-16
-6.2823e-17
-2.40169e-17
-8.62703e-18
-2.91003e-18
-9.30414e-19
-2.85793e-19
-8.56851e-20
-2.55157e-20
0.00680248
0.00683245
0.00688708
0.00669088
0.00643314
0.00705916
0.00808162
0.0068515
0.00337815
0.00354787
0.011731
0.0205515
0.0154542
-0.0106335
-0.0432981
-0.0491579
0.00343934
0.137725
0.337041
0.540432
0.664838
0.667643
0.573244
0.412038
0.242665
0.111132
0.0340801
0.0035578
1.36298e-09
1.46147e-09
1.71919e-09
7.40676e-10
-1.05454e-09
-7.9371e-10
-1.74883e-10
-4.71378e-12
3.74832e-12
1.36779e-12
1.49289e-13
-4.71502e-15
-1.88825e-15
-5.34087e-16
-1.71807e-16
-5.7366e-17
-1.86913e-17
-5.85672e-18
-1.76477e-18
-5.14716e-19
-1.46924e-19
-4.16683e-20
0.00881314
0.00885241
0.00892247
0.00866151
0.00833192
0.00918428
0.0105208
0.0087782
0.0041436
0.00463458
0.0161264
0.0276597
0.0192415
-0.0166669
-0.0579646
-0.0614019
0.0112703
0.187237
0.446545
0.715314
0.88868
0.901149
0.78466
0.573244
0.344053
0.16153
0.0517554
0.00626663
1.79996e-09
1.79103e-09
3.39953e-09
-1.64185e-08
-1.17718e-08
-2.53967e-09
-4.42138e-11
5.25767e-11
2.22557e-11
2.50969e-12
-5.08062e-14
-2.39963e-14
-4.28021e-15
-5.88226e-16
-1.67486e-16
-5.37507e-17
-1.66561e-17
-4.87824e-18
-1.3412e-18
-3.45861e-19
-8.42382e-20
-1.98669e-20
0.00873611
0.00877747
0.0088549
0.00857914
0.00821334
0.00912042
0.0106
0.00873267
0.00348709
0.00405
0.0168234
0.0295404
0.0198483
-0.0199668
-0.064393
-0.0665471
0.0140038
0.206252
0.491548
0.793393
0.997622
1.02227
0.901149
0.667643
0.407065
0.194876
0.0644812
0.0086327
-1.73316e-07
-3.13753e-07
-3.47246e-07
-1.9107e-07
-4.51684e-08
-1.84657e-09
4.36412e-10
2.3929e-10
4.81175e-11
1.41256e-13
-2.68179e-13
-7.91388e-14
-5.28772e-15
1.52645e-16
4.23597e-17
1.24486e-17
5.00711e-18
2.31568e-18
1.04673e-18
4.39154e-19
1.69696e-19
6.05506e-20
0.00543405
0.00546766
0.0055492
0.00532503
0.00494346
0.00567628
0.00713892
0.00573028
0.000904699
0.000789387
0.0117913
0.0239323
0.0167877
-0.0182282
-0.0594679
-0.0643094
0.00513006
0.180288
0.450254
0.746906
0.959794
0.997622
0.88868
0.664838
0.408988
0.197874
0.0666373
0.00945475
-3.75337e-06
-3.6929e-06
-2.21e-06
-7.00864e-07
-6.68099e-08
2.9033e-09
1.8228e-09
4.79937e-10
3.13681e-11
-2.69401e-12
-1.06629e-12
-1.30104e-13
4.87024e-15
1.5113e-15
3.51639e-16
1.06156e-16
3.565e-17
1.24452e-17
4.38903e-18
1.53298e-18
5.22838e-19
1.72519e-19
0.000387985
0.000403851
0.000474569
0.000368347
4.975e-05
0.00036521
0.00146991
0.00110181
-0.00202105
-0.00341226
0.00235147
0.0115941
0.0107853
-0.00913109
-0.0402884
-0.0544661
-0.0173086
0.104786
0.314129
0.559443
0.746906
0.793393
0.715314
0.540432
0.335052
0.163169
0.0553627
0.00799911
-1.42511e-05
-1.30839e-05
-6.22952e-06
-1.33476e-06
-8.60452e-09
1.16282e-08
4.40926e-09
4.90619e-10
-3.38891e-11
-1.31057e-11
-1.65941e-12
7.50633e-14
2.56214e-14
2.88283e-15
3.57074e-16
1.24154e-16
4.56499e-17
1.66684e-17
5.99478e-18
2.10719e-18
7.19384e-19
2.37453e-19
-0.00310143
-0.00310428
-0.00306121
-0.00304006
-0.00322146
-0.00334625
-0.00281158
-0.00220465
-0.00318477
-0.00545607
-0.00549301
-0.000603498
0.00541386
0.00267605
-0.015578
-0.0395697
-0.0394451
0.0180233
0.146829
0.314129
0.450254
0.491548
0.446545
0.337041
0.207375
0.0995273
0.0327962
0.00431305
-3.56828e-05
-2.87414e-05
-1.04028e-05
-1.22404e-06
7.59968e-08
3.57579e-08
5.92474e-09
-3.41071e-10
-1.44216e-10
-1.97262e-11
7.82407e-13
3.05884e-13
3.92306e-14
-7.18219e-17
3.4016e-17
3.70313e-17
2.10364e-17
9.56927e-18
3.88569e-18
1.46562e-18
5.21491e-19
1.7615e-19
-0.00323346
-0.00324559
-0.00323013
-0.00314773
-0.00320467
-0.00351918
-0.00349625
-0.0025121
-0.00188295
-0.00391892
-0.00738058
-0.00644596
0.00218456
0.0103363
0.00366278
-0.0220019
-0.0457316
-0.0375933
0.0180233
0.104786
0.180288
0.206252
0.187237
0.137725
0.0808361
0.0359087
0.00996385
0.000559086
-8.49712e-05
-3.95819e-05
-8.42676e-06
4.53168e-07
2.8448e-07
5.27985e-08
-2.4667e-09
-1.2696e-09
-2.13028e-10
5.22774e-12
2.39749e-12
4.51095e-13
-3.15697e-16
-6.68383e-16
-1.98129e-16
-5.50713e-17
-1.51051e-17
-3.94984e-18
-9.80897e-19
-2.38798e-19
-6.21085e-20
-1.94227e-20
-0.000894579
-0.00090685
-0.000921405
-0.000839423
-0.000761672
-0.0010359
-0.00139101
-0.000764098
0.000528374
-0.000164585
-0.00377128
-0.00535579
0.000551141
0.0104403
0.0110462
-0.00518132
-0.0310539
-0.0457316
-0.0394451
-0.0173086
0.00513005
0.0140038
0.0112703
0.00343936
-0.00295061
-0.00506464
-0.00396268
-0.00140291
-0.000218429
-4.091e-06
5.69406e-06
2.62566e-06
4.74007e-07
-1.20461e-08
-8.00321e-09
-1.9181e-09
-3.96371e-11
6.99057e-12
3.04169e-12
3.06729e-13
-2.18517e-15
-8.09297e-16
-2.70055e-16
-1.01786e-16
-3.91178e-17
-1.48399e-17
-5.53214e-18
-2.0292e-18
-7.33421e-19
-2.61313e-19
0.0010703
0.00106653
0.00104336
0.00106747
0.00117548
0.00111876
0.000776085
0.000734127
0.00160286
0.00216598
0.000893201
-0.00119501
-0.000507501
0.00421184
0.00843226
0.00603313
-0.00518131
-0.0220019
-0.0395697
-0.0544661
-0.0643094
-0.0665471
-0.0614018
-0.0491578
-0.033106
-0.017886
-0.00700213
-0.00170885
-7.18138e-05
2.15127e-05
1.28279e-05
3.44669e-06
1.36425e-07
-2.29208e-08
-1.11315e-08
-1.41171e-09
2.95434e-11
1.25398e-11
2.06096e-12
-5.18158e-14
-1.40988e-14
-1.42138e-15
-2.57916e-16
-9.67594e-17
-4.05048e-17
-1.71381e-17
-7.10303e-18
-2.85742e-18
-1.1139e-18
-4.21147e-19
0.000950152
0.000953335
0.000939054
0.000917726
0.000973529
0.00106927
0.000927147
0.000594143
0.000618499
0.00153542
0.00223006
0.0011746
-0.00128832
-0.00194918
0.00184385
0.00843226
0.0110462
0.00366278
-0.015578
-0.0402884
-0.0594679
-0.064393
-0.0579646
-0.0432981
-0.0262713
-0.012339
-0.00407377
-0.000585532
4.44447e-05
2.53524e-05
9.48656e-06
1.78196e-06
-7.35653e-08
-3.57108e-08
-7.07363e-09
2.14717e-10
1.11466e-10
1.82636e-11
-8.40091e-13
-2.94044e-13
-2.81274e-14
1.26378e-16
6.87536e-18
-1.76261e-17
-1.50489e-17
-9.07876e-18
-4.74406e-18
-2.26152e-18
-1.00461e-18
-4.21151e-19
-0.000529262
-0.000523401
-0.000521181
-0.000560707
-0.000574522
-0.000441859
-0.000346533
-0.000668727
-0.0010785
-0.00064877
0.000539975
0.000640146
-0.00142048
-0.00350787
-0.00194917
0.00421185
0.0104403
0.0103363
0.00267605
-0.00913108
-0.0182282
-0.0199668
-0.0166669
-0.0106335
-0.0049732
-0.00136752
0.000128873
0.000221614
6.72531e-05
7.8553e-06
-2.40762e-06
-1.11923e-06
-2.15511e-07
-1.17089e-08
4.00963e-09
1.44019e-09
1.77276e-10
-6.13244e-12
-2.33401e-12
-3.29521e-13
4.24241e-15
1.15213e-15
2.98497e-16
9.05117e-17
2.57933e-17
5.71941e-18
3.35323e-19
-6.23657e-19
-5.14959e-19
-2.88887e-19
-0.00143762
-0.00143364
-0.00142793
-0.00145273
-0.00148006
-0.00140573
-0.00130486
-0.00141685
-0.00172013
-0.00173904
-0.0012953
-0.000911462
-0.00107362
-0.00142048
-0.00128832
-0.0005075
0.00055113
0.00218455
0.00541386
0.0107853
0.0167877
0.0198483
0.0192415
0.0154542
0.0100502
0.0051426
0.00187089
0.000348411
-2.51173e-05
-2.19525e-05
-9.54172e-06
-2.16592e-06
-3.36799e-08
2.42649e-08
1.07049e-08
1.50815e-09
-3.37487e-11
-1.39439e-11
-2.62681e-12
1.24262e-14
7.91721e-15
1.78286e-15
4.90675e-16
1.71054e-16
5.84417e-17
1.82999e-17
4.91782e-18
9.4379e-19
-1.56795e-20
-1.43051e-19
-0.00134395
-0.00134202
-0.0013425
-0.0013549
-0.00135281
-0.0013175
-0.00130996
-0.0013721
-0.0014078
-0.00139928
-0.00152351
-0.00161104
-0.000911463
0.000640149
0.00117461
-0.00119501
-0.0053558
-0.00644597
-0.000603497
0.0115942
0.0239323
0.0295404
0.0276597
0.0205515
0.012003
0.0052166
0.00140941
6.49716e-05
-3.86289e-05
-2.72034e-05
-9.64187e-06
-1.06588e-06
3.86629e-08
2.62366e-08
8.62941e-09
7.04898e-10
-1.95476e-11
-1.05525e-11
-1.52636e-12
5.47076e-15
4.06219e-15
1.55749e-15
5.23332e-16
1.84852e-16
6.44274e-17
2.09221e-17
5.98203e-18
1.33138e-18
1.07e-19
-1.1194e-19
-0.00116571
-0.00116302
-0.00116817
-0.00118576
-0.00116437
-0.00110165
-0.0011465
-0.00131468
-0.00128711
-0.00101384
-0.00105029
-0.00152352
-0.00129531
0.000539977
0.00223007
0.000893203
-0.00377129
-0.0073806
-0.00549301
0.0023515
0.0117913
0.0168235
0.0161264
0.0117309
0.00634912
0.00232325
0.00032174
-5.77663e-05
-4.20184e-05
-1.88607e-05
-4.34874e-06
-3.47373e-08
2.88487e-08
1.23238e-08
1.75483e-09
-8.70945e-11
-2.52666e-11
-3.4983e-12
-1.10745e-14
1.72911e-14
6.92701e-15
1.51855e-15
3.74935e-16
1.18933e-16
3.87045e-17
1.15262e-17
2.705e-18
2.21502e-19
-2.64719e-19
-2.37364e-19
-0.00138729
-0.00138255
-0.00138653
-0.00141656
-0.00140042
-0.00129972
-0.00131422
-0.00156871
-0.0016625
-0.00129491
-0.00101384
-0.00139928
-0.00173904
-0.000648768
0.00153542
0.00216598
-0.000164596
-0.00391893
-0.00545607
-0.00341223
0.000789426
0.00405003
0.00463458
0.00354783
0.0018175
0.000470065
-3.47e-05
-4.46221e-05
-2.53282e-05
-8.66957e-06
-1.03956e-06
1.34053e-08
1.06812e-08
2.94141e-09
-1.59001e-10
-9.96685e-11
-1.9139e-11
9.01103e-13
3.52782e-13
4.07867e-14
9.09567e-16
1.18244e-17
1.00423e-17
-2.16935e-18
-4.76234e-18
-4.03381e-18
-2.73963e-18
-1.63739e-18
-8.87233e-19
-4.43512e-19
-0.00160527
-0.0016002
-0.00160117
-0.00163344
-0.00163187
-0.0015264
-0.00149904
-0.0017314
-0.00191931
-0.0016625
-0.00128711
-0.0014078
-0.00172013
-0.00107849
0.000618505
0.00160286
0.000528363
-0.00188297
-0.00318477
-0.00202102
0.000904737
0.00348711
0.0041436
0.00337812
0.00197637
0.00081904
0.000190259
-7.72616e-07
-6.60015e-06
-3.55279e-06
-1.01332e-06
-1.16941e-07
-3.07115e-09
-5.61806e-10
-2.32865e-11
7.38619e-12
4.64329e-12
1.26591e-12
1.98569e-13
-1.30483e-14
-4.26395e-15
-9.03269e-16
-2.59931e-16
-9.24257e-17
-3.62037e-17
-1.52168e-17
-6.71044e-18
-3.02703e-18
-1.36541e-18
-6.05856e-19
-0.00148712
-0.00148301
-0.0014831
-0.00150927
-0.00151011
-0.00142682
-0.00139703
-0.00157283
-0.0017314
-0.00156871
-0.00131467
-0.00137209
-0.00141685
-0.000668724
0.000594149
0.000734129
-0.000764108
-0.00251211
-0.00220465
0.00110183
0.00573032
0.00873269
0.0087782
0.00685146
0.00410319
0.00178677
0.000451449
1.67334e-05
-4.3767e-06
-3.63443e-06
-1.76129e-06
-3.97892e-07
-7.42586e-09
3.04708e-10
1.77963e-10
5.42138e-11
7.05907e-12
-3.86954e-13
-1.93925e-13
-3.94292e-14
-2.071e-15
-2.7419e-16
-1.61104e-16
-7.82675e-17
-3.57147e-17
-1.61866e-17
-7.36463e-18
-3.34461e-18
-1.5013e-18
-6.60224e-19
-0.00129762
-0.00129401
-0.00129555
-0.00131827
-0.00131309
-0.00123792
-0.00123096
-0.00139703
-0.00149904
-0.00131422
-0.0011465
-0.00130995
-0.00130486
-0.00034653
0.000927153
0.000776087
-0.00139102
-0.00349626
-0.00281158
0.00146993
0.00713896
0.0106
0.0105208
0.00808159
0.00472224
0.00197368
0.000463335
6.35749e-06
-7.90536e-06
-5.49242e-06
-2.22037e-06
-4.29288e-07
-1.80708e-09
4.52927e-10
1.98436e-10
3.40985e-11
-9.49097e-13
-3.73467e-13
-8.40861e-14
-1.11334e-14
-4.95519e-17
-9.29972e-17
-7.20708e-17
-4.42731e-17
-2.43425e-17
-1.26134e-17
-6.29148e-18
-3.03821e-18
-1.41972e-18
-6.40812e-19
-0.00130642
-0.00130254
-0.00130478
-0.00132941
-0.00132135
-0.00123954
-0.00123792
-0.00142682
-0.0015264
-0.00129971
-0.00110164
-0.0013175
-0.00140573
-0.000441856
0.00106928
0.00111877
-0.00103591
-0.00351919
-0.00334626
0.000365236
0.00567631
0.00912043
0.00918427
0.00705913
0.00406809
0.00164777
0.000350843
-5.0625e-06
-1.03947e-05
-6.39636e-06
-2.25146e-06
-2.84112e-07
2.29342e-10
1.58373e-10
5.88569e-11
6.45894e-12
1.31057e-12
3.86088e-13
5.56369e-14
1.18003e-15
-1.37293e-16
-1.04666e-16
-6.50027e-17
-3.67704e-17
-2.00561e-17
-1.06915e-17
-5.54238e-18
-2.77243e-18
-1.3318e-18
-6.13384e-19
-0.00139077
-0.00138661
-0.00138843
-0.00141475
-0.00140869
-0.00132135
-0.00131309
-0.00151011
-0.00163187
-0.00140042
-0.00116436
-0.00135281
-0.00148006
-0.000574518
0.000973536
0.00117548
-0.000761683
-0.00320468
-0.00322146
4.97754e-05
0.0049435
0.00821336
0.00833192
0.00643311
0.00371535
0.00150426
0.000318647
-5.71165e-06
-1.04602e-05
-6.36676e-06
-2.17144e-06
-2.45024e-07
2.568e-11
7.38577e-12
-2.37315e-12
3.13241e-12
2.99476e-12
1.02649e-12
8.44299e-14
-2.74365e-16
-1.79959e-16
-1.09696e-16
-6.24206e-17
-3.45673e-17
-1.89614e-17
-1.02368e-17
-5.36788e-18
-2.7077e-18
-1.30825e-18
-6.0502e-19
-0.00139633
-0.00139226
-0.00139378
-0.00141963
-0.00141475
-0.00132941
-0.00131827
-0.00150927
-0.00163344
-0.00141656
-0.00118576
-0.00135489
-0.00145273
-0.000560704
0.000917733
0.00106747
-0.000839434
-0.00314774
-0.00304006
0.000368372
0.00532506
0.00857916
0.0086615
0.00669085
0.00388536
0.00159426
0.000351774
-2.33796e-06
-9.60559e-06
-6.05841e-06
-2.16915e-06
-2.88844e-07
-4.07201e-12
1.67989e-11
1.70501e-11
1.09513e-11
4.46123e-12
9.35703e-13
9.15468e-15
-2.06553e-16
-1.08391e-16
-6.96308e-17
-4.68577e-17
-2.98619e-17
-1.78482e-17
-1.00539e-17
-5.36262e-18
-2.71832e-18
-1.31354e-18
-6.06711e-19
-0.00137085
-0.00136686
-0.00136847
-0.00139378
-0.00138843
-0.00130478
-0.00129555
-0.0014831
-0.00160117
-0.00138653
-0.00116817
-0.0013425
-0.00142793
-0.000521177
0.00093906
0.00104336
-0.000921416
-0.00323015
-0.00306121
0.000474594
0.00554923
0.00885492
0.00892247
0.00688705
0.00400205
0.00164577
0.000365486
-1.49655e-06
-9.40505e-06
-5.99375e-06
-2.17211e-06
-2.99348e-07
2.27814e-11
2.07674e-11
1.64127e-11
9.89897e-12
4.13909e-12
9.15216e-13
2.21324e-14
-1.11375e-16
-9.45782e-17
-7.04115e-17
-4.79059e-17
-3.03482e-17
-1.80566e-17
-1.01416e-17
-5.39776e-18
-2.73145e-18
-1.31808e-18
-6.08171e-19
-0.00136918
-0.00136517
-0.00136686
-0.00139226
-0.00138661
-0.00130254
-0.00129401
-0.00148301
-0.0016002
-0.00138255
-0.00116301
-0.00134202
-0.00143364
-0.000523398
0.000953341
0.00106653
-0.000906861
-0.00324561
-0.00310429
0.000403876
0.0054677
0.00877749
0.0088524
0.00683242
0.00396573
0.00162659
0.000358636
-2.18017e-06
-9.54883e-06
-6.03952e-06
-2.16957e-06
-2.91094e-07
1.01553e-11
1.10628e-11
1.04296e-11
7.74905e-12
3.97127e-12
1.15751e-12
7.72579e-14
-9.79846e-17
-8.56272e-17
-6.60362e-17
-4.61551e-17
-2.97442e-17
-1.78725e-17
-1.00916e-17
-5.38578e-18
-2.72902e-18
-1.31773e-18
-6.08173e-19
-0.0013732
-0.00136918
-0.00137085
-0.00139634
-0.00139077
-0.00130642
-0.00129762
-0.00148712
-0.00160527
-0.00138729
-0.0011657
-0.00134395
-0.00143762
-0.000529258
0.000950159
0.0010703
-0.00089459
-0.00323348
-0.00310143
0.00038801
0.00543409
0.00873613
0.00881313
0.00680245
0.00394756
0.00161832
0.0003563
-2.30382e-06
-9.54747e-06
-6.03269e-06
-2.16698e-06
-2.90881e-07
8.67286e-12
1.24078e-11
1.21538e-11
8.88558e-12
4.35847e-12
1.19321e-12
6.70692e-14
-9.82765e-17
-8.57617e-17
-6.60785e-17
-4.61645e-17
-2.97447e-17
-1.78715e-17
-1.00909e-17
-5.38541e-18
-2.72887e-18
-1.31768e-18
-6.08158e-19
)
;

boundaryField
{
    movingWall
    {
        type            zeroGradient;
    }
    fixedWalls
    {
        type            zeroGradient;
    }
    frontAndBack
    {
        type            empty;
    }
}

