/*--------------------------------*- C++ -*----------------------------------*\
| =========                 |                                                 |
| \\      /  F ield         | OpenFOAM: The Open Source CFD Toolbox           |
|  \\    /   O peration     | Version:  v2006                                 |
|   \\  /    A nd           | Website:  www.openfoam.com                      |
|    \\/     M anipulation  |                                                 |
\*---------------------------------------------------------------------------*/
FoamFile
{
    version     2.0;
    format      ascii;
    class       volVectorField;
    location    "0";
    object      U_new;
}
// * * * * * * * * * * * * * * * * * * * * * * * * * * * * * * * * * * * * * //

dimensions      [0 1 -1 0 0 0 0];


internalField   nonuniform List<vector> 
2500
(
(0.000584 -0.042632 0)
(0.000584 -0.127896 0)
(0.000584 -0.21316 0)
(0.000584 -0.298424 0)
(0.000584 -0.383688 0)
(0.000584 -0.468952 0)
(0.000584 -0.554216 0)
(0.000584 -0.63948 0)
(0.000584 -0.724744 0)
(0.000584 -0.810008 0)
(0.000584 -0.895272 0)
(0.000584 -0.980536 0)
(0.000584 -1.0658 0)
(0.000584 -1.15106 0)
(0.000584 -1.23633 0)
(0.000584 -1.32159 0)
(0.000584 -1.40686 0)
(0.000584 -1.49212 0)
(0.000584 -1.57738 0)
(0.000584 -1.66265 0)
(0.000584 -1.74791 0)
(0.000584 -1.83318 0)
(0.000584 -1.91844 0)
(0.000584 -2.0037 0)
(0.000584 -2.08897 0)
(0.000584 -2.17423 0)
(0.000584 -2.2595 0)
(0.000584 -2.34476 0)
(0.000584 -2.43002 0)
(0.000584 -2.51529 0)
(0.000584 -2.60055 0)
(0.000584 -2.68582 0)
(0.000584 -2.77108 0)
(0.000584 -2.85634 0)
(0.000584 -2.94161 0)
(0.000584 -3.02687 0)
(0.000584 -3.11214 0)
(0.000584 -3.1974 0)
(0.000584 -3.28266 0)
(0.000584 -3.36793 0)
(0.000584 -3.45319 0)
(0.000584 -3.53846 0)
(0.000584 -3.62372 0)
(0.000584 -3.70898 0)
(0.000584 -3.79425 0)
(0.000584 -3.87951 0)
(0.000584 -3.96478 0)
(0.000584 -4.05004 0)
(0.000584 -4.1353 0)
(0.000584 -4.22057 0)
(0.005256 -0.042632 0)
(0.005256 -0.127896 0)
(0.005256 -0.21316 0)
(0.005256 -0.298424 0)
(0.005256 -0.383688 0)
(0.005256 -0.468952 0)
(0.005256 -0.554216 0)
(0.005256 -0.63948 0)
(0.005256 -0.724744 0)
(0.005256 -0.810008 0)
(0.005256 -0.895272 0)
(0.005256 -0.980536 0)
(0.005256 -1.0658 0)
(0.005256 -1.15106 0)
(0.005256 -1.23633 0)
(0.005256 -1.32159 0)
(0.005256 -1.40686 0)
(0.005256 -1.49212 0)
(0.005256 -1.57738 0)
(0.005256 -1.66265 0)
(0.005256 -1.74791 0)
(0.005256 -1.83318 0)
(0.005256 -1.91844 0)
(0.005256 -2.0037 0)
(0.005256 -2.08897 0)
(0.005256 -2.17423 0)
(0.005256 -2.2595 0)
(0.005256 -2.34476 0)
(0.005256 -2.43002 0)
(0.005256 -2.51529 0)
(0.005256 -2.60055 0)
(0.005256 -2.68582 0)
(0.005256 -2.77108 0)
(0.005256 -2.85634 0)
(0.005256 -2.94161 0)
(0.005256 -3.02687 0)
(0.005256 -3.11214 0)
(0.005256 -3.1974 0)
(0.005256 -3.28266 0)
(0.005256 -3.36793 0)
(0.005256 -3.45319 0)
(0.005256 -3.53846 0)
(0.005256 -3.62372 0)
(0.005256 -3.70898 0)
(0.005256 -3.79425 0)
(0.005256 -3.87951 0)
(0.005256 -3.96478 0)
(0.005256 -4.05004 0)
(0.005256 -4.1353 0)
(0.005256 -4.22057 0)
(0.0146 -0.042632 0)
(0.0146 -0.127896 0)
(0.0146 -0.21316 0)
(0.0146 -0.298424 0)
(0.0146 -0.383688 0)
(0.0146 -0.468952 0)
(0.0146 -0.554216 0)
(0.0146 -0.63948 0)
(0.0146 -0.724744 0)
(0.0146 -0.810008 0)
(0.0146 -0.895272 0)
(0.0146 -0.980536 0)
(0.0146 -1.0658 0)
(0.0146 -1.15106 0)
(0.0146 -1.23633 0)
(0.0146 -1.32159 0)
(0.0146 -1.40686 0)
(0.0146 -1.49212 0)
(0.0146 -1.57738 0)
(0.0146 -1.66265 0)
(0.0146 -1.74791 0)
(0.0146 -1.83318 0)
(0.0146 -1.91844 0)
(0.0146 -2.0037 0)
(0.0146 -2.08897 0)
(0.0146 -2.17423 0)
(0.0146 -2.2595 0)
(0.0146 -2.34476 0)
(0.0146 -2.43002 0)
(0.0146 -2.51529 0)
(0.0146 -2.60055 0)
(0.0146 -2.68582 0)
(0.0146 -2.77108 0)
(0.0146 -2.85634 0)
(0.0146 -2.94161 0)
(0.0146 -3.02687 0)
(0.0146 -3.11214 0)
(0.0146 -3.1974 0)
(0.0146 -3.28266 0)
(0.0146 -3.36793 0)
(0.0146 -3.45319 0)
(0.0146 -3.53846 0)
(0.0146 -3.62372 0)
(0.0146 -3.70898 0)
(0.0146 -3.79425 0)
(0.0146 -3.87951 0)
(0.0146 -3.96478 0)
(0.0146 -4.05004 0)
(0.0146 -4.1353 0)
(0.0146 -4.22057 0)
(0.028616 -0.042632 0)
(0.028616 -0.127896 0)
(0.028616 -0.21316 0)
(0.028616 -0.298424 0)
(0.028616 -0.383688 0)
(0.028616 -0.468952 0)
(0.028616 -0.554216 0)
(0.028616 -0.63948 0)
(0.028616 -0.724744 0)
(0.028616 -0.810008 0)
(0.028616 -0.895272 0)
(0.028616 -0.980536 0)
(0.028616 -1.0658 0)
(0.028616 -1.15106 0)
(0.028616 -1.23633 0)
(0.028616 -1.32159 0)
(0.028616 -1.40686 0)
(0.028616 -1.49212 0)
(0.028616 -1.57738 0)
(0.028616 -1.66265 0)
(0.028616 -1.74791 0)
(0.028616 -1.83318 0)
(0.028616 -1.91844 0)
(0.028616 -2.0037 0)
(0.028616 -2.08897 0)
(0.028616 -2.17423 0)
(0.028616 -2.2595 0)
(0.028616 -2.34476 0)
(0.028616 -2.43002 0)
(0.028616 -2.51529 0)
(0.028616 -2.60055 0)
(0.028616 -2.68582 0)
(0.028616 -2.77108 0)
(0.028616 -2.85634 0)
(0.028616 -2.94161 0)
(0.028616 -3.02687 0)
(0.028616 -3.11214 0)
(0.028616 -3.1974 0)
(0.028616 -3.28266 0)
(0.028616 -3.36793 0)
(0.028616 -3.45319 0)
(0.028616 -3.53846 0)
(0.028616 -3.62372 0)
(0.028616 -3.70898 0)
(0.028616 -3.79425 0)
(0.028616 -3.87951 0)
(0.028616 -3.96478 0)
(0.028616 -4.05004 0)
(0.028616 -4.1353 0)
(0.028616 -4.22057 0)
(0.047304 -0.042632 0)
(0.047304 -0.127896 0)
(0.047304 -0.21316 0)
(0.047304 -0.298424 0)
(0.047304 -0.383688 0)
(0.047304 -0.468952 0)
(0.047304 -0.554216 0)
(0.047304 -0.63948 0)
(0.047304 -0.724744 0)
(0.047304 -0.810008 0)
(0.047304 -0.895272 0)
(0.047304 -0.980536 0)
(0.047304 -1.0658 0)
(0.047304 -1.15106 0)
(0.047304 -1.23633 0)
(0.047304 -1.32159 0)
(0.047304 -1.40686 0)
(0.047304 -1.49212 0)
(0.047304 -1.57738 0)
(0.047304 -1.66265 0)
(0.047304 -1.74791 0)
(0.047304 -1.83318 0)
(0.047304 -1.91844 0)
(0.047304 -2.0037 0)
(0.047304 -2.08897 0)
(0.047304 -2.17423 0)
(0.047304 -2.2595 0)
(0.047304 -2.34476 0)
(0.047304 -2.43002 0)
(0.047304 -2.51529 0)
(0.047304 -2.60055 0)
(0.047304 -2.68582 0)
(0.047304 -2.77108 0)
(0.047304 -2.85634 0)
(0.047304 -2.94161 0)
(0.047304 -3.02687 0)
(0.047304 -3.11214 0)
(0.047304 -3.1974 0)
(0.047304 -3.28266 0)
(0.047304 -3.36793 0)
(0.047304 -3.45319 0)
(0.047304 -3.53846 0)
(0.047304 -3.62372 0)
(0.047304 -3.70898 0)
(0.047304 -3.79425 0)
(0.047304 -3.87951 0)
(0.047304 -3.96478 0)
(0.047304 -4.05004 0)
(0.047304 -4.1353 0)
(0.047304 -4.22057 0)
(0.070664 -0.042632 0)
(0.070664 -0.127896 0)
(0.070664 -0.21316 0)
(0.070664 -0.298424 0)
(0.070664 -0.383688 0)
(0.070664 -0.468952 0)
(0.070664 -0.554216 0)
(0.070664 -0.63948 0)
(0.070664 -0.724744 0)
(0.070664 -0.810008 0)
(0.070664 -0.895272 0)
(0.070664 -0.980536 0)
(0.070664 -1.0658 0)
(0.070664 -1.15106 0)
(0.070664 -1.23633 0)
(0.070664 -1.32159 0)
(0.070664 -1.40686 0)
(0.070664 -1.49212 0)
(0.070664 -1.57738 0)
(0.070664 -1.66265 0)
(0.070664 -1.74791 0)
(0.070664 -1.83318 0)
(0.070664 -1.91844 0)
(0.070664 -2.0037 0)
(0.070664 -2.08897 0)
(0.070664 -2.17423 0)
(0.070664 -2.2595 0)
(0.070664 -2.34476 0)
(0.070664 -2.43002 0)
(0.070664 -2.51529 0)
(0.070664 -2.60055 0)
(0.070664 -2.68582 0)
(0.070664 -2.77108 0)
(0.070664 -2.85634 0)
(0.070664 -2.94161 0)
(0.070664 -3.02687 0)
(0.070664 -3.11214 0)
(0.070664 -3.1974 0)
(0.070664 -3.28266 0)
(0.070664 -3.36793 0)
(0.070664 -3.45319 0)
(0.070664 -3.53846 0)
(0.070664 -3.62372 0)
(0.070664 -3.70898 0)
(0.070664 -3.79425 0)
(0.070664 -3.87951 0)
(0.070664 -3.96478 0)
(0.070664 -4.05004 0)
(0.070664 -4.1353 0)
(0.070664 -4.22057 0)
(0.098696 -0.042632 0)
(0.098696 -0.127896 0)
(0.098696 -0.21316 0)
(0.098696 -0.298424 0)
(0.098696 -0.383688 0)
(0.098696 -0.468952 0)
(0.098696 -0.554216 0)
(0.098696 -0.63948 0)
(0.098696 -0.724744 0)
(0.098696 -0.810008 0)
(0.098696 -0.895272 0)
(0.098696 -0.980536 0)
(0.098696 -1.0658 0)
(0.098696 -1.15106 0)
(0.098696 -1.23633 0)
(0.098696 -1.32159 0)
(0.098696 -1.40686 0)
(0.098696 -1.49212 0)
(0.098696 -1.57738 0)
(0.098696 -1.66265 0)
(0.098696 -1.74791 0)
(0.098696 -1.83318 0)
(0.098696 -1.91844 0)
(0.098696 -2.0037 0)
(0.098696 -2.08897 0)
(0.098696 -2.17423 0)
(0.098696 -2.2595 0)
(0.098696 -2.34476 0)
(0.098696 -2.43002 0)
(0.098696 -2.51529 0)
(0.098696 -2.60055 0)
(0.098696 -2.68582 0)
(0.098696 -2.77108 0)
(0.098696 -2.85634 0)
(0.098696 -2.94161 0)
(0.098696 -3.02687 0)
(0.098696 -3.11214 0)
(0.098696 -3.1974 0)
(0.098696 -3.28266 0)
(0.098696 -3.36793 0)
(0.098696 -3.45319 0)
(0.098696 -3.53846 0)
(0.098696 -3.62372 0)
(0.098696 -3.70898 0)
(0.098696 -3.79425 0)
(0.098696 -3.87951 0)
(0.098696 -3.96478 0)
(0.098696 -4.05004 0)
(0.098696 -4.1353 0)
(0.098696 -4.22057 0)
(0.1314 -0.042632 0)
(0.1314 -0.127896 0)
(0.1314 -0.21316 0)
(0.1314 -0.298424 0)
(0.1314 -0.383688 0)
(0.1314 -0.468952 0)
(0.1314 -0.554216 0)
(0.1314 -0.63948 0)
(0.1314 -0.724744 0)
(0.1314 -0.810008 0)
(0.1314 -0.895272 0)
(0.1314 -0.980536 0)
(0.1314 -1.0658 0)
(0.1314 -1.15106 0)
(0.1314 -1.23633 0)
(0.1314 -1.32159 0)
(0.1314 -1.40686 0)
(0.1314 -1.49212 0)
(0.1314 -1.57738 0)
(0.1314 -1.66265 0)
(0.1314 -1.74791 0)
(0.1314 -1.83318 0)
(0.1314 -1.91844 0)
(0.1314 -2.0037 0)
(0.1314 -2.08897 0)
(0.1314 -2.17423 0)
(0.1314 -2.2595 0)
(0.1314 -2.34476 0)
(0.1314 -2.43002 0)
(0.1314 -2.51529 0)
(0.1314 -2.60055 0)
(0.1314 -2.68582 0)
(0.1314 -2.77108 0)
(0.1314 -2.85634 0)
(0.1314 -2.94161 0)
(0.1314 -3.02687 0)
(0.1314 -3.11214 0)
(0.1314 -3.1974 0)
(0.1314 -3.28266 0)
(0.1314 -3.36793 0)
(0.1314 -3.45319 0)
(0.1314 -3.53846 0)
(0.1314 -3.62372 0)
(0.1314 -3.70898 0)
(0.1314 -3.79425 0)
(0.1314 -3.87951 0)
(0.1314 -3.96478 0)
(0.1314 -4.05004 0)
(0.1314 -4.1353 0)
(0.1314 -4.22057 0)
(0.168776 -0.042632 0)
(0.168776 -0.127896 0)
(0.168776 -0.21316 0)
(0.168776 -0.298424 0)
(0.168776 -0.383688 0)
(0.168776 -0.468952 0)
(0.168776 -0.554216 0)
(0.168776 -0.63948 0)
(0.168776 -0.724744 0)
(0.168776 -0.810008 0)
(0.168776 -0.895272 0)
(0.168776 -0.980536 0)
(0.168776 -1.0658 0)
(0.168776 -1.15106 0)
(0.168776 -1.23633 0)
(0.168776 -1.32159 0)
(0.168776 -1.40686 0)
(0.168776 -1.49212 0)
(0.168776 -1.57738 0)
(0.168776 -1.66265 0)
(0.168776 -1.74791 0)
(0.168776 -1.83318 0)
(0.168776 -1.91844 0)
(0.168776 -2.0037 0)
(0.168776 -2.08897 0)
(0.168776 -2.17423 0)
(0.168776 -2.2595 0)
(0.168776 -2.34476 0)
(0.168776 -2.43002 0)
(0.168776 -2.51529 0)
(0.168776 -2.60055 0)
(0.168776 -2.68582 0)
(0.168776 -2.77108 0)
(0.168776 -2.85634 0)
(0.168776 -2.94161 0)
(0.168776 -3.02687 0)
(0.168776 -3.11214 0)
(0.168776 -3.1974 0)
(0.168776 -3.28266 0)
(0.168776 -3.36793 0)
(0.168776 -3.45319 0)
(0.168776 -3.53846 0)
(0.168776 -3.62372 0)
(0.168776 -3.70898 0)
(0.168776 -3.79425 0)
(0.168776 -3.87951 0)
(0.168776 -3.96478 0)
(0.168776 -4.05004 0)
(0.168776 -4.1353 0)
(0.168776 -4.22057 0)
(0.210824 -0.042632 0)
(0.210824 -0.127896 0)
(0.210824 -0.21316 0)
(0.210824 -0.298424 0)
(0.210824 -0.383688 0)
(0.210824 -0.468952 0)
(0.210824 -0.554216 0)
(0.210824 -0.63948 0)
(0.210824 -0.724744 0)
(0.210824 -0.810008 0)
(0.210824 -0.895272 0)
(0.210824 -0.980536 0)
(0.210824 -1.0658 0)
(0.210824 -1.15106 0)
(0.210824 -1.23633 0)
(0.210824 -1.32159 0)
(0.210824 -1.40686 0)
(0.210824 -1.49212 0)
(0.210824 -1.57738 0)
(0.210824 -1.66265 0)
(0.210824 -1.74791 0)
(0.210824 -1.83318 0)
(0.210824 -1.91844 0)
(0.210824 -2.0037 0)
(0.210824 -2.08897 0)
(0.210824 -2.17423 0)
(0.210824 -2.2595 0)
(0.210824 -2.34476 0)
(0.210824 -2.43002 0)
(0.210824 -2.51529 0)
(0.210824 -2.60055 0)
(0.210824 -2.68582 0)
(0.210824 -2.77108 0)
(0.210824 -2.85634 0)
(0.210824 -2.94161 0)
(0.210824 -3.02687 0)
(0.210824 -3.11214 0)
(0.210824 -3.1974 0)
(0.210824 -3.28266 0)
(0.210824 -3.36793 0)
(0.210824 -3.45319 0)
(0.210824 -3.53846 0)
(0.210824 -3.62372 0)
(0.210824 -3.70898 0)
(0.210824 -3.79425 0)
(0.210824 -3.87951 0)
(0.210824 -3.96478 0)
(0.210824 -4.05004 0)
(0.210824 -4.1353 0)
(0.210824 -4.22057 0)
(0.257544 -0.042632 0)
(0.257544 -0.127896 0)
(0.257544 -0.21316 0)
(0.257544 -0.298424 0)
(0.257544 -0.383688 0)
(0.257544 -0.468952 0)
(0.257544 -0.554216 0)
(0.257544 -0.63948 0)
(0.257544 -0.724744 0)
(0.257544 -0.810008 0)
(0.257544 -0.895272 0)
(0.257544 -0.980536 0)
(0.257544 -1.0658 0)
(0.257544 -1.15106 0)
(0.257544 -1.23633 0)
(0.257544 -1.32159 0)
(0.257544 -1.40686 0)
(0.257544 -1.49212 0)
(0.257544 -1.57738 0)
(0.257544 -1.66265 0)
(0.257544 -1.74791 0)
(0.257544 -1.83318 0)
(0.257544 -1.91844 0)
(0.257544 -2.0037 0)
(0.257544 -2.08897 0)
(0.257544 -2.17423 0)
(0.257544 -2.2595 0)
(0.257544 -2.34476 0)
(0.257544 -2.43002 0)
(0.257544 -2.51529 0)
(0.257544 -2.60055 0)
(0.257544 -2.68582 0)
(0.257544 -2.77108 0)
(0.257544 -2.85634 0)
(0.257544 -2.94161 0)
(0.257544 -3.02687 0)
(0.257544 -3.11214 0)
(0.257544 -3.1974 0)
(0.257544 -3.28266 0)
(0.257544 -3.36793 0)
(0.257544 -3.45319 0)
(0.257544 -3.53846 0)
(0.257544 -3.62372 0)
(0.257544 -3.70898 0)
(0.257544 -3.79425 0)
(0.257544 -3.87951 0)
(0.257544 -3.96478 0)
(0.257544 -4.05004 0)
(0.257544 -4.1353 0)
(0.257544 -4.22057 0)
(0.308936 -0.042632 0)
(0.308936 -0.127896 0)
(0.308936 -0.21316 0)
(0.308936 -0.298424 0)
(0.308936 -0.383688 0)
(0.308936 -0.468952 0)
(0.308936 -0.554216 0)
(0.308936 -0.63948 0)
(0.308936 -0.724744 0)
(0.308936 -0.810008 0)
(0.308936 -0.895272 0)
(0.308936 -0.980536 0)
(0.308936 -1.0658 0)
(0.308936 -1.15106 0)
(0.308936 -1.23633 0)
(0.308936 -1.32159 0)
(0.308936 -1.40686 0)
(0.308936 -1.49212 0)
(0.308936 -1.57738 0)
(0.308936 -1.66265 0)
(0.308936 -1.74791 0)
(0.308936 -1.83318 0)
(0.308936 -1.91844 0)
(0.308936 -2.0037 0)
(0.308936 -2.08897 0)
(0.308936 -2.17423 0)
(0.308936 -2.2595 0)
(0.308936 -2.34476 0)
(0.308936 -2.43002 0)
(0.308936 -2.51529 0)
(0.308936 -2.60055 0)
(0.308936 -2.68582 0)
(0.308936 -2.77108 0)
(0.308936 -2.85634 0)
(0.308936 -2.94161 0)
(0.308936 -3.02687 0)
(0.308936 -3.11214 0)
(0.308936 -3.1974 0)
(0.308936 -3.28266 0)
(0.308936 -3.36793 0)
(0.308936 -3.45319 0)
(0.308936 -3.53846 0)
(0.308936 -3.62372 0)
(0.308936 -3.70898 0)
(0.308936 -3.79425 0)
(0.308936 -3.87951 0)
(0.308936 -3.96478 0)
(0.308936 -4.05004 0)
(0.308936 -4.1353 0)
(0.308936 -4.22057 0)
(0.365 -0.042632 0)
(0.365 -0.127896 0)
(0.365 -0.21316 0)
(0.365 -0.298424 0)
(0.365 -0.383688 0)
(0.365 -0.468952 0)
(0.365 -0.554216 0)
(0.365 -0.63948 0)
(0.365 -0.724744 0)
(0.365 -0.810008 0)
(0.365 -0.895272 0)
(0.365 -0.980536 0)
(0.365 -1.0658 0)
(0.365 -1.15106 0)
(0.365 -1.23633 0)
(0.365 -1.32159 0)
(0.365 -1.40686 0)
(0.365 -1.49212 0)
(0.365 -1.57738 0)
(0.365 -1.66265 0)
(0.365 -1.74791 0)
(0.365 -1.83318 0)
(0.365 -1.91844 0)
(0.365 -2.0037 0)
(0.365 -2.08897 0)
(0.365 -2.17423 0)
(0.365 -2.2595 0)
(0.365 -2.34476 0)
(0.365 -2.43002 0)
(0.365 -2.51529 0)
(0.365 -2.60055 0)
(0.365 -2.68582 0)
(0.365 -2.77108 0)
(0.365 -2.85634 0)
(0.365 -2.94161 0)
(0.365 -3.02687 0)
(0.365 -3.11214 0)
(0.365 -3.1974 0)
(0.365 -3.28266 0)
(0.365 -3.36793 0)
(0.365 -3.45319 0)
(0.365 -3.53846 0)
(0.365 -3.62372 0)
(0.365 -3.70898 0)
(0.365 -3.79425 0)
(0.365 -3.87951 0)
(0.365 -3.96478 0)
(0.365 -4.05004 0)
(0.365 -4.1353 0)
(0.365 -4.22057 0)
(0.425736 -0.042632 0)
(0.425736 -0.127896 0)
(0.425736 -0.21316 0)
(0.425736 -0.298424 0)
(0.425736 -0.383688 0)
(0.425736 -0.468952 0)
(0.425736 -0.554216 0)
(0.425736 -0.63948 0)
(0.425736 -0.724744 0)
(0.425736 -0.810008 0)
(0.425736 -0.895272 0)
(0.425736 -0.980536 0)
(0.425736 -1.0658 0)
(0.425736 -1.15106 0)
(0.425736 -1.23633 0)
(0.425736 -1.32159 0)
(0.425736 -1.40686 0)
(0.425736 -1.49212 0)
(0.425736 -1.57738 0)
(0.425736 -1.66265 0)
(0.425736 -1.74791 0)
(0.425736 -1.83318 0)
(0.425736 -1.91844 0)
(0.425736 -2.0037 0)
(0.425736 -2.08897 0)
(0.425736 -2.17423 0)
(0.425736 -2.2595 0)
(0.425736 -2.34476 0)
(0.425736 -2.43002 0)
(0.425736 -2.51529 0)
(0.425736 -2.60055 0)
(0.425736 -2.68582 0)
(0.425736 -2.77108 0)
(0.425736 -2.85634 0)
(0.425736 -2.94161 0)
(0.425736 -3.02687 0)
(0.425736 -3.11214 0)
(0.425736 -3.1974 0)
(0.425736 -3.28266 0)
(0.425736 -3.36793 0)
(0.425736 -3.45319 0)
(0.425736 -3.53846 0)
(0.425736 -3.62372 0)
(0.425736 -3.70898 0)
(0.425736 -3.79425 0)
(0.425736 -3.87951 0)
(0.425736 -3.96478 0)
(0.425736 -4.05004 0)
(0.425736 -4.1353 0)
(0.425736 -4.22057 0)
(0.491144 -0.042632 0)
(0.491144 -0.127896 0)
(0.491144 -0.21316 0)
(0.491144 -0.298424 0)
(0.491144 -0.383688 0)
(0.491144 -0.468952 0)
(0.491144 -0.554216 0)
(0.491144 -0.63948 0)
(0.491144 -0.724744 0)
(0.491144 -0.810008 0)
(0.491144 -0.895272 0)
(0.491144 -0.980536 0)
(0.491144 -1.0658 0)
(0.491144 -1.15106 0)
(0.491144 -1.23633 0)
(0.491144 -1.32159 0)
(0.491144 -1.40686 0)
(0.491144 -1.49212 0)
(0.491144 -1.57738 0)
(0.491144 -1.66265 0)
(0.491144 -1.74791 0)
(0.491144 -1.83318 0)
(0.491144 -1.91844 0)
(0.491144 -2.0037 0)
(0.491144 -2.08897 0)
(0.491144 -2.17423 0)
(0.491144 -2.2595 0)
(0.491144 -2.34476 0)
(0.491144 -2.43002 0)
(0.491144 -2.51529 0)
(0.491144 -2.60055 0)
(0.491144 -2.68582 0)
(0.491144 -2.77108 0)
(0.491144 -2.85634 0)
(0.491144 -2.94161 0)
(0.491144 -3.02687 0)
(0.491144 -3.11214 0)
(0.491144 -3.1974 0)
(0.491144 -3.28266 0)
(0.491144 -3.36793 0)
(0.491144 -3.45319 0)
(0.491144 -3.53846 0)
(0.491144 -3.62372 0)
(0.491144 -3.70898 0)
(0.491144 -3.79425 0)
(0.491144 -3.87951 0)
(0.491144 -3.96478 0)
(0.491144 -4.05004 0)
(0.491144 -4.1353 0)
(0.491144 -4.22057 0)
(0.561224 -0.042632 0)
(0.561224 -0.127896 0)
(0.561224 -0.21316 0)
(0.561224 -0.298424 0)
(0.561224 -0.383688 0)
(0.561224 -0.468952 0)
(0.561224 -0.554216 0)
(0.561224 -0.63948 0)
(0.561224 -0.724744 0)
(0.561224 -0.810008 0)
(0.561224 -0.895272 0)
(0.561224 -0.980536 0)
(0.561224 -1.0658 0)
(0.561224 -1.15106 0)
(0.561224 -1.23633 0)
(0.561224 -1.32159 0)
(0.561224 -1.40686 0)
(0.561224 -1.49212 0)
(0.561224 -1.57738 0)
(0.561224 -1.66265 0)
(0.561224 -1.74791 0)
(0.561224 -1.83318 0)
(0.561224 -1.91844 0)
(0.561224 -2.0037 0)
(0.561224 -2.08897 0)
(0.561224 -2.17423 0)
(0.561224 -2.2595 0)
(0.561224 -2.34476 0)
(0.561224 -2.43002 0)
(0.561224 -2.51529 0)
(0.561224 -2.60055 0)
(0.561224 -2.68582 0)
(0.561224 -2.77108 0)
(0.561224 -2.85634 0)
(0.561224 -2.94161 0)
(0.561224 -3.02687 0)
(0.561224 -3.11214 0)
(0.561224 -3.1974 0)
(0.561224 -3.28266 0)
(0.561224 -3.36793 0)
(0.561224 -3.45319 0)
(0.561224 -3.53846 0)
(0.561224 -3.62372 0)
(0.561224 -3.70898 0)
(0.561224 -3.79425 0)
(0.561224 -3.87951 0)
(0.561224 -3.96478 0)
(0.561224 -4.05004 0)
(0.561224 -4.1353 0)
(0.561224 -4.22057 0)
(0.635976 -0.042632 0)
(0.635976 -0.127896 0)
(0.635976 -0.21316 0)
(0.635976 -0.298424 0)
(0.635976 -0.383688 0)
(0.635976 -0.468952 0)
(0.635976 -0.554216 0)
(0.635976 -0.63948 0)
(0.635976 -0.724744 0)
(0.635976 -0.810008 0)
(0.635976 -0.895272 0)
(0.635976 -0.980536 0)
(0.635976 -1.0658 0)
(0.635976 -1.15106 0)
(0.635976 -1.23633 0)
(0.635976 -1.32159 0)
(0.635976 -1.40686 0)
(0.635976 -1.49212 0)
(0.635976 -1.57738 0)
(0.635976 -1.66265 0)
(0.635976 -1.74791 0)
(0.635976 -1.83318 0)
(0.635976 -1.91844 0)
(0.635976 -2.0037 0)
(0.635976 -2.08897 0)
(0.635976 -2.17423 0)
(0.635976 -2.2595 0)
(0.635976 -2.34476 0)
(0.635976 -2.43002 0)
(0.635976 -2.51529 0)
(0.635976 -2.60055 0)
(0.635976 -2.68582 0)
(0.635976 -2.77108 0)
(0.635976 -2.85634 0)
(0.635976 -2.94161 0)
(0.635976 -3.02687 0)
(0.635976 -3.11214 0)
(0.635976 -3.1974 0)
(0.635976 -3.28266 0)
(0.635976 -3.36793 0)
(0.635976 -3.45319 0)
(0.635976 -3.53846 0)
(0.635976 -3.62372 0)
(0.635976 -3.70898 0)
(0.635976 -3.79425 0)
(0.635976 -3.87951 0)
(0.635976 -3.96478 0)
(0.635976 -4.05004 0)
(0.635976 -4.1353 0)
(0.635976 -4.22057 0)
(0.7154 -0.042632 0)
(0.7154 -0.127896 0)
(0.7154 -0.21316 0)
(0.7154 -0.298424 0)
(0.7154 -0.383688 0)
(0.7154 -0.468952 0)
(0.7154 -0.554216 0)
(0.7154 -0.63948 0)
(0.7154 -0.724744 0)
(0.7154 -0.810008 0)
(0.7154 -0.895272 0)
(0.7154 -0.980536 0)
(0.7154 -1.0658 0)
(0.7154 -1.15106 0)
(0.7154 -1.23633 0)
(0.7154 -1.32159 0)
(0.7154 -1.40686 0)
(0.7154 -1.49212 0)
(0.7154 -1.57738 0)
(0.7154 -1.66265 0)
(0.7154 -1.74791 0)
(0.7154 -1.83318 0)
(0.7154 -1.91844 0)
(0.7154 -2.0037 0)
(0.7154 -2.08897 0)
(0.7154 -2.17423 0)
(0.7154 -2.2595 0)
(0.7154 -2.34476 0)
(0.7154 -2.43002 0)
(0.7154 -2.51529 0)
(0.7154 -2.60055 0)
(0.7154 -2.68582 0)
(0.7154 -2.77108 0)
(0.7154 -2.85634 0)
(0.7154 -2.94161 0)
(0.7154 -3.02687 0)
(0.7154 -3.11214 0)
(0.7154 -3.1974 0)
(0.7154 -3.28266 0)
(0.7154 -3.36793 0)
(0.7154 -3.45319 0)
(0.7154 -3.53846 0)
(0.7154 -3.62372 0)
(0.7154 -3.70898 0)
(0.7154 -3.79425 0)
(0.7154 -3.87951 0)
(0.7154 -3.96478 0)
(0.7154 -4.05004 0)
(0.7154 -4.1353 0)
(0.7154 -4.22057 0)
(0.799496 -0.042632 0)
(0.799496 -0.127896 0)
(0.799496 -0.21316 0)
(0.799496 -0.298424 0)
(0.799496 -0.383688 0)
(0.799496 -0.468952 0)
(0.799496 -0.554216 0)
(0.799496 -0.63948 0)
(0.799496 -0.724744 0)
(0.799496 -0.810008 0)
(0.799496 -0.895272 0)
(0.799496 -0.980536 0)
(0.799496 -1.0658 0)
(0.799496 -1.15106 0)
(0.799496 -1.23633 0)
(0.799496 -1.32159 0)
(0.799496 -1.40686 0)
(0.799496 -1.49212 0)
(0.799496 -1.57738 0)
(0.799496 -1.66265 0)
(0.799496 -1.74791 0)
(0.799496 -1.83318 0)
(0.799496 -1.91844 0)
(0.799496 -2.0037 0)
(0.799496 -2.08897 0)
(0.799496 -2.17423 0)
(0.799496 -2.2595 0)
(0.799496 -2.34476 0)
(0.799496 -2.43002 0)
(0.799496 -2.51529 0)
(0.799496 -2.60055 0)
(0.799496 -2.68582 0)
(0.799496 -2.77108 0)
(0.799496 -2.85634 0)
(0.799496 -2.94161 0)
(0.799496 -3.02687 0)
(0.799496 -3.11214 0)
(0.799496 -3.1974 0)
(0.799496 -3.28266 0)
(0.799496 -3.36793 0)
(0.799496 -3.45319 0)
(0.799496 -3.53846 0)
(0.799496 -3.62372 0)
(0.799496 -3.70898 0)
(0.799496 -3.79425 0)
(0.799496 -3.87951 0)
(0.799496 -3.96478 0)
(0.799496 -4.05004 0)
(0.799496 -4.1353 0)
(0.799496 -4.22057 0)
(0.888264 -0.042632 0)
(0.888264 -0.127896 0)
(0.888264 -0.21316 0)
(0.888264 -0.298424 0)
(0.888264 -0.383688 0)
(0.888264 -0.468952 0)
(0.888264 -0.554216 0)
(0.888264 -0.63948 0)
(0.888264 -0.724744 0)
(0.888264 -0.810008 0)
(0.888264 -0.895272 0)
(0.888264 -0.980536 0)
(0.888264 -1.0658 0)
(0.888264 -1.15106 0)
(0.888264 -1.23633 0)
(0.888264 -1.32159 0)
(0.888264 -1.40686 0)
(0.888264 -1.49212 0)
(0.888264 -1.57738 0)
(0.888264 -1.66265 0)
(0.888264 -1.74791 0)
(0.888264 -1.83318 0)
(0.888264 -1.91844 0)
(0.888264 -2.0037 0)
(0.888264 -2.08897 0)
(0.888264 -2.17423 0)
(0.888264 -2.2595 0)
(0.888264 -2.34476 0)
(0.888264 -2.43002 0)
(0.888264 -2.51529 0)
(0.888264 -2.60055 0)
(0.888264 -2.68582 0)
(0.888264 -2.77108 0)
(0.888264 -2.85634 0)
(0.888264 -2.94161 0)
(0.888264 -3.02687 0)
(0.888264 -3.11214 0)
(0.888264 -3.1974 0)
(0.888264 -3.28266 0)
(0.888264 -3.36793 0)
(0.888264 -3.45319 0)
(0.888264 -3.53846 0)
(0.888264 -3.62372 0)
(0.888264 -3.70898 0)
(0.888264 -3.79425 0)
(0.888264 -3.87951 0)
(0.888264 -3.96478 0)
(0.888264 -4.05004 0)
(0.888264 -4.1353 0)
(0.888264 -4.22057 0)
(0.981704 -0.042632 0)
(0.981704 -0.127896 0)
(0.981704 -0.21316 0)
(0.981704 -0.298424 0)
(0.981704 -0.383688 0)
(0.981704 -0.468952 0)
(0.981704 -0.554216 0)
(0.981704 -0.63948 0)
(0.981704 -0.724744 0)
(0.981704 -0.810008 0)
(0.981704 -0.895272 0)
(0.981704 -0.980536 0)
(0.981704 -1.0658 0)
(0.981704 -1.15106 0)
(0.981704 -1.23633 0)
(0.981704 -1.32159 0)
(0.981704 -1.40686 0)
(0.981704 -1.49212 0)
(0.981704 -1.57738 0)
(0.981704 -1.66265 0)
(0.981704 -1.74791 0)
(0.981704 -1.83318 0)
(0.981704 -1.91844 0)
(0.981704 -2.0037 0)
(0.981704 -2.08897 0)
(0.981704 -2.17423 0)
(0.981704 -2.2595 0)
(0.981704 -2.34476 0)
(0.981704 -2.43002 0)
(0.981704 -2.51529 0)
(0.981704 -2.60055 0)
(0.981704 -2.68582 0)
(0.981704 -2.77108 0)
(0.981704 -2.85634 0)
(0.981704 -2.94161 0)
(0.981704 -3.02687 0)
(0.981704 -3.11214 0)
(0.981704 -3.1974 0)
(0.981704 -3.28266 0)
(0.981704 -3.36793 0)
(0.981704 -3.45319 0)
(0.981704 -3.53846 0)
(0.981704 -3.62372 0)
(0.981704 -3.70898 0)
(0.981704 -3.79425 0)
(0.981704 -3.87951 0)
(0.981704 -3.96478 0)
(0.981704 -4.05004 0)
(0.981704 -4.1353 0)
(0.981704 -4.22057 0)
(1.07982 -0.042632 0)
(1.07982 -0.127896 0)
(1.07982 -0.21316 0)
(1.07982 -0.298424 0)
(1.07982 -0.383688 0)
(1.07982 -0.468952 0)
(1.07982 -0.554216 0)
(1.07982 -0.63948 0)
(1.07982 -0.724744 0)
(1.07982 -0.810008 0)
(1.07982 -0.895272 0)
(1.07982 -0.980536 0)
(1.07982 -1.0658 0)
(1.07982 -1.15106 0)
(1.07982 -1.23633 0)
(1.07982 -1.32159 0)
(1.07982 -1.40686 0)
(1.07982 -1.49212 0)
(1.07982 -1.57738 0)
(1.07982 -1.66265 0)
(1.07982 -1.74791 0)
(1.07982 -1.83318 0)
(1.07982 -1.91844 0)
(1.07982 -2.0037 0)
(1.07982 -2.08897 0)
(1.07982 -2.17423 0)
(1.07982 -2.2595 0)
(1.07982 -2.34476 0)
(1.07982 -2.43002 0)
(1.07982 -2.51529 0)
(1.07982 -2.60055 0)
(1.07982 -2.68582 0)
(1.07982 -2.77108 0)
(1.07982 -2.85634 0)
(1.07982 -2.94161 0)
(1.07982 -3.02687 0)
(1.07982 -3.11214 0)
(1.07982 -3.1974 0)
(1.07982 -3.28266 0)
(1.07982 -3.36793 0)
(1.07982 -3.45319 0)
(1.07982 -3.53846 0)
(1.07982 -3.62372 0)
(1.07982 -3.70898 0)
(1.07982 -3.79425 0)
(1.07982 -3.87951 0)
(1.07982 -3.96478 0)
(1.07982 -4.05004 0)
(1.07982 -4.1353 0)
(1.07982 -4.22057 0)
(1.1826 -0.042632 0)
(1.1826 -0.127896 0)
(1.1826 -0.21316 0)
(1.1826 -0.298424 0)
(1.1826 -0.383688 0)
(1.1826 -0.468952 0)
(1.1826 -0.554216 0)
(1.1826 -0.63948 0)
(1.1826 -0.724744 0)
(1.1826 -0.810008 0)
(1.1826 -0.895272 0)
(1.1826 -0.980536 0)
(1.1826 -1.0658 0)
(1.1826 -1.15106 0)
(1.1826 -1.23633 0)
(1.1826 -1.32159 0)
(1.1826 -1.40686 0)
(1.1826 -1.49212 0)
(1.1826 -1.57738 0)
(1.1826 -1.66265 0)
(1.1826 -1.74791 0)
(1.1826 -1.83318 0)
(1.1826 -1.91844 0)
(1.1826 -2.0037 0)
(1.1826 -2.08897 0)
(1.1826 -2.17423 0)
(1.1826 -2.2595 0)
(1.1826 -2.34476 0)
(1.1826 -2.43002 0)
(1.1826 -2.51529 0)
(1.1826 -2.60055 0)
(1.1826 -2.68582 0)
(1.1826 -2.77108 0)
(1.1826 -2.85634 0)
(1.1826 -2.94161 0)
(1.1826 -3.02687 0)
(1.1826 -3.11214 0)
(1.1826 -3.1974 0)
(1.1826 -3.28266 0)
(1.1826 -3.36793 0)
(1.1826 -3.45319 0)
(1.1826 -3.53846 0)
(1.1826 -3.62372 0)
(1.1826 -3.70898 0)
(1.1826 -3.79425 0)
(1.1826 -3.87951 0)
(1.1826 -3.96478 0)
(1.1826 -4.05004 0)
(1.1826 -4.1353 0)
(1.1826 -4.22057 0)
(1.29006 -0.042632 0)
(1.29006 -0.127896 0)
(1.29006 -0.21316 0)
(1.29006 -0.298424 0)
(1.29006 -0.383688 0)
(1.29006 -0.468952 0)
(1.29006 -0.554216 0)
(1.29006 -0.63948 0)
(1.29006 -0.724744 0)
(1.29006 -0.810008 0)
(1.29006 -0.895272 0)
(1.29006 -0.980536 0)
(1.29006 -1.0658 0)
(1.29006 -1.15106 0)
(1.29006 -1.23633 0)
(1.29006 -1.32159 0)
(1.29006 -1.40686 0)
(1.29006 -1.49212 0)
(1.29006 -1.57738 0)
(1.29006 -1.66265 0)
(1.29006 -1.74791 0)
(1.29006 -1.83318 0)
(1.29006 -1.91844 0)
(1.29006 -2.0037 0)
(1.29006 -2.08897 0)
(1.29006 -2.17423 0)
(1.29006 -2.2595 0)
(1.29006 -2.34476 0)
(1.29006 -2.43002 0)
(1.29006 -2.51529 0)
(1.29006 -2.60055 0)
(1.29006 -2.68582 0)
(1.29006 -2.77108 0)
(1.29006 -2.85634 0)
(1.29006 -2.94161 0)
(1.29006 -3.02687 0)
(1.29006 -3.11214 0)
(1.29006 -3.1974 0)
(1.29006 -3.28266 0)
(1.29006 -3.36793 0)
(1.29006 -3.45319 0)
(1.29006 -3.53846 0)
(1.29006 -3.62372 0)
(1.29006 -3.70898 0)
(1.29006 -3.79425 0)
(1.29006 -3.87951 0)
(1.29006 -3.96478 0)
(1.29006 -4.05004 0)
(1.29006 -4.1353 0)
(1.29006 -4.22057 0)
(1.40218 -0.042632 0)
(1.40218 -0.127896 0)
(1.40218 -0.21316 0)
(1.40218 -0.298424 0)
(1.40218 -0.383688 0)
(1.40218 -0.468952 0)
(1.40218 -0.554216 0)
(1.40218 -0.63948 0)
(1.40218 -0.724744 0)
(1.40218 -0.810008 0)
(1.40218 -0.895272 0)
(1.40218 -0.980536 0)
(1.40218 -1.0658 0)
(1.40218 -1.15106 0)
(1.40218 -1.23633 0)
(1.40218 -1.32159 0)
(1.40218 -1.40686 0)
(1.40218 -1.49212 0)
(1.40218 -1.57738 0)
(1.40218 -1.66265 0)
(1.40218 -1.74791 0)
(1.40218 -1.83318 0)
(1.40218 -1.91844 0)
(1.40218 -2.0037 0)
(1.40218 -2.08897 0)
(1.40218 -2.17423 0)
(1.40218 -2.2595 0)
(1.40218 -2.34476 0)
(1.40218 -2.43002 0)
(1.40218 -2.51529 0)
(1.40218 -2.60055 0)
(1.40218 -2.68582 0)
(1.40218 -2.77108 0)
(1.40218 -2.85634 0)
(1.40218 -2.94161 0)
(1.40218 -3.02687 0)
(1.40218 -3.11214 0)
(1.40218 -3.1974 0)
(1.40218 -3.28266 0)
(1.40218 -3.36793 0)
(1.40218 -3.45319 0)
(1.40218 -3.53846 0)
(1.40218 -3.62372 0)
(1.40218 -3.70898 0)
(1.40218 -3.79425 0)
(1.40218 -3.87951 0)
(1.40218 -3.96478 0)
(1.40218 -4.05004 0)
(1.40218 -4.1353 0)
(1.40218 -4.22057 0)
(1.51898 -0.042632 0)
(1.51898 -0.127896 0)
(1.51898 -0.21316 0)
(1.51898 -0.298424 0)
(1.51898 -0.383688 0)
(1.51898 -0.468952 0)
(1.51898 -0.554216 0)
(1.51898 -0.63948 0)
(1.51898 -0.724744 0)
(1.51898 -0.810008 0)
(1.51898 -0.895272 0)
(1.51898 -0.980536 0)
(1.51898 -1.0658 0)
(1.51898 -1.15106 0)
(1.51898 -1.23633 0)
(1.51898 -1.32159 0)
(1.51898 -1.40686 0)
(1.51898 -1.49212 0)
(1.51898 -1.57738 0)
(1.51898 -1.66265 0)
(1.51898 -1.74791 0)
(1.51898 -1.83318 0)
(1.51898 -1.91844 0)
(1.51898 -2.0037 0)
(1.51898 -2.08897 0)
(1.51898 -2.17423 0)
(1.51898 -2.2595 0)
(1.51898 -2.34476 0)
(1.51898 -2.43002 0)
(1.51898 -2.51529 0)
(1.51898 -2.60055 0)
(1.51898 -2.68582 0)
(1.51898 -2.77108 0)
(1.51898 -2.85634 0)
(1.51898 -2.94161 0)
(1.51898 -3.02687 0)
(1.51898 -3.11214 0)
(1.51898 -3.1974 0)
(1.51898 -3.28266 0)
(1.51898 -3.36793 0)
(1.51898 -3.45319 0)
(1.51898 -3.53846 0)
(1.51898 -3.62372 0)
(1.51898 -3.70898 0)
(1.51898 -3.79425 0)
(1.51898 -3.87951 0)
(1.51898 -3.96478 0)
(1.51898 -4.05004 0)
(1.51898 -4.1353 0)
(1.51898 -4.22057 0)
(1.64046 -0.042632 0)
(1.64046 -0.127896 0)
(1.64046 -0.21316 0)
(1.64046 -0.298424 0)
(1.64046 -0.383688 0)
(1.64046 -0.468952 0)
(1.64046 -0.554216 0)
(1.64046 -0.63948 0)
(1.64046 -0.724744 0)
(1.64046 -0.810008 0)
(1.64046 -0.895272 0)
(1.64046 -0.980536 0)
(1.64046 -1.0658 0)
(1.64046 -1.15106 0)
(1.64046 -1.23633 0)
(1.64046 -1.32159 0)
(1.64046 -1.40686 0)
(1.64046 -1.49212 0)
(1.64046 -1.57738 0)
(1.64046 -1.66265 0)
(1.64046 -1.74791 0)
(1.64046 -1.83318 0)
(1.64046 -1.91844 0)
(1.64046 -2.0037 0)
(1.64046 -2.08897 0)
(1.64046 -2.17423 0)
(1.64046 -2.2595 0)
(1.64046 -2.34476 0)
(1.64046 -2.43002 0)
(1.64046 -2.51529 0)
(1.64046 -2.60055 0)
(1.64046 -2.68582 0)
(1.64046 -2.77108 0)
(1.64046 -2.85634 0)
(1.64046 -2.94161 0)
(1.64046 -3.02687 0)
(1.64046 -3.11214 0)
(1.64046 -3.1974 0)
(1.64046 -3.28266 0)
(1.64046 -3.36793 0)
(1.64046 -3.45319 0)
(1.64046 -3.53846 0)
(1.64046 -3.62372 0)
(1.64046 -3.70898 0)
(1.64046 -3.79425 0)
(1.64046 -3.87951 0)
(1.64046 -3.96478 0)
(1.64046 -4.05004 0)
(1.64046 -4.1353 0)
(1.64046 -4.22057 0)
(1.7666 -0.042632 0)
(1.7666 -0.127896 0)
(1.7666 -0.21316 0)
(1.7666 -0.298424 0)
(1.7666 -0.383688 0)
(1.7666 -0.468952 0)
(1.7666 -0.554216 0)
(1.7666 -0.63948 0)
(1.7666 -0.724744 0)
(1.7666 -0.810008 0)
(1.7666 -0.895272 0)
(1.7666 -0.980536 0)
(1.7666 -1.0658 0)
(1.7666 -1.15106 0)
(1.7666 -1.23633 0)
(1.7666 -1.32159 0)
(1.7666 -1.40686 0)
(1.7666 -1.49212 0)
(1.7666 -1.57738 0)
(1.7666 -1.66265 0)
(1.7666 -1.74791 0)
(1.7666 -1.83318 0)
(1.7666 -1.91844 0)
(1.7666 -2.0037 0)
(1.7666 -2.08897 0)
(1.7666 -2.17423 0)
(1.7666 -2.2595 0)
(1.7666 -2.34476 0)
(1.7666 -2.43002 0)
(1.7666 -2.51529 0)
(1.7666 -2.60055 0)
(1.7666 -2.68582 0)
(1.7666 -2.77108 0)
(1.7666 -2.85634 0)
(1.7666 -2.94161 0)
(1.7666 -3.02687 0)
(1.7666 -3.11214 0)
(1.7666 -3.1974 0)
(1.7666 -3.28266 0)
(1.7666 -3.36793 0)
(1.7666 -3.45319 0)
(1.7666 -3.53846 0)
(1.7666 -3.62372 0)
(1.7666 -3.70898 0)
(1.7666 -3.79425 0)
(1.7666 -3.87951 0)
(1.7666 -3.96478 0)
(1.7666 -4.05004 0)
(1.7666 -4.1353 0)
(1.7666 -4.22057 0)
(1.89742 -0.042632 0)
(1.89742 -0.127896 0)
(1.89742 -0.21316 0)
(1.89742 -0.298424 0)
(1.89742 -0.383688 0)
(1.89742 -0.468952 0)
(1.89742 -0.554216 0)
(1.89742 -0.63948 0)
(1.89742 -0.724744 0)
(1.89742 -0.810008 0)
(1.89742 -0.895272 0)
(1.89742 -0.980536 0)
(1.89742 -1.0658 0)
(1.89742 -1.15106 0)
(1.89742 -1.23633 0)
(1.89742 -1.32159 0)
(1.89742 -1.40686 0)
(1.89742 -1.49212 0)
(1.89742 -1.57738 0)
(1.89742 -1.66265 0)
(1.89742 -1.74791 0)
(1.89742 -1.83318 0)
(1.89742 -1.91844 0)
(1.89742 -2.0037 0)
(1.89742 -2.08897 0)
(1.89742 -2.17423 0)
(1.89742 -2.2595 0)
(1.89742 -2.34476 0)
(1.89742 -2.43002 0)
(1.89742 -2.51529 0)
(1.89742 -2.60055 0)
(1.89742 -2.68582 0)
(1.89742 -2.77108 0)
(1.89742 -2.85634 0)
(1.89742 -2.94161 0)
(1.89742 -3.02687 0)
(1.89742 -3.11214 0)
(1.89742 -3.1974 0)
(1.89742 -3.28266 0)
(1.89742 -3.36793 0)
(1.89742 -3.45319 0)
(1.89742 -3.53846 0)
(1.89742 -3.62372 0)
(1.89742 -3.70898 0)
(1.89742 -3.79425 0)
(1.89742 -3.87951 0)
(1.89742 -3.96478 0)
(1.89742 -4.05004 0)
(1.89742 -4.1353 0)
(1.89742 -4.22057 0)
(2.0329 -0.042632 0)
(2.0329 -0.127896 0)
(2.0329 -0.21316 0)
(2.0329 -0.298424 0)
(2.0329 -0.383688 0)
(2.0329 -0.468952 0)
(2.0329 -0.554216 0)
(2.0329 -0.63948 0)
(2.0329 -0.724744 0)
(2.0329 -0.810008 0)
(2.0329 -0.895272 0)
(2.0329 -0.980536 0)
(2.0329 -1.0658 0)
(2.0329 -1.15106 0)
(2.0329 -1.23633 0)
(2.0329 -1.32159 0)
(2.0329 -1.40686 0)
(2.0329 -1.49212 0)
(2.0329 -1.57738 0)
(2.0329 -1.66265 0)
(2.0329 -1.74791 0)
(2.0329 -1.83318 0)
(2.0329 -1.91844 0)
(2.0329 -2.0037 0)
(2.0329 -2.08897 0)
(2.0329 -2.17423 0)
(2.0329 -2.2595 0)
(2.0329 -2.34476 0)
(2.0329 -2.43002 0)
(2.0329 -2.51529 0)
(2.0329 -2.60055 0)
(2.0329 -2.68582 0)
(2.0329 -2.77108 0)
(2.0329 -2.85634 0)
(2.0329 -2.94161 0)
(2.0329 -3.02687 0)
(2.0329 -3.11214 0)
(2.0329 -3.1974 0)
(2.0329 -3.28266 0)
(2.0329 -3.36793 0)
(2.0329 -3.45319 0)
(2.0329 -3.53846 0)
(2.0329 -3.62372 0)
(2.0329 -3.70898 0)
(2.0329 -3.79425 0)
(2.0329 -3.87951 0)
(2.0329 -3.96478 0)
(2.0329 -4.05004 0)
(2.0329 -4.1353 0)
(2.0329 -4.22057 0)
(2.17306 -0.042632 0)
(2.17306 -0.127896 0)
(2.17306 -0.21316 0)
(2.17306 -0.298424 0)
(2.17306 -0.383688 0)
(2.17306 -0.468952 0)
(2.17306 -0.554216 0)
(2.17306 -0.63948 0)
(2.17306 -0.724744 0)
(2.17306 -0.810008 0)
(2.17306 -0.895272 0)
(2.17306 -0.980536 0)
(2.17306 -1.0658 0)
(2.17306 -1.15106 0)
(2.17306 -1.23633 0)
(2.17306 -1.32159 0)
(2.17306 -1.40686 0)
(2.17306 -1.49212 0)
(2.17306 -1.57738 0)
(2.17306 -1.66265 0)
(2.17306 -1.74791 0)
(2.17306 -1.83318 0)
(2.17306 -1.91844 0)
(2.17306 -2.0037 0)
(2.17306 -2.08897 0)
(2.17306 -2.17423 0)
(2.17306 -2.2595 0)
(2.17306 -2.34476 0)
(2.17306 -2.43002 0)
(2.17306 -2.51529 0)
(2.17306 -2.60055 0)
(2.17306 -2.68582 0)
(2.17306 -2.77108 0)
(2.17306 -2.85634 0)
(2.17306 -2.94161 0)
(2.17306 -3.02687 0)
(2.17306 -3.11214 0)
(2.17306 -3.1974 0)
(2.17306 -3.28266 0)
(2.17306 -3.36793 0)
(2.17306 -3.45319 0)
(2.17306 -3.53846 0)
(2.17306 -3.62372 0)
(2.17306 -3.70898 0)
(2.17306 -3.79425 0)
(2.17306 -3.87951 0)
(2.17306 -3.96478 0)
(2.17306 -4.05004 0)
(2.17306 -4.1353 0)
(2.17306 -4.22057 0)
(2.3179 -0.042632 0)
(2.3179 -0.127896 0)
(2.3179 -0.21316 0)
(2.3179 -0.298424 0)
(2.3179 -0.383688 0)
(2.3179 -0.468952 0)
(2.3179 -0.554216 0)
(2.3179 -0.63948 0)
(2.3179 -0.724744 0)
(2.3179 -0.810008 0)
(2.3179 -0.895272 0)
(2.3179 -0.980536 0)
(2.3179 -1.0658 0)
(2.3179 -1.15106 0)
(2.3179 -1.23633 0)
(2.3179 -1.32159 0)
(2.3179 -1.40686 0)
(2.3179 -1.49212 0)
(2.3179 -1.57738 0)
(2.3179 -1.66265 0)
(2.3179 -1.74791 0)
(2.3179 -1.83318 0)
(2.3179 -1.91844 0)
(2.3179 -2.0037 0)
(2.3179 -2.08897 0)
(2.3179 -2.17423 0)
(2.3179 -2.2595 0)
(2.3179 -2.34476 0)
(2.3179 -2.43002 0)
(2.3179 -2.51529 0)
(2.3179 -2.60055 0)
(2.3179 -2.68582 0)
(2.3179 -2.77108 0)
(2.3179 -2.85634 0)
(2.3179 -2.94161 0)
(2.3179 -3.02687 0)
(2.3179 -3.11214 0)
(2.3179 -3.1974 0)
(2.3179 -3.28266 0)
(2.3179 -3.36793 0)
(2.3179 -3.45319 0)
(2.3179 -3.53846 0)
(2.3179 -3.62372 0)
(2.3179 -3.70898 0)
(2.3179 -3.79425 0)
(2.3179 -3.87951 0)
(2.3179 -3.96478 0)
(2.3179 -4.05004 0)
(2.3179 -4.1353 0)
(2.3179 -4.22057 0)
(2.4674 -0.042632 0)
(2.4674 -0.127896 0)
(2.4674 -0.21316 0)
(2.4674 -0.298424 0)
(2.4674 -0.383688 0)
(2.4674 -0.468952 0)
(2.4674 -0.554216 0)
(2.4674 -0.63948 0)
(2.4674 -0.724744 0)
(2.4674 -0.810008 0)
(2.4674 -0.895272 0)
(2.4674 -0.980536 0)
(2.4674 -1.0658 0)
(2.4674 -1.15106 0)
(2.4674 -1.23633 0)
(2.4674 -1.32159 0)
(2.4674 -1.40686 0)
(2.4674 -1.49212 0)
(2.4674 -1.57738 0)
(2.4674 -1.66265 0)
(2.4674 -1.74791 0)
(2.4674 -1.83318 0)
(2.4674 -1.91844 0)
(2.4674 -2.0037 0)
(2.4674 -2.08897 0)
(2.4674 -2.17423 0)
(2.4674 -2.2595 0)
(2.4674 -2.34476 0)
(2.4674 -2.43002 0)
(2.4674 -2.51529 0)
(2.4674 -2.60055 0)
(2.4674 -2.68582 0)
(2.4674 -2.77108 0)
(2.4674 -2.85634 0)
(2.4674 -2.94161 0)
(2.4674 -3.02687 0)
(2.4674 -3.11214 0)
(2.4674 -3.1974 0)
(2.4674 -3.28266 0)
(2.4674 -3.36793 0)
(2.4674 -3.45319 0)
(2.4674 -3.53846 0)
(2.4674 -3.62372 0)
(2.4674 -3.70898 0)
(2.4674 -3.79425 0)
(2.4674 -3.87951 0)
(2.4674 -3.96478 0)
(2.4674 -4.05004 0)
(2.4674 -4.1353 0)
(2.4674 -4.22057 0)
(2.62158 -0.042632 0)
(2.62158 -0.127896 0)
(2.62158 -0.21316 0)
(2.62158 -0.298424 0)
(2.62158 -0.383688 0)
(2.62158 -0.468952 0)
(2.62158 -0.554216 0)
(2.62158 -0.63948 0)
(2.62158 -0.724744 0)
(2.62158 -0.810008 0)
(2.62158 -0.895272 0)
(2.62158 -0.980536 0)
(2.62158 -1.0658 0)
(2.62158 -1.15106 0)
(2.62158 -1.23633 0)
(2.62158 -1.32159 0)
(2.62158 -1.40686 0)
(2.62158 -1.49212 0)
(2.62158 -1.57738 0)
(2.62158 -1.66265 0)
(2.62158 -1.74791 0)
(2.62158 -1.83318 0)
(2.62158 -1.91844 0)
(2.62158 -2.0037 0)
(2.62158 -2.08897 0)
(2.62158 -2.17423 0)
(2.62158 -2.2595 0)
(2.62158 -2.34476 0)
(2.62158 -2.43002 0)
(2.62158 -2.51529 0)
(2.62158 -2.60055 0)
(2.62158 -2.68582 0)
(2.62158 -2.77108 0)
(2.62158 -2.85634 0)
(2.62158 -2.94161 0)
(2.62158 -3.02687 0)
(2.62158 -3.11214 0)
(2.62158 -3.1974 0)
(2.62158 -3.28266 0)
(2.62158 -3.36793 0)
(2.62158 -3.45319 0)
(2.62158 -3.53846 0)
(2.62158 -3.62372 0)
(2.62158 -3.70898 0)
(2.62158 -3.79425 0)
(2.62158 -3.87951 0)
(2.62158 -3.96478 0)
(2.62158 -4.05004 0)
(2.62158 -4.1353 0)
(2.62158 -4.22057 0)
(2.78042 -0.042632 0)
(2.78042 -0.127896 0)
(2.78042 -0.21316 0)
(2.78042 -0.298424 0)
(2.78042 -0.383688 0)
(2.78042 -0.468952 0)
(2.78042 -0.554216 0)
(2.78042 -0.63948 0)
(2.78042 -0.724744 0)
(2.78042 -0.810008 0)
(2.78042 -0.895272 0)
(2.78042 -0.980536 0)
(2.78042 -1.0658 0)
(2.78042 -1.15106 0)
(2.78042 -1.23633 0)
(2.78042 -1.32159 0)
(2.78042 -1.40686 0)
(2.78042 -1.49212 0)
(2.78042 -1.57738 0)
(2.78042 -1.66265 0)
(2.78042 -1.74791 0)
(2.78042 -1.83318 0)
(2.78042 -1.91844 0)
(2.78042 -2.0037 0)
(2.78042 -2.08897 0)
(2.78042 -2.17423 0)
(2.78042 -2.2595 0)
(2.78042 -2.34476 0)
(2.78042 -2.43002 0)
(2.78042 -2.51529 0)
(2.78042 -2.60055 0)
(2.78042 -2.68582 0)
(2.78042 -2.77108 0)
(2.78042 -2.85634 0)
(2.78042 -2.94161 0)
(2.78042 -3.02687 0)
(2.78042 -3.11214 0)
(2.78042 -3.1974 0)
(2.78042 -3.28266 0)
(2.78042 -3.36793 0)
(2.78042 -3.45319 0)
(2.78042 -3.53846 0)
(2.78042 -3.62372 0)
(2.78042 -3.70898 0)
(2.78042 -3.79425 0)
(2.78042 -3.87951 0)
(2.78042 -3.96478 0)
(2.78042 -4.05004 0)
(2.78042 -4.1353 0)
(2.78042 -4.22057 0)
(2.94394 -0.042632 0)
(2.94394 -0.127896 0)
(2.94394 -0.21316 0)
(2.94394 -0.298424 0)
(2.94394 -0.383688 0)
(2.94394 -0.468952 0)
(2.94394 -0.554216 0)
(2.94394 -0.63948 0)
(2.94394 -0.724744 0)
(2.94394 -0.810008 0)
(2.94394 -0.895272 0)
(2.94394 -0.980536 0)
(2.94394 -1.0658 0)
(2.94394 -1.15106 0)
(2.94394 -1.23633 0)
(2.94394 -1.32159 0)
(2.94394 -1.40686 0)
(2.94394 -1.49212 0)
(2.94394 -1.57738 0)
(2.94394 -1.66265 0)
(2.94394 -1.74791 0)
(2.94394 -1.83318 0)
(2.94394 -1.91844 0)
(2.94394 -2.0037 0)
(2.94394 -2.08897 0)
(2.94394 -2.17423 0)
(2.94394 -2.2595 0)
(2.94394 -2.34476 0)
(2.94394 -2.43002 0)
(2.94394 -2.51529 0)
(2.94394 -2.60055 0)
(2.94394 -2.68582 0)
(2.94394 -2.77108 0)
(2.94394 -2.85634 0)
(2.94394 -2.94161 0)
(2.94394 -3.02687 0)
(2.94394 -3.11214 0)
(2.94394 -3.1974 0)
(2.94394 -3.28266 0)
(2.94394 -3.36793 0)
(2.94394 -3.45319 0)
(2.94394 -3.53846 0)
(2.94394 -3.62372 0)
(2.94394 -3.70898 0)
(2.94394 -3.79425 0)
(2.94394 -3.87951 0)
(2.94394 -3.96478 0)
(2.94394 -4.05004 0)
(2.94394 -4.1353 0)
(2.94394 -4.22057 0)
(3.11214 -0.042632 0)
(3.11214 -0.127896 0)
(3.11214 -0.21316 0)
(3.11214 -0.298424 0)
(3.11214 -0.383688 0)
(3.11214 -0.468952 0)
(3.11214 -0.554216 0)
(3.11214 -0.63948 0)
(3.11214 -0.724744 0)
(3.11214 -0.810008 0)
(3.11214 -0.895272 0)
(3.11214 -0.980536 0)
(3.11214 -1.0658 0)
(3.11214 -1.15106 0)
(3.11214 -1.23633 0)
(3.11214 -1.32159 0)
(3.11214 -1.40686 0)
(3.11214 -1.49212 0)
(3.11214 -1.57738 0)
(3.11214 -1.66265 0)
(3.11214 -1.74791 0)
(3.11214 -1.83318 0)
(3.11214 -1.91844 0)
(3.11214 -2.0037 0)
(3.11214 -2.08897 0)
(3.11214 -2.17423 0)
(3.11214 -2.2595 0)
(3.11214 -2.34476 0)
(3.11214 -2.43002 0)
(3.11214 -2.51529 0)
(3.11214 -2.60055 0)
(3.11214 -2.68582 0)
(3.11214 -2.77108 0)
(3.11214 -2.85634 0)
(3.11214 -2.94161 0)
(3.11214 -3.02687 0)
(3.11214 -3.11214 0)
(3.11214 -3.1974 0)
(3.11214 -3.28266 0)
(3.11214 -3.36793 0)
(3.11214 -3.45319 0)
(3.11214 -3.53846 0)
(3.11214 -3.62372 0)
(3.11214 -3.70898 0)
(3.11214 -3.79425 0)
(3.11214 -3.87951 0)
(3.11214 -3.96478 0)
(3.11214 -4.05004 0)
(3.11214 -4.1353 0)
(3.11214 -4.22057 0)
(3.285 -0.042632 0)
(3.285 -0.127896 0)
(3.285 -0.21316 0)
(3.285 -0.298424 0)
(3.285 -0.383688 0)
(3.285 -0.468952 0)
(3.285 -0.554216 0)
(3.285 -0.63948 0)
(3.285 -0.724744 0)
(3.285 -0.810008 0)
(3.285 -0.895272 0)
(3.285 -0.980536 0)
(3.285 -1.0658 0)
(3.285 -1.15106 0)
(3.285 -1.23633 0)
(3.285 -1.32159 0)
(3.285 -1.40686 0)
(3.285 -1.49212 0)
(3.285 -1.57738 0)
(3.285 -1.66265 0)
(3.285 -1.74791 0)
(3.285 -1.83318 0)
(3.285 -1.91844 0)
(3.285 -2.0037 0)
(3.285 -2.08897 0)
(3.285 -2.17423 0)
(3.285 -2.2595 0)
(3.285 -2.34476 0)
(3.285 -2.43002 0)
(3.285 -2.51529 0)
(3.285 -2.60055 0)
(3.285 -2.68582 0)
(3.285 -2.77108 0)
(3.285 -2.85634 0)
(3.285 -2.94161 0)
(3.285 -3.02687 0)
(3.285 -3.11214 0)
(3.285 -3.1974 0)
(3.285 -3.28266 0)
(3.285 -3.36793 0)
(3.285 -3.45319 0)
(3.285 -3.53846 0)
(3.285 -3.62372 0)
(3.285 -3.70898 0)
(3.285 -3.79425 0)
(3.285 -3.87951 0)
(3.285 -3.96478 0)
(3.285 -4.05004 0)
(3.285 -4.1353 0)
(3.285 -4.22057 0)
(3.46254 -0.042632 0)
(3.46254 -0.127896 0)
(3.46254 -0.21316 0)
(3.46254 -0.298424 0)
(3.46254 -0.383688 0)
(3.46254 -0.468952 0)
(3.46254 -0.554216 0)
(3.46254 -0.63948 0)
(3.46254 -0.724744 0)
(3.46254 -0.810008 0)
(3.46254 -0.895272 0)
(3.46254 -0.980536 0)
(3.46254 -1.0658 0)
(3.46254 -1.15106 0)
(3.46254 -1.23633 0)
(3.46254 -1.32159 0)
(3.46254 -1.40686 0)
(3.46254 -1.49212 0)
(3.46254 -1.57738 0)
(3.46254 -1.66265 0)
(3.46254 -1.74791 0)
(3.46254 -1.83318 0)
(3.46254 -1.91844 0)
(3.46254 -2.0037 0)
(3.46254 -2.08897 0)
(3.46254 -2.17423 0)
(3.46254 -2.2595 0)
(3.46254 -2.34476 0)
(3.46254 -2.43002 0)
(3.46254 -2.51529 0)
(3.46254 -2.60055 0)
(3.46254 -2.68582 0)
(3.46254 -2.77108 0)
(3.46254 -2.85634 0)
(3.46254 -2.94161 0)
(3.46254 -3.02687 0)
(3.46254 -3.11214 0)
(3.46254 -3.1974 0)
(3.46254 -3.28266 0)
(3.46254 -3.36793 0)
(3.46254 -3.45319 0)
(3.46254 -3.53846 0)
(3.46254 -3.62372 0)
(3.46254 -3.70898 0)
(3.46254 -3.79425 0)
(3.46254 -3.87951 0)
(3.46254 -3.96478 0)
(3.46254 -4.05004 0)
(3.46254 -4.1353 0)
(3.46254 -4.22057 0)
(3.64474 -0.042632 0)
(3.64474 -0.127896 0)
(3.64474 -0.21316 0)
(3.64474 -0.298424 0)
(3.64474 -0.383688 0)
(3.64474 -0.468952 0)
(3.64474 -0.554216 0)
(3.64474 -0.63948 0)
(3.64474 -0.724744 0)
(3.64474 -0.810008 0)
(3.64474 -0.895272 0)
(3.64474 -0.980536 0)
(3.64474 -1.0658 0)
(3.64474 -1.15106 0)
(3.64474 -1.23633 0)
(3.64474 -1.32159 0)
(3.64474 -1.40686 0)
(3.64474 -1.49212 0)
(3.64474 -1.57738 0)
(3.64474 -1.66265 0)
(3.64474 -1.74791 0)
(3.64474 -1.83318 0)
(3.64474 -1.91844 0)
(3.64474 -2.0037 0)
(3.64474 -2.08897 0)
(3.64474 -2.17423 0)
(3.64474 -2.2595 0)
(3.64474 -2.34476 0)
(3.64474 -2.43002 0)
(3.64474 -2.51529 0)
(3.64474 -2.60055 0)
(3.64474 -2.68582 0)
(3.64474 -2.77108 0)
(3.64474 -2.85634 0)
(3.64474 -2.94161 0)
(3.64474 -3.02687 0)
(3.64474 -3.11214 0)
(3.64474 -3.1974 0)
(3.64474 -3.28266 0)
(3.64474 -3.36793 0)
(3.64474 -3.45319 0)
(3.64474 -3.53846 0)
(3.64474 -3.62372 0)
(3.64474 -3.70898 0)
(3.64474 -3.79425 0)
(3.64474 -3.87951 0)
(3.64474 -3.96478 0)
(3.64474 -4.05004 0)
(3.64474 -4.1353 0)
(3.64474 -4.22057 0)
(3.83162 -0.042632 0)
(3.83162 -0.127896 0)
(3.83162 -0.21316 0)
(3.83162 -0.298424 0)
(3.83162 -0.383688 0)
(3.83162 -0.468952 0)
(3.83162 -0.554216 0)
(3.83162 -0.63948 0)
(3.83162 -0.724744 0)
(3.83162 -0.810008 0)
(3.83162 -0.895272 0)
(3.83162 -0.980536 0)
(3.83162 -1.0658 0)
(3.83162 -1.15106 0)
(3.83162 -1.23633 0)
(3.83162 -1.32159 0)
(3.83162 -1.40686 0)
(3.83162 -1.49212 0)
(3.83162 -1.57738 0)
(3.83162 -1.66265 0)
(3.83162 -1.74791 0)
(3.83162 -1.83318 0)
(3.83162 -1.91844 0)
(3.83162 -2.0037 0)
(3.83162 -2.08897 0)
(3.83162 -2.17423 0)
(3.83162 -2.2595 0)
(3.83162 -2.34476 0)
(3.83162 -2.43002 0)
(3.83162 -2.51529 0)
(3.83162 -2.60055 0)
(3.83162 -2.68582 0)
(3.83162 -2.77108 0)
(3.83162 -2.85634 0)
(3.83162 -2.94161 0)
(3.83162 -3.02687 0)
(3.83162 -3.11214 0)
(3.83162 -3.1974 0)
(3.83162 -3.28266 0)
(3.83162 -3.36793 0)
(3.83162 -3.45319 0)
(3.83162 -3.53846 0)
(3.83162 -3.62372 0)
(3.83162 -3.70898 0)
(3.83162 -3.79425 0)
(3.83162 -3.87951 0)
(3.83162 -3.96478 0)
(3.83162 -4.05004 0)
(3.83162 -4.1353 0)
(3.83162 -4.22057 0)
(4.02318 -0.042632 0)
(4.02318 -0.127896 0)
(4.02318 -0.21316 0)
(4.02318 -0.298424 0)
(4.02318 -0.383688 0)
(4.02318 -0.468952 0)
(4.02318 -0.554216 0)
(4.02318 -0.63948 0)
(4.02318 -0.724744 0)
(4.02318 -0.810008 0)
(4.02318 -0.895272 0)
(4.02318 -0.980536 0)
(4.02318 -1.0658 0)
(4.02318 -1.15106 0)
(4.02318 -1.23633 0)
(4.02318 -1.32159 0)
(4.02318 -1.40686 0)
(4.02318 -1.49212 0)
(4.02318 -1.57738 0)
(4.02318 -1.66265 0)
(4.02318 -1.74791 0)
(4.02318 -1.83318 0)
(4.02318 -1.91844 0)
(4.02318 -2.0037 0)
(4.02318 -2.08897 0)
(4.02318 -2.17423 0)
(4.02318 -2.2595 0)
(4.02318 -2.34476 0)
(4.02318 -2.43002 0)
(4.02318 -2.51529 0)
(4.02318 -2.60055 0)
(4.02318 -2.68582 0)
(4.02318 -2.77108 0)
(4.02318 -2.85634 0)
(4.02318 -2.94161 0)
(4.02318 -3.02687 0)
(4.02318 -3.11214 0)
(4.02318 -3.1974 0)
(4.02318 -3.28266 0)
(4.02318 -3.36793 0)
(4.02318 -3.45319 0)
(4.02318 -3.53846 0)
(4.02318 -3.62372 0)
(4.02318 -3.70898 0)
(4.02318 -3.79425 0)
(4.02318 -3.87951 0)
(4.02318 -3.96478 0)
(4.02318 -4.05004 0)
(4.02318 -4.1353 0)
(4.02318 -4.22057 0)
(4.2194 -0.042632 0)
(4.2194 -0.127896 0)
(4.2194 -0.21316 0)
(4.2194 -0.298424 0)
(4.2194 -0.383688 0)
(4.2194 -0.468952 0)
(4.2194 -0.554216 0)
(4.2194 -0.63948 0)
(4.2194 -0.724744 0)
(4.2194 -0.810008 0)
(4.2194 -0.895272 0)
(4.2194 -0.980536 0)
(4.2194 -1.0658 0)
(4.2194 -1.15106 0)
(4.2194 -1.23633 0)
(4.2194 -1.32159 0)
(4.2194 -1.40686 0)
(4.2194 -1.49212 0)
(4.2194 -1.57738 0)
(4.2194 -1.66265 0)
(4.2194 -1.74791 0)
(4.2194 -1.83318 0)
(4.2194 -1.91844 0)
(4.2194 -2.0037 0)
(4.2194 -2.08897 0)
(4.2194 -2.17423 0)
(4.2194 -2.2595 0)
(4.2194 -2.34476 0)
(4.2194 -2.43002 0)
(4.2194 -2.51529 0)
(4.2194 -2.60055 0)
(4.2194 -2.68582 0)
(4.2194 -2.77108 0)
(4.2194 -2.85634 0)
(4.2194 -2.94161 0)
(4.2194 -3.02687 0)
(4.2194 -3.11214 0)
(4.2194 -3.1974 0)
(4.2194 -3.28266 0)
(4.2194 -3.36793 0)
(4.2194 -3.45319 0)
(4.2194 -3.53846 0)
(4.2194 -3.62372 0)
(4.2194 -3.70898 0)
(4.2194 -3.79425 0)
(4.2194 -3.87951 0)
(4.2194 -3.96478 0)
(4.2194 -4.05004 0)
(4.2194 -4.1353 0)
(4.2194 -4.22057 0)
(4.4203 -0.042632 0)
(4.4203 -0.127896 0)
(4.4203 -0.21316 0)
(4.4203 -0.298424 0)
(4.4203 -0.383688 0)
(4.4203 -0.468952 0)
(4.4203 -0.554216 0)
(4.4203 -0.63948 0)
(4.4203 -0.724744 0)
(4.4203 -0.810008 0)
(4.4203 -0.895272 0)
(4.4203 -0.980536 0)
(4.4203 -1.0658 0)
(4.4203 -1.15106 0)
(4.4203 -1.23633 0)
(4.4203 -1.32159 0)
(4.4203 -1.40686 0)
(4.4203 -1.49212 0)
(4.4203 -1.57738 0)
(4.4203 -1.66265 0)
(4.4203 -1.74791 0)
(4.4203 -1.83318 0)
(4.4203 -1.91844 0)
(4.4203 -2.0037 0)
(4.4203 -2.08897 0)
(4.4203 -2.17423 0)
(4.4203 -2.2595 0)
(4.4203 -2.34476 0)
(4.4203 -2.43002 0)
(4.4203 -2.51529 0)
(4.4203 -2.60055 0)
(4.4203 -2.68582 0)
(4.4203 -2.77108 0)
(4.4203 -2.85634 0)
(4.4203 -2.94161 0)
(4.4203 -3.02687 0)
(4.4203 -3.11214 0)
(4.4203 -3.1974 0)
(4.4203 -3.28266 0)
(4.4203 -3.36793 0)
(4.4203 -3.45319 0)
(4.4203 -3.53846 0)
(4.4203 -3.62372 0)
(4.4203 -3.70898 0)
(4.4203 -3.79425 0)
(4.4203 -3.87951 0)
(4.4203 -3.96478 0)
(4.4203 -4.05004 0)
(4.4203 -4.1353 0)
(4.4203 -4.22057 0)
(4.62586 -0.042632 0)
(4.62586 -0.127896 0)
(4.62586 -0.21316 0)
(4.62586 -0.298424 0)
(4.62586 -0.383688 0)
(4.62586 -0.468952 0)
(4.62586 -0.554216 0)
(4.62586 -0.63948 0)
(4.62586 -0.724744 0)
(4.62586 -0.810008 0)
(4.62586 -0.895272 0)
(4.62586 -0.980536 0)
(4.62586 -1.0658 0)
(4.62586 -1.15106 0)
(4.62586 -1.23633 0)
(4.62586 -1.32159 0)
(4.62586 -1.40686 0)
(4.62586 -1.49212 0)
(4.62586 -1.57738 0)
(4.62586 -1.66265 0)
(4.62586 -1.74791 0)
(4.62586 -1.83318 0)
(4.62586 -1.91844 0)
(4.62586 -2.0037 0)
(4.62586 -2.08897 0)
(4.62586 -2.17423 0)
(4.62586 -2.2595 0)
(4.62586 -2.34476 0)
(4.62586 -2.43002 0)
(4.62586 -2.51529 0)
(4.62586 -2.60055 0)
(4.62586 -2.68582 0)
(4.62586 -2.77108 0)
(4.62586 -2.85634 0)
(4.62586 -2.94161 0)
(4.62586 -3.02687 0)
(4.62586 -3.11214 0)
(4.62586 -3.1974 0)
(4.62586 -3.28266 0)
(4.62586 -3.36793 0)
(4.62586 -3.45319 0)
(4.62586 -3.53846 0)
(4.62586 -3.62372 0)
(4.62586 -3.70898 0)
(4.62586 -3.79425 0)
(4.62586 -3.87951 0)
(4.62586 -3.96478 0)
(4.62586 -4.05004 0)
(4.62586 -4.1353 0)
(4.62586 -4.22057 0)
(4.8361 -0.042632 0)
(4.8361 -0.127896 0)
(4.8361 -0.21316 0)
(4.8361 -0.298424 0)
(4.8361 -0.383688 0)
(4.8361 -0.468952 0)
(4.8361 -0.554216 0)
(4.8361 -0.63948 0)
(4.8361 -0.724744 0)
(4.8361 -0.810008 0)
(4.8361 -0.895272 0)
(4.8361 -0.980536 0)
(4.8361 -1.0658 0)
(4.8361 -1.15106 0)
(4.8361 -1.23633 0)
(4.8361 -1.32159 0)
(4.8361 -1.40686 0)
(4.8361 -1.49212 0)
(4.8361 -1.57738 0)
(4.8361 -1.66265 0)
(4.8361 -1.74791 0)
(4.8361 -1.83318 0)
(4.8361 -1.91844 0)
(4.8361 -2.0037 0)
(4.8361 -2.08897 0)
(4.8361 -2.17423 0)
(4.8361 -2.2595 0)
(4.8361 -2.34476 0)
(4.8361 -2.43002 0)
(4.8361 -2.51529 0)
(4.8361 -2.60055 0)
(4.8361 -2.68582 0)
(4.8361 -2.77108 0)
(4.8361 -2.85634 0)
(4.8361 -2.94161 0)
(4.8361 -3.02687 0)
(4.8361 -3.11214 0)
(4.8361 -3.1974 0)
(4.8361 -3.28266 0)
(4.8361 -3.36793 0)
(4.8361 -3.45319 0)
(4.8361 -3.53846 0)
(4.8361 -3.62372 0)
(4.8361 -3.70898 0)
(4.8361 -3.79425 0)
(4.8361 -3.87951 0)
(4.8361 -3.96478 0)
(4.8361 -4.05004 0)
(4.8361 -4.1353 0)
(4.8361 -4.22057 0)
(5.05102 -0.042632 0)
(5.05102 -0.127896 0)
(5.05102 -0.21316 0)
(5.05102 -0.298424 0)
(5.05102 -0.383688 0)
(5.05102 -0.468952 0)
(5.05102 -0.554216 0)
(5.05102 -0.63948 0)
(5.05102 -0.724744 0)
(5.05102 -0.810008 0)
(5.05102 -0.895272 0)
(5.05102 -0.980536 0)
(5.05102 -1.0658 0)
(5.05102 -1.15106 0)
(5.05102 -1.23633 0)
(5.05102 -1.32159 0)
(5.05102 -1.40686 0)
(5.05102 -1.49212 0)
(5.05102 -1.57738 0)
(5.05102 -1.66265 0)
(5.05102 -1.74791 0)
(5.05102 -1.83318 0)
(5.05102 -1.91844 0)
(5.05102 -2.0037 0)
(5.05102 -2.08897 0)
(5.05102 -2.17423 0)
(5.05102 -2.2595 0)
(5.05102 -2.34476 0)
(5.05102 -2.43002 0)
(5.05102 -2.51529 0)
(5.05102 -2.60055 0)
(5.05102 -2.68582 0)
(5.05102 -2.77108 0)
(5.05102 -2.85634 0)
(5.05102 -2.94161 0)
(5.05102 -3.02687 0)
(5.05102 -3.11214 0)
(5.05102 -3.1974 0)
(5.05102 -3.28266 0)
(5.05102 -3.36793 0)
(5.05102 -3.45319 0)
(5.05102 -3.53846 0)
(5.05102 -3.62372 0)
(5.05102 -3.70898 0)
(5.05102 -3.79425 0)
(5.05102 -3.87951 0)
(5.05102 -3.96478 0)
(5.05102 -4.05004 0)
(5.05102 -4.1353 0)
(5.05102 -4.22057 0)
(5.2706 -0.042632 0)
(5.2706 -0.127896 0)
(5.2706 -0.21316 0)
(5.2706 -0.298424 0)
(5.2706 -0.383688 0)
(5.2706 -0.468952 0)
(5.2706 -0.554216 0)
(5.2706 -0.63948 0)
(5.2706 -0.724744 0)
(5.2706 -0.810008 0)
(5.2706 -0.895272 0)
(5.2706 -0.980536 0)
(5.2706 -1.0658 0)
(5.2706 -1.15106 0)
(5.2706 -1.23633 0)
(5.2706 -1.32159 0)
(5.2706 -1.40686 0)
(5.2706 -1.49212 0)
(5.2706 -1.57738 0)
(5.2706 -1.66265 0)
(5.2706 -1.74791 0)
(5.2706 -1.83318 0)
(5.2706 -1.91844 0)
(5.2706 -2.0037 0)
(5.2706 -2.08897 0)
(5.2706 -2.17423 0)
(5.2706 -2.2595 0)
(5.2706 -2.34476 0)
(5.2706 -2.43002 0)
(5.2706 -2.51529 0)
(5.2706 -2.60055 0)
(5.2706 -2.68582 0)
(5.2706 -2.77108 0)
(5.2706 -2.85634 0)
(5.2706 -2.94161 0)
(5.2706 -3.02687 0)
(5.2706 -3.11214 0)
(5.2706 -3.1974 0)
(5.2706 -3.28266 0)
(5.2706 -3.36793 0)
(5.2706 -3.45319 0)
(5.2706 -3.53846 0)
(5.2706 -3.62372 0)
(5.2706 -3.70898 0)
(5.2706 -3.79425 0)
(5.2706 -3.87951 0)
(5.2706 -3.96478 0)
(5.2706 -4.05004 0)
(5.2706 -4.1353 0)
(5.2706 -4.22057 0)
(5.49486 -0.042632 0)
(5.49486 -0.127896 0)
(5.49486 -0.21316 0)
(5.49486 -0.298424 0)
(5.49486 -0.383688 0)
(5.49486 -0.468952 0)
(5.49486 -0.554216 0)
(5.49486 -0.63948 0)
(5.49486 -0.724744 0)
(5.49486 -0.810008 0)
(5.49486 -0.895272 0)
(5.49486 -0.980536 0)
(5.49486 -1.0658 0)
(5.49486 -1.15106 0)
(5.49486 -1.23633 0)
(5.49486 -1.32159 0)
(5.49486 -1.40686 0)
(5.49486 -1.49212 0)
(5.49486 -1.57738 0)
(5.49486 -1.66265 0)
(5.49486 -1.74791 0)
(5.49486 -1.83318 0)
(5.49486 -1.91844 0)
(5.49486 -2.0037 0)
(5.49486 -2.08897 0)
(5.49486 -2.17423 0)
(5.49486 -2.2595 0)
(5.49486 -2.34476 0)
(5.49486 -2.43002 0)
(5.49486 -2.51529 0)
(5.49486 -2.60055 0)
(5.49486 -2.68582 0)
(5.49486 -2.77108 0)
(5.49486 -2.85634 0)
(5.49486 -2.94161 0)
(5.49486 -3.02687 0)
(5.49486 -3.11214 0)
(5.49486 -3.1974 0)
(5.49486 -3.28266 0)
(5.49486 -3.36793 0)
(5.49486 -3.45319 0)
(5.49486 -3.53846 0)
(5.49486 -3.62372 0)
(5.49486 -3.70898 0)
(5.49486 -3.79425 0)
(5.49486 -3.87951 0)
(5.49486 -3.96478 0)
(5.49486 -4.05004 0)
(5.49486 -4.1353 0)
(5.49486 -4.22057 0)
(5.72378 -0.042632 0)
(5.72378 -0.127896 0)
(5.72378 -0.21316 0)
(5.72378 -0.298424 0)
(5.72378 -0.383688 0)
(5.72378 -0.468952 0)
(5.72378 -0.554216 0)
(5.72378 -0.63948 0)
(5.72378 -0.724744 0)
(5.72378 -0.810008 0)
(5.72378 -0.895272 0)
(5.72378 -0.980536 0)
(5.72378 -1.0658 0)
(5.72378 -1.15106 0)
(5.72378 -1.23633 0)
(5.72378 -1.32159 0)
(5.72378 -1.40686 0)
(5.72378 -1.49212 0)
(5.72378 -1.57738 0)
(5.72378 -1.66265 0)
(5.72378 -1.74791 0)
(5.72378 -1.83318 0)
(5.72378 -1.91844 0)
(5.72378 -2.0037 0)
(5.72378 -2.08897 0)
(5.72378 -2.17423 0)
(5.72378 -2.2595 0)
(5.72378 -2.34476 0)
(5.72378 -2.43002 0)
(5.72378 -2.51529 0)
(5.72378 -2.60055 0)
(5.72378 -2.68582 0)
(5.72378 -2.77108 0)
(5.72378 -2.85634 0)
(5.72378 -2.94161 0)
(5.72378 -3.02687 0)
(5.72378 -3.11214 0)
(5.72378 -3.1974 0)
(5.72378 -3.28266 0)
(5.72378 -3.36793 0)
(5.72378 -3.45319 0)
(5.72378 -3.53846 0)
(5.72378 -3.62372 0)
(5.72378 -3.70898 0)
(5.72378 -3.79425 0)
(5.72378 -3.87951 0)
(5.72378 -3.96478 0)
(5.72378 -4.05004 0)
(5.72378 -4.1353 0)
(5.72378 -4.22057 0)
)
;

boundaryField
{
    movingWall
    {
        type            calculated;
        value           uniform (0.8 -0.8 0);
    }
    fixedWalls
    {
        type            calculated;
        value           uniform (0.8 -0.8 0);
    }
    frontAndBack
    {
        type            empty;
    }
}

