3.079999923706054688e+00
3.079999923706054688e+00
3.079999923706054688e+00
3.079999923706054688e+00
3.079999923706054688e+00
3.079999923706054688e+00
3.079999923706054688e+00
3.079999923706054688e+00
3.079999923706054688e+00
3.079999923706054688e+00
3.079999923706054688e+00
3.079999923706054688e+00
3.079999923706054688e+00
3.079999923706054688e+00
3.079999923706054688e+00
3.079999923706054688e+00
3.079999923706054688e+00
3.079999923706054688e+00
3.079999923706054688e+00
3.079999923706054688e+00
3.079999923706054688e+00
3.079999923706054688e+00
3.079999923706054688e+00
3.079999923706054688e+00
3.079999923706054688e+00
3.079999923706054688e+00
3.079999923706054688e+00
3.079999923706054688e+00
3.079999923706054688e+00
3.079999923706054688e+00
3.079999923706054688e+00
3.079999923706054688e+00
3.079999923706054688e+00
3.079999923706054688e+00
3.079999923706054688e+00
3.079999923706054688e+00
3.079999923706054688e+00
3.079999923706054688e+00
3.079999923706054688e+00
3.079999923706054688e+00
3.079999923706054688e+00
3.079999923706054688e+00
3.079999923706054688e+00
3.079999923706054688e+00
3.079999923706054688e+00
3.079999923706054688e+00
3.079999923706054688e+00
3.079999923706054688e+00
3.079999923706054688e+00
3.079999923706054688e+00
