/*--------------------------------*- C++ -*----------------------------------*\
| =========                 |                                                 |
| \\      /  F ield         | OpenFOAM: The Open Source CFD Toolbox           |
|  \\    /   O peration     | Version:  v2006                                 |
|   \\  /    A nd           | Website:  www.openfoam.com                      |
|    \\/     M anipulation  |                                                 |
\*---------------------------------------------------------------------------*/
FoamFile
{
    version     2.0;
    format      ascii;
    class       volScalarField;
    location    "0";
    object      f;
}
// * * * * * * * * * * * * * * * * * * * * * * * * * * * * * * * * * * * * * //

dimensions      [0 0 0 0 0 0 0];


internalField   nonuniform List<scalar> 
2500
(
2.87462e-80
-1.48938e-65
7.68611e-58
5.59531e-53
-3.60941e-48
1.16634e-45
-1.75828e-43
-1.87561e-40
-8.13866e-39
-6.92081e-38
3.25058e-36
4.17256e-35
2.6297e-34
4.34305e-33
2.02271e-32
-8.50637e-33
-2.88402e-31
-3.97061e-32
7.23962e-30
3.6117e-29
8.16182e-29
2.78885e-29
-4.27632e-28
-1.46249e-27
-2.5808e-27
-2.85763e-27
-6.11789e-28
1.20911e-26
5.44424e-26
1.4871e-25
2.99282e-25
4.78331e-25
6.38117e-25
7.34018e-25
7.41919e-25
6.62554e-25
5.14408e-25
3.21136e-25
9.65303e-26
-1.59337e-25
-4.39679e-25
-7.07142e-25
-9.03701e-25
-9.76926e-25
-9.05557e-25
-7.23774e-25
-5.05671e-25
-3.17982e-25
-1.88638e-25
-6.75401e-26
6.17024e-78
-1.25704e-63
3.26906e-56
1.49204e-51
-7.90745e-47
1.63447e-44
-1.85e-42
-2.02932e-39
-8.17292e-38
-7.24412e-37
2.51461e-35
2.74534e-34
1.3691e-33
2.82072e-32
1.37512e-31
-3.46588e-32
-2.24149e-30
-4.75267e-30
2.17916e-29
1.50009e-28
3.89572e-28
3.39932e-28
-1.13116e-27
-4.77341e-27
-9.15618e-27
-1.21133e-26
-1.09709e-26
1.40413e-26
1.16261e-25
3.60102e-25
7.59668e-25
1.23711e-24
1.66184e-24
1.91594e-24
1.93869e-24
1.73495e-24
1.35743e-24
8.775e-25
3.4197e-25
-2.46582e-25
-8.8131e-25
-1.48849e-24
-1.94829e-24
-2.14414e-24
-2.01151e-24
-1.61184e-24
-1.11411e-24
-6.82275e-25
-3.89324e-25
-1.43313e-25
1.2309e-75
-9.33582e-62
1.25818e-54
4.02031e-50
-1.63462e-45
2.02787e-43
-1.85383e-41
-2.10494e-38
-8.01322e-37
-7.19753e-36
1.98511e-34
1.79244e-33
5.87403e-33
1.86821e-31
9.77723e-31
5.72966e-32
-1.60699e-29
-4.97607e-29
4.35305e-29
6.55959e-28
1.95977e-27
2.38774e-27
-2.9801e-27
-1.77962e-26
-3.70869e-26
-5.43856e-26
-6.6369e-26
-1.24913e-26
2.9054e-25
1.07465e-24
2.39927e-24
3.99841e-24
5.42782e-24
6.29402e-24
6.39828e-24
5.75583e-24
4.54072e-24
3.00582e-24
1.33295e-24
-4.59287e-25
-2.36802e-24
-4.19849e-24
-5.62523e-24
-6.30818e-24
-6.00553e-24
-4.84894e-24
-3.34181e-24
-2.01291e-24
-1.11553e-24
-4.17376e-25
2.41522e-73
-6.46924e-60
4.58614e-53
1.11498e-48
-3.26534e-44
2.13905e-42
-1.83281e-40
-2.06876e-37
-7.52392e-36
-6.63047e-35
1.55094e-33
1.09169e-32
7.33312e-33
1.16683e-30
6.70979e-30
2.91903e-30
-1.04929e-28
-3.97102e-28
-1.89181e-28
2.56144e-27
9.22748e-27
1.4032e-26
-3.96273e-27
-6.21904e-26
-1.43855e-25
-2.29287e-25
-3.27038e-25
-2.61643e-25
5.79417e-25
3.01287e-24
7.28093e-24
1.24995e-23
1.71954e-23
2.00908e-23
2.05534e-23
1.86207e-23
1.48284e-23
1.00268e-23
4.89128e-24
-4.69604e-25
-6.08656e-24
-1.14672e-23
-1.57864e-23
-1.81064e-23
-1.7562e-23
-1.43438e-23
-9.89157e-24
-5.87207e-24
-3.15544e-24
-1.19351e-24
4.63787e-71
-4.22552e-58
1.58734e-51
3.09853e-47
-6.29409e-43
1.57146e-41
-1.89625e-39
-1.90896e-36
-6.74238e-35
-5.62747e-34
1.21402e-32
6.15792e-32
-2.21592e-31
6.77134e-30
4.41368e-29
3.68523e-29
-6.35858e-28
-2.76526e-27
-3.23402e-27
8.25221e-27
4.0471e-26
7.38263e-26
2.12176e-26
-1.99067e-25
-5.32893e-25
-9.16144e-25
-1.43728e-24
-1.62091e-24
5.18471e-25
7.78668e-24
2.1134e-23
3.77022e-23
5.27325e-23
6.2195e-23
6.41486e-23
5.86554e-23
4.72299e-23
3.25722e-23
1.70857e-23
1.32311e-24
-1.48506e-23
-3.02388e-23
-4.29504e-23
-5.05943e-23
-5.02152e-23
-4.16689e-23
-2.8872e-23
-1.69397e-23
-8.81576e-24
-3.34631e-24
8.67821e-69
-2.61624e-56
5.2221e-50
8.43993e-46
-1.16859e-41
-2.71728e-41
-2.21804e-38
-1.63018e-35
-5.74348e-34
-4.33646e-33
9.63303e-32
3.21669e-31
-3.5281e-30
3.55866e-29
2.76557e-28
3.4272e-28
-3.61119e-27
-1.75835e-26
-2.79047e-26
1.57437e-26
1.63365e-25
3.56751e-25
2.42655e-25
-5.54843e-25
-1.8755e-24
-3.48685e-24
-5.83258e-24
-7.73039e-24
-2.95669e-24
1.78669e-23
5.83174e-23
1.09408e-22
1.56181e-22
1.86315e-22
1.94112e-22
1.79595e-22
1.46568e-22
1.03038e-22
5.71935e-23
1.15863e-23
-3.40007e-23
-7.67218e-23
-1.12946e-22
-1.37282e-22
-1.40102e-22
-1.18685e-22
-8.30246e-23
-4.83247e-23
-2.43429e-23
-9.1851e-24
1.57656e-66
-1.54025e-54
1.6326e-48
2.21929e-44
-2.08541e-40
-4.17976e-39
-3.02034e-37
-1.25542e-34
-4.62863e-33
-2.93967e-32
7.79893e-31
1.6032e-30
-3.74423e-29
1.60344e-28
1.64029e-27
2.70006e-27
-1.93265e-26
-1.04204e-25
-1.94115e-25
-5.00932e-26
5.91419e-25
1.59951e-24
1.5822e-24
-1.15377e-24
-6.21379e-24
-1.26721e-23
-2.2229e-23
-3.22624e-23
-2.3982e-23
3.30195e-23
1.51632e-22
3.04384e-22
4.45565e-22
5.38707e-22
5.68045e-22
5.33411e-22
4.42629e-22
3.17368e-22
1.84277e-22
5.42445e-23
-7.16685e-23
-1.86539e-22
-2.86032e-22
-3.60638e-22
-3.80499e-22
-3.30816e-22
-2.34914e-22
-1.36304e-22
-6.64931e-23
-2.46402e-23
2.77217e-64
-8.63537e-53
4.84464e-47
5.57722e-43
-3.56761e-39
-1.10554e-37
-4.53078e-36
-8.24045e-34
-3.50859e-32
-1.61764e-31
6.42682e-30
8.53199e-30
-3.32961e-28
5.22882e-28
9.14148e-27
1.89079e-26
-9.77903e-26
-5.81621e-25
-1.19586e-24
-8.36602e-25
1.80409e-24
6.66762e-24
8.44646e-24
-2.97487e-25
-1.90558e-23
-4.39933e-23
-8.03339e-23
-1.23112e-22
-1.17972e-22
3.03947e-23
3.66378e-22
8.08345e-22
1.22059e-21
1.4988e-21
1.60269e-21
1.53298e-21
1.29899e-21
9.51653e-22
5.73294e-22
2.07378e-22
-1.34103e-22
-4.32612e-22
-6.94535e-22
-9.13986e-22
-1.00304e-21
-9.00244e-22
-6.52947e-22
-3.79958e-22
-1.79856e-22
-6.44764e-23
4.7053e-62
-4.61261e-51
1.36169e-45
1.32977e-41
-5.83162e-38
-2.17425e-36
-6.91453e-35
-3.85517e-33
-2.48406e-31
-5.15483e-31
5.33144e-29
5.86288e-29
-2.63931e-27
3.42453e-29
4.74008e-26
1.20235e-25
-4.68863e-25
-3.0745e-24
-6.75415e-24
-6.54422e-24
3.72133e-24
2.5734e-23
4.00067e-23
1.48307e-23
-5.22621e-23
-1.45652e-22
-2.76981e-22
-4.38374e-22
-4.80332e-22
-1.15256e-22
8.02711e-22
2.03776e-21
3.19886e-21
3.99783e-21
4.343e-21
4.24992e-21
3.69846e-21
2.77753e-21
1.72634e-21
7.0842e-22
-2.03673e-22
-9.52109e-22
-1.6084e-21
-2.22521e-21
-2.55759e-21
-2.38491e-21
-1.77911e-21
-1.04593e-21
-4.82311e-22
-1.64196e-22
7.69048e-60
-2.34657e-49
3.61449e-44
2.98784e-40
-9.06922e-37
-3.67642e-35
-1.01947e-33
9.94872e-34
-1.62872e-30
2.80399e-30
4.38254e-28
5.32224e-28
-1.91061e-26
-1.89783e-26
2.25265e-25
7.01302e-25
-2.13443e-24
-1.54308e-23
-3.5524e-23
-4.0694e-23
-3.19536e-24
9.09022e-23
1.73087e-22
1.12902e-22
-1.17402e-22
-4.57888e-22
-9.15066e-22
-1.47314e-21
-1.746e-21
-9.02559e-22
1.51353e-21
4.83986e-21
7.98416e-21
1.0177e-20
1.12475e-20
1.13211e-20
1.01957e-20
7.88853e-21
5.04217e-21
2.23916e-21
-1.69703e-22
-1.97895e-21
-3.52956e-21
-5.17777e-21
-6.28141e-21
-6.12859e-21
-4.73939e-21
-2.83971e-21
-1.28387e-21
-4.05847e-22
1.20756e-57
-1.13578e-47
9.02695e-43
6.27471e-39
-1.33413e-35
-5.60177e-34
-1.4187e-32
3.21536e-31
-9.79206e-30
7.49844e-29
3.51275e-27
5.29082e-27
-1.27627e-25
-2.16878e-25
9.55532e-25
3.76641e-24
-9.25067e-24
-7.35553e-23
-1.75273e-22
-2.22003e-22
-9.43028e-23
2.86752e-22
6.92001e-22
6.06535e-22
-1.45563e-22
-1.35524e-21
-2.90678e-21
-4.70661e-21
-5.83969e-21
-4.0235e-21
2.09863e-21
1.07153e-20
1.88728e-20
2.45827e-20
2.76535e-20
2.88258e-20
2.71478e-20
2.1795e-20
1.43103e-20
6.6648e-21
3.46305e-22
-3.87629e-21
-7.28502e-21
-1.14444e-20
-1.47805e-20
-1.52066e-20
-1.23014e-20
-7.59049e-21
-3.39641e-21
-9.70713e-22
1.81735e-55
-5.22147e-46
2.11228e-41
1.2164e-37
-1.84085e-34
-7.85223e-33
-1.84802e-31
5.25896e-30
-5.34128e-29
9.30585e-28
2.70732e-26
5.02264e-26
-7.894e-25
-1.76092e-24
3.41779e-24
1.86151e-23
-3.83405e-23
-3.3245e-22
-8.13431e-22
-1.09998e-21
-6.99691e-22
7.63188e-22
2.56487e-21
2.7682e-21
4.64852e-22
-3.7151e-21
-8.90693e-21
-1.43803e-20
-1.82469e-20
-1.46192e-20
3.26615e-22
2.17541e-20
4.19465e-20
5.59185e-20
6.39298e-20
6.9642e-20
6.96064e-20
5.85545e-20
3.95303e-20
1.88803e-20
2.3544e-21
-7.20948e-21
-1.40382e-20
-2.38595e-20
-3.30944e-20
-3.62103e-20
-3.09719e-20
-1.99264e-20
-8.93844e-21
-2.24009e-21
2.61511e-53
-2.27464e-44
4.61582e-40
2.12893e-36
-2.35113e-33
-1.02342e-31
-2.24905e-30
6.20617e-29
-2.62092e-28
8.98179e-27
1.98343e-25
4.35191e-25
-4.51588e-24
-1.20186e-23
8.63879e-24
8.42759e-23
-1.53133e-22
-1.4195e-21
-3.54891e-21
-5.02141e-21
-3.89235e-21
1.42611e-21
8.79473e-21
1.13146e-20
4.86424e-21
-9.11225e-21
-2.64177e-20
-4.22544e-20
-5.37609e-20
-4.69768e-20
-1.16989e-20
3.9377e-20
8.68342e-20
1.18532e-19
1.369e-19
1.57878e-19
1.71177e-19
1.52884e-19
1.06426e-19
5.12775e-20
8.08757e-21
-1.31727e-20
-2.51933e-20
-4.65924e-20
-6.98721e-20
-8.20441e-20
-7.51944e-20
-5.12083e-20
-2.34167e-20
-4.97954e-21
3.5885e-51
-9.36045e-43
9.43405e-39
3.20715e-35
-2.71458e-32
-1.24783e-30
-2.55958e-29
6.2203e-28
-1.15412e-27
7.41308e-26
1.36785e-24
3.41047e-24
-2.37664e-23
-7.23468e-23
-5.21701e-25
3.46084e-22
-5.96603e-22
-5.69342e-21
-1.45061e-20
-2.12281e-20
-1.84966e-20
-2.34158e-22
2.77081e-20
4.22444e-20
2.65632e-20
-1.82593e-20
-7.61504e-20
-1.20184e-19
-1.50433e-19
-1.37833e-19
-5.65815e-20
6.00792e-20
1.65291e-19
2.30528e-19
2.64458e-19
3.29625e-19
4.01613e-19
3.87628e-19
2.79495e-19
1.34236e-19
2.15642e-20
-2.57169e-20
-4.2931e-20
-8.49954e-20
-1.37376e-19
-1.74621e-19
-1.74581e-19
-1.28278e-19
-6.10733e-20
-1.0697e-20
4.68191e-49
-3.62373e-41
1.83477e-37
3.61017e-34
-2.69318e-31
-1.42874e-29
-2.73215e-28
5.58184e-27
-4.50181e-27
5.39805e-25
8.79791e-24
2.41436e-23
-1.13864e-22
-3.90325e-22
-1.9029e-22
1.26555e-21
-2.30436e-21
-2.12978e-20
-5.51843e-20
-8.30738e-20
-7.81506e-20
-1.91908e-20
7.92141e-20
1.45037e-19
1.16474e-19
-1.94152e-20
-2.14367e-19
-3.33647e-19
-4.02791e-19
-3.75425e-19
-1.89242e-19
6.66613e-20
2.84424e-19
4.01113e-19
4.35473e-19
6.11005e-19
8.92093e-19
9.53316e-19
7.16022e-19
3.39916e-19
4.79342e-20
-5.98307e-20
-7.56365e-20
-1.47201e-19
-2.47125e-19
-3.41758e-19
-3.82806e-19
-3.11451e-19
-1.5846e-19
-2.25684e-20
5.78797e-47
-1.31257e-39
3.5904e-36
8.58248e-34
-1.96959e-30
-1.53985e-28
-2.75176e-27
4.59643e-26
-1.19881e-26
3.50671e-24
5.2243e-23
1.53961e-22
-4.8736e-22
-1.89025e-21
-1.57464e-21
3.97023e-21
-8.95868e-21
-7.38598e-20
-1.9323e-19
-2.99457e-19
-2.97589e-19
-1.19869e-19
2.01186e-19
4.57652e-19
4.46662e-19
6.68931e-20
-5.92388e-19
-9.13759e-19
-1.04247e-18
-9.60479e-19
-5.21083e-19
2.24027e-20
4.34589e-19
5.95635e-19
5.13326e-19
9.15848e-19
1.85368e-18
2.27063e-18
1.78731e-18
8.33373e-19
8.80737e-20
-1.68184e-19
-1.64285e-19
-2.60261e-19
-3.96891e-19
-5.90268e-19
-7.76452e-19
-7.27203e-19
-4.08232e-19
-4.88286e-20
6.75216e-45
-4.41537e-38
7.88632e-35
-1.0887e-31
-1.89482e-30
-1.56351e-27
-2.64476e-26
3.51421e-25
7.09633e-26
2.03854e-23
2.82776e-22
8.767e-22
-1.79938e-21
-8.13547e-21
-8.99946e-21
9.72955e-21
-3.5162e-20
-2.38547e-19
-6.10857e-19
-9.84428e-19
-1.02253e-18
-5.27705e-19
4.36872e-19
1.31924e-18
1.53736e-18
6.09037e-19
-1.61301e-18
-2.50125e-18
-2.64765e-18
-2.33655e-18
-1.2183e-18
-7.81599e-20
5.98611e-19
6.74512e-19
-2.45598e-21
7.13892e-19
3.52676e-18
5.22654e-18
4.33508e-18
1.97174e-18
1.18966e-19
-5.14454e-19
-4.78011e-19
-5.50875e-19
-5.53898e-19
-8.11422e-19
-1.39915e-18
-1.61423e-18
-1.04064e-18
-1.16893e-19
7.3956e-43
-1.36498e-36
2.12335e-33
-4.35631e-30
2.95722e-28
-1.49243e-26
-2.4722e-25
2.4878e-24
2.12279e-24
1.0623e-22
1.37039e-21
4.36899e-21
-5.30661e-21
-3.03307e-20
-4.11789e-20
1.22066e-20
-1.36339e-19
-7.47936e-19
-1.67533e-18
-2.89981e-18
-3.14661e-18
-1.89533e-18
7.46688e-19
3.43406e-18
4.76134e-18
3.06094e-18
-4.31903e-18
-6.94055e-18
-6.74283e-18
-5.49717e-18
-2.32796e-18
1.28979e-19
9.22899e-19
3.55999e-19
-2.44278e-18
-1.87611e-18
5.86649e-18
1.15937e-17
1.01682e-17
4.4565e-18
3.19824e-20
-1.54793e-18
-1.59868e-18
-1.54578e-18
-6.90394e-19
-5.38166e-19
-2.02067e-18
-3.34429e-18
-2.60995e-18
-3.29997e-19
7.556e-41
-3.81713e-35
6.68367e-32
-1.19223e-28
7.62338e-27
-1.32785e-25
-2.30654e-24
1.57744e-23
3.03831e-23
5.00855e-22
5.78461e-21
1.82015e-20
-9.73728e-21
-9.22628e-20
-1.53609e-19
-4.25766e-20
-4.936e-19
-2.55864e-18
-3.5623e-18
-7.41118e-18
-8.52428e-18
-5.73159e-18
7.61864e-19
7.92062e-18
1.30758e-17
1.26381e-17
-1.11921e-17
-1.97639e-17
-1.76569e-17
-1.28045e-17
-2.94096e-18
2.79898e-18
2.58203e-18
-5.78296e-19
-9.60963e-18
-1.23281e-17
7.43037e-18
2.47002e-17
2.28983e-17
9.41266e-18
-5.67796e-19
-4.36022e-18
-5.23648e-18
-5.09084e-18
-1.10222e-18
1.53009e-18
-1.39932e-18
-6.24699e-18
-6.38438e-18
-1.07524e-18
7.13826e-39
-9.41186e-34
2.2e-30
-2.76041e-27
1.3683e-25
-1.0771e-24
-2.19748e-23
7.91434e-23
3.19704e-22
2.20643e-21
2.03279e-20
5.57385e-20
7.68371e-21
-1.9109e-19
-4.41587e-19
-3.93448e-19
-1.47813e-18
-1.08925e-17
-3.00918e-18
-1.53744e-17
-1.96517e-17
-1.447e-17
-5.23901e-19
1.5698e-17
3.06613e-17
4.70264e-17
-2.67604e-17
-5.82556e-17
-4.84176e-17
-3.02402e-17
1.59001e-18
1.6628e-17
1.10067e-17
-1.2674e-18
-2.59155e-17
-4.50458e-17
2.11515e-18
5.03691e-17
4.89953e-17
1.77228e-17
-3.0599e-18
-1.12899e-17
-1.57423e-17
-1.67446e-17
-3.69966e-18
8.12674e-18
4.54796e-18
-9.68093e-18
-1.50329e-17
-3.71851e-18
6.15766e-37
-1.95522e-32
7.11499e-29
-5.7913e-26
2.06398e-24
-7.56187e-24
-2.13982e-22
1.35182e-22
2.53683e-21
9.69346e-21
5.54539e-20
5.5242e-20
1.27451e-19
-1.12942e-20
-7.20619e-19
-1.74534e-18
-2.31618e-18
-5.5529e-17
2.08771e-17
-2.18867e-17
-3.47794e-17
-2.91943e-17
-4.27483e-18
2.52889e-17
5.61868e-17
1.66891e-16
-5.10876e-17
-1.80494e-16
-1.3926e-16
-7.26744e-17
2.65955e-17
6.95643e-17
4.57799e-17
2.82897e-18
-5.48129e-17
-1.36937e-16
-2.97921e-17
9.81625e-17
9.80976e-17
2.62349e-17
-1.22726e-17
-2.67135e-17
-4.27493e-17
-5.11809e-17
-1.59787e-17
2.32688e-17
2.63857e-17
-8.80275e-18
-3.33903e-17
-1.27288e-17
4.75574e-35
-3.15003e-31
2.2476e-27
-1.1446e-24
2.76336e-23
-4.02013e-23
-2.05977e-21
-3.58725e-21
1.31803e-20
4.43641e-20
1.21973e-19
-7.28721e-19
1.27716e-19
1.995e-18
1.70911e-18
-5.16448e-18
1.04338e-17
-3.0426e-16
1.19129e-16
1.52554e-16
1.58267e-17
-4.23108e-17
-9.0108e-18
3.3199e-17
8.66873e-17
7.218e-16
-2.83099e-17
-6.6227e-16
-4.19579e-16
-1.69358e-16
1.08417e-16
2.3126e-16
1.64877e-16
2.26316e-17
-9.10607e-17
-3.94247e-16
-1.47034e-16
1.84023e-16
1.79556e-16
1.4441e-17
-4.4816e-17
-5.7821e-17
-1.05289e-16
-1.43417e-16
-6.17317e-17
4.86703e-17
8.57069e-17
1.49776e-17
-6.76751e-17
-4.17328e-17
3.17434e-33
-3.94492e-30
7.10335e-26
-2.19469e-23
3.36825e-22
-9.3731e-23
-1.8347e-20
-6.36066e-20
-2.1193e-21
1.85328e-19
6.1926e-19
-6.17902e-18
-5.75995e-18
8.88584e-18
2.33045e-17
-8.91294e-18
1.06524e-16
-1.64247e-15
-1.61269e-16
1.60408e-14
3.56895e-14
3.32338e-14
2.00957e-14
1.40399e-14
1.67846e-14
6.25359e-15
3.54211e-16
-3.6166e-15
-1.36902e-15
-3.30561e-16
2.90927e-16
5.83665e-16
4.95134e-16
6.40852e-17
-4.41107e-16
-1.45459e-15
-5.33389e-16
3.438e-16
2.90897e-16
-9.55505e-17
-1.56166e-16
-1.17082e-16
-2.4386e-16
-3.80564e-16
-2.11281e-16
7.17438e-17
2.08963e-16
1.22087e-16
-1.17679e-16
-1.30368e-16
1.68983e-31
-1.66844e-28
2.30869e-24
-4.16852e-22
3.84495e-21
2.43766e-22
-1.35251e-19
-6.6087e-19
-1.08788e-18
2.5513e-19
7.18561e-18
-2.63131e-17
-8.02828e-17
1.64306e-17
2.35012e-16
1.76052e-18
9.70487e-17
-4.32972e-15
-2.89247e-15
8.50035e-14
1.84443e-13
2.89302e-13
2.84206e-13
2.6772e-13
1.35584e-13
2.831e-14
1.0953e-15
-1.46817e-14
-4.50371e-15
-8.1637e-16
4.82403e-16
8.74603e-16
1.06607e-15
-8.62365e-15
-1.87242e-14
-8.76856e-15
-1.7313e-15
7.31018e-16
4.13276e-16
-5.94423e-16
-5.73142e-16
-3.1315e-16
-8.05069e-16
-1.36207e-15
-7.27691e-16
4.27181e-17
3.97332e-16
5.36301e-16
-1.52847e-16
-3.98185e-16
5.30219e-30
-2.05094e-26
7.76902e-23
-7.89333e-21
4.39758e-20
-2.62063e-20
-5.98444e-19
-4.68363e-18
-1.65415e-17
-8.3274e-18
6.71388e-17
-5.24997e-17
-1.10573e-15
1.38153e-15
9.39775e-15
-2.05185e-14
-3.76722e-14
3.61729e-14
2.99862e-13
4.00708e-13
-7.22558e-13
5.44606e-13
6.83319e-13
7.43631e-13
2.77408e-13
4.53705e-14
-1.91101e-14
-6.81932e-14
-1.06747e-14
-4.77877e-13
-8.11135e-13
-5.11927e-13
-2.55571e-13
-1.94334e-13
-1.00161e-13
-3.13526e-14
-4.28802e-15
2.49183e-15
6.11167e-16
-2.95837e-15
-3.78154e-15
-6.87682e-15
-9.46327e-15
-9.77897e-15
-3.75805e-15
-1.47846e-16
4.71725e-15
2.9699e-15
-9.03402e-17
-1.51277e-15
-1.87623e-28
-2.02757e-24
2.64738e-21
-1.47394e-19
5.75937e-19
-1.17703e-18
2.72949e-18
-1.91644e-17
-1.80045e-16
-1.61694e-16
5.1226e-15
-3.25152e-15
-7.8627e-15
7.02905e-14
5.69414e-14
-5.39425e-13
-1.81599e-13
3.87855e-13
9.89525e-12
4.14131e-12
-1.35403e-10
-2.23818e-10
-9.89237e-11
-2.41543e-11
-6.68266e-13
8.95388e-14
-1.32688e-11
-1.96555e-12
-9.01747e-13
-8.44508e-12
-1.40606e-11
-8.25636e-12
-2.99485e-12
-8.29718e-13
-2.25638e-13
-5.70382e-14
-7.53221e-15
1.09149e-14
1.12318e-15
-1.16824e-14
-2.32318e-14
-4.42794e-14
-4.72253e-14
-3.70402e-14
-1.57147e-14
5.34509e-14
6.725e-14
1.55265e-14
-1.56852e-14
-1.03466e-14
-4.70134e-26
-1.67867e-22
8.78939e-20
-2.65837e-18
9.54809e-18
-2.8467e-17
1.24541e-16
-7.6634e-17
-3.01924e-15
1.17391e-14
4.68294e-14
-5.37287e-13
3.84859e-13
1.42483e-12
-5.10549e-12
-2.23239e-12
4.42563e-12
1.94749e-12
3.46834e-11
-1.38751e-10
-6.2673e-10
-1.53573e-09
-2.34098e-09
-1.77199e-09
-4.2936e-10
-6.31795e-10
-2.14292e-10
-5.66982e-12
-1.49203e-11
-3.08876e-11
-4.48519e-11
-2.57391e-11
-8.59516e-12
-1.7936e-12
-2.86593e-13
-5.67541e-14
-8.8912e-15
2.43533e-14
-4.18415e-14
-3.69957e-14
-8.21558e-14
-1.21625e-13
-9.064e-14
-5.76415e-14
7.63574e-14
9.35485e-13
3.20941e-13
3.61939e-14
-3.39541e-13
-4.67525e-14
-4.09725e-24
-1.2389e-20
2.7328e-18
-4.74929e-17
2.08329e-16
-6.08972e-16
4.40499e-15
-3.0507e-14
-2.64768e-14
4.3202e-13
-5.90745e-13
-2.61741e-12
1.42228e-11
7.77548e-12
-6.72485e-11
6.36726e-11
5.13325e-11
7.83109e-11
-1.76961e-11
-1.29187e-09
-1.0135e-09
-7.82194e-10
-7.21657e-09
-7.87494e-09
-5.89014e-09
-3.81577e-09
-7.02981e-10
6.43215e-11
-2.02837e-10
-6.0119e-11
-5.81133e-11
-3.27968e-11
-1.08551e-11
-2.10816e-12
-2.66049e-13
6.56818e-15
2.28133e-14
-2.86137e-13
-8.87328e-13
-9.60526e-14
-1.45589e-13
-2.09939e-13
3.3486e-12
1.68263e-11
1.3751e-11
4.57107e-12
6.87756e-13
-5.07987e-12
-1.66743e-12
-7.65639e-14
-1.26857e-22
-8.10907e-19
7.72875e-17
-8.90469e-16
2.71797e-15
-4.06958e-15
2.39538e-14
-2.19853e-13
1.17185e-12
2.94578e-12
-2.68643e-11
1.21178e-11
1.29251e-10
-2.87739e-10
-4.11627e-10
4.00774e-10
2.0545e-09
6.47421e-10
-6.59997e-09
-4.68891e-09
2.25587e-08
1.09516e-07
1.18386e-08
-1.40597e-08
-4.49849e-08
-1.00926e-08
1.56837e-10
-8.47252e-08
1.35775e-06
6.09106e-08
2.15574e-09
1.18741e-09
4.6544e-10
4.79139e-11
2.04614e-12
1.98012e-13
1.88528e-12
-2.05945e-11
-4.65501e-12
2.82303e-11
3.83868e-11
5.65638e-11
1.70852e-10
1.56989e-10
6.57565e-11
1.01126e-11
-5.14249e-11
-2.99835e-11
-3.43542e-12
2.66756e-12
2.61212e-20
-3.39962e-17
8.70536e-16
-3.01011e-15
-4.3472e-14
4.78823e-13
-1.92069e-12
1.57376e-12
1.21447e-11
-2.66741e-11
-1.29047e-10
6.15485e-10
5.79947e-10
-4.19063e-09
-1.89073e-09
1.35769e-08
1.18184e-08
-1.03559e-07
-5.31253e-08
1.93228e-07
2.26859e-07
3.73005e-07
9.11362e-07
6.48158e-08
-1.20352e-07
4.35036e-07
3.21567e-07
-1.50863e-06
0.000111622
0.00029837
0.000341506
0.000204758
3.24524e-05
1.21231e-08
6.07439e-10
1.06395e-12
1.41175e-11
-9.61598e-11
-1.37729e-11
5.23169e-10
7.08725e-10
7.76639e-10
8.12218e-10
4.66602e-10
1.22471e-10
-1.61037e-10
-3.56888e-10
-9.12182e-11
3.04946e-12
1.63314e-11
-3.05281e-15
2.09428e-14
-9.49318e-14
3.5215e-13
-8.66356e-13
3.00509e-12
-1.88566e-11
7.47871e-11
6.96713e-11
-7.79882e-10
3.89698e-10
4.71291e-09
-9.28428e-09
-2.05012e-08
8.5781e-08
1.85529e-07
-4.0459e-07
-1.18352e-06
-2.30485e-07
2.76559e-06
7.8557e-07
-3.49791e-07
7.22291e-07
0.000248426
0.00149883
0.00490672
0.0109672
0.0186061
0.0252151
0.0280423
0.0263777
0.0208838
0.0136848
0.00712123
0.00272788
0.000605169
1.35353e-05
-2.15329e-10
1.16411e-09
2.09705e-09
2.54377e-09
3.51459e-09
2.54203e-09
7.45957e-10
-2.21172e-09
-4.19441e-09
-1.3998e-09
-1.35542e-10
1.85259e-10
6.11324e-11
-1.05205e-13
4.33443e-13
-1.60016e-12
3.45907e-12
5.9137e-13
-1.82871e-11
-3.41709e-11
3.72052e-10
-7.11059e-10
-3.7286e-09
1.62727e-08
1.9037e-08
-1.27757e-07
-4.98933e-08
8.77708e-07
7.03822e-07
-3.53147e-06
-3.28992e-06
4.95746e-06
1.18104e-05
-0.000100439
-0.000550308
-0.000338988
0.00414518
0.0173836
0.0416765
0.0741562
0.106599
0.12899
0.134184
0.12397
0.101111
0.0725886
0.0455446
0.0244957
0.0107952
0.00345669
0.000518167
2.00511e-08
5.01248e-09
5.09864e-09
8.04894e-09
5.59122e-09
-4.86192e-08
-5.88563e-08
-2.18959e-08
-2.58882e-09
1.64138e-09
9.55354e-10
1.06432e-10
-2.52359e-13
8.88518e-13
-3.39619e-12
-2.29139e-12
9.23745e-11
-6.39865e-10
1.7534e-09
1.14642e-09
-1.27903e-08
6.90731e-09
1.14883e-07
-1.65672e-07
-6.59846e-07
7.5005e-07
2.92348e-06
-3.06021e-06
-1.42733e-05
3.19466e-05
0.000206137
-6.47883e-05
-0.00195133
-0.00463633
-0.00283084
0.0135582
0.0548491
0.122599
0.205715
0.283303
0.333339
0.341542
0.316644
0.264047
0.197975
0.133071
0.0793808
0.0410827
0.0175682
0.00548558
0.000748938
1.22643e-08
7.1388e-09
-5.87122e-08
-5.26775e-07
-5.5825e-07
-2.63403e-07
-5.71693e-08
4.45725e-09
9.94751e-09
2.82511e-09
-8.52639e-11
1.63384e-11
-4.82285e-11
1.00754e-10
-9.32759e-11
1.28012e-10
-2.14075e-09
1.02078e-08
-1.40707e-08
-6.67752e-08
2.17994e-07
3.91479e-07
-1.76344e-06
-1.84747e-06
8.16046e-06
5.13257e-06
-7.2608e-05
-5.09595e-05
0.000513361
0.00116265
-0.000437106
-0.00680355
-0.0144531
-0.0109088
0.0218426
0.10056
0.224586
0.372677
0.509542
0.599708
0.618055
0.581125
0.497702
0.387788
0.27404
0.174162
0.0978206
0.0469262
0.017845
0.00431287
0.000191706
-1.93821e-06
-3.93536e-06
-3.78616e-06
-2.11303e-06
-6.45416e-07
-8.1939e-08
7.79293e-08
3.90502e-08
4.45293e-09
-1.07182e-09
8.27755e-11
-2.52342e-10
6.6591e-10
-1.73989e-10
-5.49901e-09
1.37195e-08
3.07161e-08
-1.44718e-07
-1.12527e-07
1.00514e-06
-5.06197e-07
-7.10543e-06
1.25271e-05
4.99671e-05
-8.37986e-05
-0.000389115
-6.9178e-05
0.00174672
0.00334068
-0.000183346
-0.0127924
-0.0285819
-0.0270503
0.0171392
0.122722
0.288005
0.486127
0.674744
0.809985
0.855326
0.822398
0.726792
0.588849
0.43528
0.290803
0.172847
0.0888979
0.0373853
0.0110567
0.00116263
-1.58713e-05
-1.8279e-05
-1.25371e-05
-4.74399e-06
-9.00471e-07
5.63991e-07
4.14429e-07
9.37955e-08
-1.05288e-09
-3.52129e-09
-1.58382e-10
-2.05383e-10
2.15049e-09
-3.91207e-09
-2.18871e-08
1.03966e-07
-8.88244e-08
-6.28176e-07
1.58022e-06
2.8876e-06
-1.73552e-05
-1.54665e-05
0.000107928
0.000165889
-0.00032297
-0.00109553
-0.000378813
0.00323177
0.00675661
0.0026202
-0.0148111
-0.0390219
-0.0457635
-0.00834366
0.0956586
0.26531
0.473093
0.67765
0.838439
0.92187
0.916785
0.840509
0.70723
0.544732
0.380029
0.235796
0.127032
0.0567027
0.0185918
0.00269906
-5.78949e-05
-5.61987e-05
-2.70268e-05
-5.94197e-06
4.13899e-06
3.66265e-06
1.34196e-06
1.2579e-07
-1.36005e-08
-9.22696e-09
-2.53073e-09
7.50251e-09
-1.34891e-09
-5.6148e-08
1.25243e-07
3.49361e-07
-1.96948e-06
2.73662e-07
1.46933e-05
-4.19032e-06
-8.05454e-05
-3.17606e-05
0.000310655
0.000442721
-0.000518317
-0.00209007
-0.00147285
0.00355414
0.00978875
0.0082685
-0.0083767
-0.0362289
-0.0534926
-0.0376521
0.0270946
0.143451
0.296978
0.464583
0.620294
0.73826
0.787645
0.764304
0.67779
0.542717
0.389269
0.247666
0.13663
0.0625873
0.0213474
0.00340312
-0.000177093
-0.00013067
-3.41851e-05
2.67114e-05
2.66952e-05
1.30764e-05
2.74087e-06
-9.80293e-10
-3.40684e-08
-1.69661e-08
1.75267e-09
6.73544e-08
-2.10147e-07
-1.26948e-07
1.83932e-06
-1.26631e-06
-1.02262e-05
8.70591e-06
4.87413e-05
-1.34666e-05
-0.000192303
-0.000116609
0.000493832
0.000896045
-0.00026995
-0.00272799
-0.00313196
0.00149891
0.00971039
0.0127732
0.00399412
-0.0169645
-0.0393244
-0.0455167
-0.0285948
0.0137234
0.0801408
0.16796
0.271717
0.37744
0.458975
0.482466
0.452313
0.377848
0.278232
0.178217
0.0970652
0.0428033
0.0134141
0.00136094
-0.000481019
-0.000191172
0.000104582
0.000147095
8.94896e-05
3.01577e-05
3.28518e-06
-8.93008e-08
-6.50108e-08
-2.46101e-08
1.58476e-07
1.49197e-08
-1.28726e-06
9.36929e-07
6.01203e-06
-5.56499e-06
-2.54809e-05
1.41217e-05
9.52951e-05
1.66212e-05
-0.000275601
-0.000292259
0.00040648
0.00120074
0.00054384
-0.00202688
-0.00399589
-0.0019462
0.00472932
0.0115641
0.0115287
0.00349262
-0.0103665
-0.0252228
-0.0370085
-0.0440959
-0.0432762
-0.0264841
0.013298
0.073167
0.136589
0.174648
0.173304
0.144892
0.100481
0.0558007
0.0223014
0.0036451
-0.00300568
-0.00255758
-0.000947684
0.000246066
0.000554862
0.000412602
0.000190755
4.91615e-05
2.03327e-06
-1.3467e-07
-8.80227e-08
-2.71733e-08
3.51104e-07
-3.2671e-07
-2.57335e-06
2.07878e-06
1.0732e-05
-5.27232e-06
-3.77491e-05
-3.87086e-06
0.000105872
9.25289e-05
-0.000184781
-0.000405577
-2.95e-05
0.000887956
0.00115052
-0.000197592
-0.00260694
-0.00344378
-0.00109584
0.00380755
0.00835892
0.00972041
0.00762436
0.00137288
-0.0109869
-0.0299947
-0.0512869
-0.0667933
-0.0675872
-0.0532502
-0.0309618
-0.0143441
-0.0139102
-0.0214489
-0.0309514
-0.0355817
-0.0321622
-0.0229134
-0.0126679
-0.00442284
0.000161863
0.00150885
0.00129746
0.000747061
0.000293308
5.87903e-05
1.97545e-07
-1.53892e-07
-8.28185e-08
-2.05911e-08
3.50453e-07
-1.09051e-07
-2.59963e-06
3.66381e-08
9.71603e-06
5.25278e-06
-2.52238e-05
-3.33896e-05
3.44944e-05
0.000118419
4.11077e-05
-0.000232544
-0.000355572
4.76783e-05
0.000799702
0.000951404
2.19866e-06
-0.00161008
-0.00258109
-0.00217266
-0.000410391
0.00268021
0.00670822
0.00973012
0.00887709
0.00221688
-0.0104512
-0.0251688
-0.0374802
-0.0461067
-0.05088
-0.0573394
-0.0639176
-0.0669641
-0.0635523
-0.0527836
-0.037138
-0.0211103
-0.00787737
0.00012033
0.00332761
0.00303686
0.00199884
0.000975803
0.000332134
4.77463e-05
-2.72519e-07
-2.18316e-07
-7.2962e-08
-4.26113e-09
7.08015e-08
5.51486e-07
-4.81937e-07
-3.04468e-06
4.34982e-07
1.12501e-05
6.43783e-06
-2.91068e-05
-3.97738e-05
3.5579e-05
0.000129073
5.52674e-05
-0.000208875
-0.000348927
-8.8468e-05
0.000485456
0.000905876
0.000749431
-0.000156532
-0.00174146
-0.00324231
-0.0034158
-0.00140712
0.0027357
0.00748239
0.0103822
0.010608
0.00849334
0.00434018
-0.00230364
-0.0120113
-0.02258
-0.0310257
-0.0327061
-0.0283259
-0.0190186
-0.0081463
0.0010085
0.00619606
0.00741591
0.00598921
0.00398918
0.00214532
0.000911609
0.000251941
1.79845e-05
-1.44064e-06
-5.54049e-07
-5.50852e-08
1.8168e-08
-8.56631e-08
3.3167e-07
7.6021e-07
-1.49924e-06
-3.70511e-06
2.84946e-06
1.28687e-05
2.09023e-06
-3.02992e-05
-3.29202e-05
2.66855e-05
0.000100402
7.92239e-05
-7.76969e-05
-0.000288223
-0.000309336
1.00979e-05
0.000640729
0.00110741
0.000881251
-0.000200624
-0.00172728
-0.00272604
-0.00259398
-0.00119415
0.00137326
0.00491335
0.00876141
0.0117863
0.0129583
0.011819
0.00883759
0.00637638
0.00647003
0.00859347
0.0115456
0.0137678
0.0140047
0.0120692
0.00878518
0.00562601
0.00295603
0.00127599
0.000398055
5.84216e-05
-1.28612e-05
-5.32843e-06
-7.36047e-07
5.44718e-08
3.1131e-08
-1.02376e-07
-1.53328e-07
7.2603e-07
9.02513e-07
-2.10703e-06
-3.97414e-06
2.37727e-06
1.19839e-05
7.07323e-06
-1.89467e-05
-3.966e-05
-1.43566e-05
6.60043e-05
0.000126784
6.48506e-05
-0.000142755
-0.000356968
-0.000349325
-1.26705e-05
0.000571856
0.00106772
0.00110124
0.000492421
-0.000732057
-0.00215629
-0.00307796
-0.00293372
-0.00156551
0.000822242
0.00367887
0.00636603
0.0085855
0.0099865
0.011117
0.011767
0.0116548
0.0104721
0.00815063
0.0054414
0.00303454
0.00128807
0.000301913
-9.74126e-05
-0.000167157
-9.59578e-05
-3.19963e-05
-5.6163e-06
2.33193e-07
1.17818e-07
3.01361e-08
1.92818e-08
-7.81519e-08
-1.83274e-07
2.92535e-07
9.64624e-07
-2.97604e-08
-3.32744e-06
-3.3685e-06
5.307e-06
1.5108e-05
6.25836e-06
-2.67658e-05
-5.03813e-05
-1.80456e-05
7.58125e-05
0.000154555
0.000109051
-9.69279e-05
-0.000359365
-0.000446365
-0.000219007
0.000279073
0.000800105
0.0010061
0.000686537
-0.000186505
-0.00144623
-0.00264405
-0.00336088
-0.00341135
-0.00290456
-0.00203742
-0.00139467
-0.00100633
-0.00116615
-0.00167772
-0.00230523
-0.00275348
-0.0028265
-0.0024909
-0.00192936
-0.00128257
-0.000725482
-0.000335243
-0.000118833
-2.41232e-05
8.42222e-07
5.08885e-07
1.19108e-07
3.40346e-09
-1.06062e-08
5.83057e-08
7.81723e-08
-2.92133e-07
-3.90745e-07
7.15619e-07
1.71989e-06
-5.02225e-07
-5.13105e-06
-4.42281e-06
7.12642e-06
1.9679e-05
1.04241e-05
-2.83021e-05
-6.00227e-05
-3.57407e-05
5.33814e-05
0.000149916
0.000155301
2.89446e-05
-0.000214369
-0.000421191
-0.000402354
-6.67177e-05
0.000488699
0.000933624
0.000988418
0.000671214
0.000106238
-0.000565959
-0.001262
-0.0020282
-0.00276161
-0.00356784
-0.00426269
-0.00465291
-0.00458303
-0.00409173
-0.00327916
-0.00235449
-0.00145436
-0.000773583
-0.000340637
-0.000114246
-2.24927e-05
4.8081e-06
2.10165e-06
3.77964e-07
-7.87855e-09
-1.08078e-08
1.48795e-09
-3.22231e-08
3.94526e-10
1.58187e-07
4.89865e-08
-5.24552e-07
-4.62814e-07
1.14459e-06
2.2152e-06
-6.48802e-07
-5.89508e-06
-5.6633e-06
5.07492e-06
2.00108e-05
1.88924e-05
-1.24703e-05
-6.0265e-05
-6.70293e-05
2.6166e-06
0.000121213
0.000175493
9.7393e-05
-8.42638e-05
-0.000250879
-0.000293456
-0.000211075
-8.14896e-06
0.000295342
0.000662578
0.00105843
0.00136708
0.00145326
0.00130738
0.000999008
0.00062911
0.000303574
0.000158683
0.000167574
0.000235889
0.000299307
0.000310009
0.000264902
0.000184363
0.000107641
4.98546e-05
1.61212e-05
2.9371e-06
-7.51684e-08
-4.53047e-08
-1.55659e-08
-1.77333e-09
1.52756e-08
4.61331e-09
-7.25791e-08
-2.05311e-08
2.44114e-07
1.57045e-07
-6.60907e-07
-8.56165e-07
1.00428e-06
3.13152e-06
7.07686e-07
-6.4844e-06
-8.68536e-06
2.06755e-06
1.96199e-05
2.18804e-05
-5.57123e-07
-3.56826e-05
-5.46918e-05
-3.82226e-05
1.5809e-05
8.97596e-05
0.000139557
0.000118725
-1.34608e-06
-0.000209288
-0.000431801
-0.000550383
-0.000481764
-0.000207047
0.000231326
0.000721781
0.0011345
0.00140402
0.00151265
0.00145716
0.00128764
0.00105066
0.000786156
0.000532065
0.000321089
0.000172044
7.67737e-05
2.79753e-05
7.21361e-06
2.07433e-07
-2.34317e-08
-1.32604e-08
-4.37643e-09
2.0246e-09
-5.05196e-09
-9.1564e-09
2.8584e-08
2.14868e-08
-1.0376e-07
-5.85663e-08
3.00354e-07
2.43943e-07
-6.56744e-07
-9.23511e-07
6.27957e-07
2.41173e-06
1.50887e-06
-2.3195e-06
-6.27606e-06
-6.08468e-06
2.04734e-06
1.78164e-05
2.75844e-05
1.15248e-05
-3.45948e-05
-7.80028e-05
-6.7327e-05
1.59579e-05
0.000131987
0.000193452
0.000141745
-3.42574e-05
-0.000283564
-0.000495123
-0.000604408
-0.00058918
-0.000478016
-0.000318446
-0.000160964
-4.6696e-05
5.79149e-06
9.95471e-06
-4.40062e-06
-2.05391e-05
-2.71701e-05
-2.31933e-05
-1.57776e-05
-8.18045e-06
-3.12959e-06
-6.16823e-07
4.66773e-10
5.19423e-09
1.87926e-09
-1.43446e-09
-8.22846e-09
1.37666e-08
2.82438e-08
-5.22359e-08
-5.50121e-08
1.3574e-07
9.09857e-08
-3.56922e-07
-1.67885e-07
9.54994e-07
6.22113e-07
-2.22517e-06
-2.73386e-06
2.93565e-06
8.42849e-06
2.39318e-06
-1.36151e-05
-1.93202e-05
-1.35031e-06
2.89694e-05
3.90742e-05
1.3984e-05
-3.39982e-05
-6.60648e-05
-5.38947e-05
2.20345e-06
7.88576e-05
0.000141699
0.000156333
0.000118203
3.52389e-05
-6.75665e-05
-0.000161666
-0.000226356
-0.000250566
-0.00023962
-0.000206548
-0.000164244
-0.000121207
-8.23721e-05
-5.10796e-05
-2.84952e-05
-1.39262e-05
-5.72976e-06
-1.76509e-06
-2.30627e-07
1.70229e-09
1.45582e-09
1.19756e-09
)
;

boundaryField
{
    movingWall
    {
        type            zeroGradient;
    }
    fixedWalls
    {
        type            zeroGradient;
    }
    frontAndBack
    {
        type            empty;
    }
}

