/*--------------------------------*- C++ -*----------------------------------*\
| =========                 |                                                 |
| \\      /  F ield         | OpenFOAM: The Open Source CFD Toolbox           |
|  \\    /   O peration     | Version:  v2006                                 |
|   \\  /    A nd           | Website:  www.openfoam.com                      |
|    \\/     M anipulation  |                                                 |
\*---------------------------------------------------------------------------*/
FoamFile
{
    version     2.0;
    format      ascii;
    class       volScalarField;
    location    "0";
    object      f;
}
// * * * * * * * * * * * * * * * * * * * * * * * * * * * * * * * * * * * * * //

dimensions      [0 0 0 0 0 0 0];


internalField   nonuniform List<scalar> 
2500
(
-1.66533e-31
-1.66784e-31
-1.59422e-31
-1.23664e-31
-5.61404e-32
9.32775e-33
3.86898e-32
4.33407e-32
7.57036e-32
1.7536e-31
3.19835e-31
4.38628e-31
4.75534e-31
4.27916e-31
3.32643e-31
2.30703e-31
1.46358e-31
8.64139e-32
4.79598e-32
2.51251e-32
1.24336e-32
5.80921e-33
2.56165e-33
1.06652e-33
4.19741e-34
1.5644e-34
5.53388e-35
1.86246e-35
5.97867e-36
1.83507e-36
5.39831e-37
1.52544e-37
4.14926e-38
1.08849e-38
2.75882e-39
6.76672e-40
1.60852e-40
3.71066e-41
8.31716e-42
1.81331e-42
3.84917e-43
7.96236e-44
1.60634e-44
3.16275e-45
6.08131e-46
1.14258e-46
2.09875e-47
3.77071e-48
6.62929e-49
1.14095e-49
-1.0132e-30
-1.02122e-30
-9.90656e-31
-7.68235e-31
-3.1278e-31
1.38327e-31
3.19713e-31
2.77119e-31
3.64186e-31
8.8349e-31
1.73086e-30
2.46074e-30
2.69993e-30
2.42209e-30
1.85949e-30
1.26763e-30
7.90131e-31
4.59854e-31
2.52929e-31
1.32055e-31
6.54228e-32
3.06902e-32
1.36077e-32
5.69905e-33
2.25583e-33
8.45192e-34
3.00383e-34
1.01515e-34
3.27067e-35
1.00718e-35
2.97175e-36
8.42101e-37
2.2967e-37
6.04089e-38
1.53513e-38
3.77537e-39
8.99899e-40
2.08178e-40
4.67961e-41
1.02326e-41
2.17866e-42
4.52053e-43
9.1479e-44
1.80669e-44
3.48453e-45
6.56665e-46
1.20976e-46
2.17977e-47
3.84293e-48
6.63166e-49
-5.96511e-30
-6.05603e-30
-5.97477e-30
-4.62848e-30
-1.61857e-30
1.44454e-30
2.59348e-30
1.93138e-30
1.77429e-30
4.32223e-30
9.17323e-30
1.3566e-29
1.50676e-29
1.34528e-29
1.0166e-29
6.7792e-30
4.12887e-30
2.3569e-30
1.28054e-30
6.65596e-31
3.30359e-31
1.55876e-31
6.96447e-32
2.94036e-32
1.17278e-32
4.42425e-33
1.58184e-33
5.37374e-34
1.7392e-34
5.37719e-35
1.5923e-35
4.52714e-36
1.23861e-36
3.26787e-37
8.3297e-38
2.0548e-38
4.91305e-39
1.14016e-39
2.57121e-40
5.64079e-41
1.20499e-41
2.50863e-42
5.09357e-43
1.00932e-43
1.95306e-44
3.69244e-45
6.82385e-46
1.23326e-46
2.18057e-47
3.77342e-48
-3.3928e-29
-3.47294e-29
-3.49429e-29
-2.70416e-29
-7.59871e-30
1.28283e-29
2.02681e-29
1.41348e-29
9.14216e-30
2.06168e-29
4.76693e-29
7.35522e-29
8.27028e-29
7.33557e-29
5.43575e-29
3.52508e-29
2.08244e-29
1.15769e-29
6.18347e-30
3.19488e-30
1.59071e-30
7.57086e-31
3.4199e-31
1.46006e-31
5.88366e-32
2.23966e-32
8.06956e-33
2.75935e-33
8.98071e-34
2.79015e-34
8.29801e-35
2.36855e-35
6.50429e-36
1.72215e-36
4.40505e-37
1.09044e-37
2.6164e-38
6.09336e-39
1.37908e-39
3.03643e-40
6.51014e-41
1.36028e-41
2.77196e-42
5.51251e-43
1.07043e-43
2.03067e-44
3.7652e-45
6.8264e-46
1.21065e-46
2.10102e-47
-1.8611e-28
-1.92284e-28
-1.98029e-28
-1.53302e-28
-3.08371e-29
1.02552e-28
1.51413e-28
1.04286e-28
5.17341e-29
9.65043e-29
2.43095e-28
3.92312e-28
4.46589e-28
3.92815e-28
2.84259e-28
1.77989e-28
1.00975e-28
5.40942e-29
2.81905e-29
1.44459e-29
7.23245e-30
3.48898e-30
1.60187e-30
6.94832e-31
2.83977e-31
1.09399e-31
3.98114e-32
1.37263e-32
4.49844e-33
1.40586e-33
4.20269e-34
1.20518e-34
3.3238e-35
8.83656e-36
2.2693e-36
5.63966e-37
1.35851e-37
3.17638e-38
7.21753e-39
1.59549e-39
3.4344e-40
7.20451e-41
1.47387e-41
2.94227e-42
5.7347e-43
1.09183e-43
2.03144e-44
3.69521e-45
6.57391e-46
1.14423e-46
-9.8296e-28
-1.02621e-27
-1.08709e-27
-8.44785e-28
-9.44857e-29
7.563e-28
1.07848e-27
7.53995e-28
3.2198e-28
4.47017e-28
1.21633e-27
2.05762e-27
2.37194e-27
2.06572e-27
1.45352e-27
8.71161e-28
4.68034e-28
2.37602e-28
1.19244e-28
6.03749e-29
3.05427e-29
1.50677e-29
7.09544e-30
3.15071e-30
1.3135e-30
5.14255e-31
1.89589e-31
6.6055e-32
2.18338e-32
6.87244e-33
2.06709e-33
5.95997e-34
1.65191e-34
4.41233e-35
1.13825e-35
2.84134e-36
6.87451e-37
1.61441e-37
3.68442e-38
8.18027e-39
1.76848e-39
3.72568e-40
7.65377e-41
1.53414e-41
3.00192e-42
5.73693e-43
1.07125e-43
1.95527e-44
3.48967e-45
6.09227e-46
-4.99258e-27
-5.27225e-27
-5.78162e-27
-4.54009e-27
-8.00403e-29
5.20919e-27
7.32097e-27
5.25981e-27
2.1234e-27
2.06554e-27
5.9585e-27
1.05955e-26
1.23794e-26
1.0663e-26
7.26372e-27
4.12326e-27
2.05555e-27
9.60316e-28
4.52123e-28
2.24454e-28
1.16042e-28
5.96509e-29
2.93112e-29
1.3498e-29
5.79192e-30
2.31872e-30
8.69619e-31
3.07053e-31
1.02573e-31
3.25654e-32
9.86636e-33
2.86279e-33
7.98018e-34
2.14292e-34
5.55629e-35
1.39386e-35
3.38888e-36
7.99694e-37
1.83383e-37
4.09086e-38
8.88532e-39
1.88045e-39
3.88027e-40
7.81114e-41
1.53475e-41
2.94458e-42
5.51885e-43
1.01084e-43
1.81001e-44
3.16954e-45
-2.43862e-26
-2.60617e-26
-2.98245e-26
-2.39215e-26
1.73696e-27
3.37302e-26
4.73737e-26
3.51427e-26
1.4165e-26
9.54998e-27
2.84277e-26
5.34073e-26
6.33749e-26
5.39711e-26
3.54432e-26
1.88078e-26
8.42746e-27
3.41336e-27
1.4083e-27
6.70778e-28
3.67123e-28
2.06656e-28
1.10111e-28
5.39039e-29
2.41709e-29
9.98688e-30
3.83251e-30
1.37654e-30
4.65897e-31
1.49458e-31
4.56697e-32
1.33486e-32
3.74531e-33
1.01178e-33
2.63837e-34
6.65514e-35
1.62677e-35
3.85913e-36
8.8958e-37
1.99462e-37
4.35403e-38
9.25958e-39
1.91968e-39
3.88184e-40
7.65989e-41
1.47561e-41
2.77621e-42
5.1031e-43
9.1679e-44
1.61033e-44
-1.14909e-25
-1.2415e-25
-1.49612e-25
-1.24463e-25
1.80305e-26
2.06011e-25
2.92317e-25
2.24186e-25
9.24173e-26
4.38393e-26
1.30755e-25
2.62269e-25
3.17377e-25
2.67418e-25
1.68624e-25
8.22644e-26
3.1348e-26
9.36757e-27
2.44235e-27
9.53532e-28
7.09247e-28
5.48201e-28
3.55903e-28
1.95922e-28
9.44236e-29
4.08692e-29
1.61828e-29
5.94198e-30
2.04392e-30
6.63872e-31
2.0489e-31
6.03901e-32
1.70691e-32
4.64219e-33
1.21817e-33
3.09139e-34
7.60104e-35
1.81355e-35
4.20402e-36
9.47809e-37
2.08e-37
4.44626e-38
9.26343e-39
1.88199e-39
3.73016e-40
7.21579e-41
1.36287e-41
2.51421e-42
4.53193e-43
7.9846e-44
-5.27648e-25
-5.73562e-25
-7.33385e-25
-6.44758e-25
1.17157e-25
1.1883e-24
1.72015e-24
1.36392e-24
5.78772e-25
1.95083e-25
5.69347e-25
1.24615e-24
1.54913e-24
1.29412e-24
7.80636e-25
3.42409e-25
9.89453e-26
7.5327e-27
-1.05832e-26
-6.92106e-27
-1.89501e-27
3.96384e-28
8.31104e-28
6.15944e-28
3.39099e-28
1.5776e-28
6.5261e-29
2.46587e-29
8.65319e-30
2.85235e-30
8.90505e-31
2.64971e-31
7.55103e-32
2.06887e-32
5.4666e-33
1.39645e-33
3.45547e-34
8.29566e-35
1.93463e-35
4.38721e-36
9.68221e-37
2.08088e-37
4.35767e-38
8.89623e-39
1.77131e-39
3.44108e-40
6.5249e-41
1.20808e-41
2.18484e-42
3.86105e-43
-2.41743e-24
-2.61066e-24
-3.54071e-24
-3.34959e-24
5.62746e-25
6.47128e-24
9.65132e-24
7.91063e-24
3.44819e-24
8.01949e-25
2.26736e-24
5.67313e-24
7.33612e-24
6.09966e-24
3.50756e-24
1.33967e-24
2.07955e-25
-1.47118e-25
-1.56234e-25
-8.63729e-26
-3.3315e-26
-8.29821e-27
-4.73015e-29
1.43885e-27
1.08162e-27
5.685e-28
2.50463e-28
9.82505e-29
3.53336e-29
1.18504e-29
3.7485e-30
1.12721e-30
3.24136e-31
8.95276e-32
2.38335e-32
6.13163e-33
1.52766e-33
3.6918e-34
8.66487e-35
1.97709e-35
4.38912e-36
9.4862e-37
1.99713e-37
4.09753e-38
8.19649e-39
1.59918e-39
3.04435e-40
5.65704e-41
1.02646e-41
1.81939e-42
-1.15301e-23
-1.20741e-23
-1.70269e-23
-1.75104e-23
1.73278e-24
3.32146e-23
5.16055e-23
4.37354e-23
1.94707e-23
2.73821e-24
7.62647e-24
2.43912e-23
3.35212e-23
2.79171e-23
1.52514e-23
4.82164e-24
-2.76865e-25
-1.52756e-24
-1.20184e-24
-6.35608e-25
-2.58994e-25
-8.14808e-26
-1.68953e-26
5.00548e-28
2.81954e-27
1.88216e-27
9.11378e-28
3.75564e-28
1.39146e-28
4.76096e-29
1.52813e-29
4.64849e-30
1.34974e-30
3.76033e-31
1.00907e-31
2.61571e-32
6.56428e-33
1.59748e-33
3.77472e-34
8.66873e-35
1.93633e-35
4.20941e-36
8.91063e-37
1.83754e-37
3.69308e-38
7.23667e-39
1.38311e-39
2.57937e-40
4.69548e-41
8.347e-42
-6.02389e-23
-5.93041e-23
-8.26664e-23
-9.18817e-23
-1.42847e-24
1.60146e-22
2.62749e-22
2.30493e-22
1.04106e-22
4.9873e-24
1.59966e-23
9.6737e-23
1.46829e-22
1.23716e-22
6.39887e-23
1.52752e-23
-6.91899e-24
-1.06499e-23
-7.47862e-24
-3.84814e-24
-1.59159e-24
-5.37513e-25
-1.41023e-25
-2.15264e-26
4.25988e-27
5.56963e-27
3.13345e-27
1.37764e-27
5.28848e-28
1.85052e-28
6.03428e-29
1.85815e-29
5.45065e-30
1.53233e-30
4.14645e-31
1.0834e-31
2.73964e-32
6.71624e-33
1.59821e-33
3.69511e-34
8.30656e-35
1.81664e-35
3.8671e-36
8.01611e-37
1.61876e-37
3.18581e-38
6.11294e-39
1.14407e-39
2.08932e-40
3.72473e-41
-3.52398e-22
-3.20259e-22
-4.09968e-22
-4.79908e-22
-7.43186e-23
7.21525e-22
1.27252e-21
1.15814e-21
5.2762e-22
-2.85961e-23
-4.22067e-23
3.38062e-22
6.11707e-22
5.2979e-22
2.58551e-22
3.77833e-23
-5.5345e-23
-6.27158e-23
-4.12024e-23
-2.07126e-23
-8.56908e-24
-2.97463e-24
-8.4896e-25
-1.78378e-25
-1.13315e-26
1.39206e-26
1.01607e-26
4.85963e-27
1.94325e-27
6.96589e-28
2.30903e-28
7.1994e-29
2.13385e-29
6.0545e-30
1.65247e-30
4.35321e-31
1.10956e-31
2.74092e-32
6.57031e-33
1.52971e-33
3.4615e-34
7.61708e-35
1.63075e-35
3.39819e-36
6.89525e-37
1.36294e-37
2.62548e-38
4.93102e-39
9.03337e-40
1.61489e-40
-2.2349e-21
-1.88753e-21
-2.08437e-21
-2.46438e-21
-7.31344e-22
3.01246e-21
5.85462e-21
5.55117e-21
2.54295e-21
-4.31701e-22
-8.27759e-22
9.20717e-22
2.40069e-21
2.19258e-21
1.00702e-21
3.46601e-23
-3.41672e-22
-3.32124e-22
-2.07761e-22
-1.02063e-22
-4.18938e-23
-1.46639e-23
-4.33887e-24
-1.02189e-24
-1.43533e-25
2.49463e-26
3.11658e-26
1.65686e-26
6.92468e-27
2.54335e-27
8.56626e-28
2.70322e-28
8.09345e-29
2.31747e-29
6.38012e-30
1.69489e-30
4.35531e-31
1.08442e-31
2.61931e-32
6.14257e-33
1.39946e-33
3.0991e-34
6.67377e-35
1.39814e-35
2.85073e-36
5.65947e-37
1.09447e-37
2.06271e-38
3.7904e-39
6.79443e-40
-1.44647e-20
-1.15709e-20
-1.07635e-20
-1.2265e-20
-5.21102e-21
1.15e-20
2.5547e-20
2.54133e-20
1.17277e-20
-3.47244e-21
-6.92581e-21
8.95862e-22
8.76693e-21
8.80844e-21
3.80888e-21
-3.73983e-22
-1.84158e-21
-1.62244e-21
-9.73278e-22
-4.66456e-22
-1.88813e-22
-6.58852e-23
-1.97506e-23
-4.88683e-24
-8.47138e-25
4.91097e-27
9.17498e-26
5.50976e-26
2.40349e-26
9.02338e-27
3.08217e-27
9.83098e-28
2.97082e-28
8.58105e-29
2.38264e-29
6.38326e-30
1.65407e-30
4.1523e-31
1.01091e-31
2.38861e-32
5.48054e-33
1.22164e-33
2.64661e-34
5.57493e-35
1.1423e-35
2.27776e-36
4.42213e-37
8.36303e-38
1.54144e-38
2.77039e-39
-9.06959e-20
-6.97506e-20
-5.52331e-20
-5.82601e-20
-3.09328e-20
3.92176e-20
1.05458e-19
1.1136e-19
5.22526e-20
-2.18997e-20
-4.54229e-20
-1.15682e-20
2.93025e-20
3.47675e-20
1.427e-20
-3.47698e-21
-9.03916e-21
-7.40193e-21
-4.26623e-21
-1.98848e-21
-7.89292e-22
-2.72233e-22
-8.14931e-23
-2.05206e-23
-3.85409e-24
-2.02918e-25
2.68994e-25
1.81086e-25
8.16721e-26
3.11554e-26
1.0752e-26
3.45815e-27
1.05325e-27
3.06657e-28
8.58533e-29
2.31975e-29
6.06325e-30
1.5352e-30
3.76885e-31
8.97615e-32
2.07491e-32
4.65697e-33
1.01524e-33
2.15065e-34
4.42897e-35
8.8711e-36
1.72908e-36
3.28132e-37
6.06622e-38
1.09312e-38
-5.32396e-19
-3.95927e-19
-2.73441e-19
-2.59627e-19
-1.59354e-19
1.14077e-19
4.09722e-19
4.685e-19
2.27602e-19
-1.16011e-19
-2.58813e-19
-1.18113e-19
8.75043e-20
1.37951e-19
5.49597e-20
-2.04521e-20
-4.12158e-20
-3.17495e-20
-1.75525e-20
-7.91888e-21
-3.0635e-21
-1.03624e-21
-3.06209e-22
-7.68129e-23
-1.46988e-23
-1.0397e-24
8.36329e-25
5.96932e-25
2.72887e-25
1.04723e-25
3.63033e-26
1.17327e-26
3.59425e-27
1.05377e-27
2.97378e-28
8.10539e-29
2.13795e-29
5.46332e-30
1.35336e-30
3.25106e-31
7.57563e-32
1.71285e-32
3.75905e-33
8.01068e-34
1.65843e-34
3.33726e-35
6.53115e-36
1.24381e-36
2.30645e-37
4.16701e-38
-2.86138e-18
-2.05479e-18
-1.26434e-18
-1.06277e-18
-7.19193e-19
2.50229e-19
1.4808e-18
1.8983e-18
9.79358e-19
-5.17883e-19
-1.32544e-18
-7.69914e-19
2.23327e-19
5.67809e-19
2.2783e-19
-9.9202e-20
-1.76804e-19
-1.28568e-19
-6.78218e-20
-2.94166e-20
-1.10095e-20
-3.6209e-21
-1.04398e-21
-2.55768e-22
-4.74835e-23
-2.88355e-24
2.91302e-24
1.99306e-24
8.97716e-25
3.41923e-25
1.1815e-25
3.81934e-26
1.17384e-26
3.46158e-27
9.84562e-28
2.70853e-28
7.2166e-29
1.86329e-29
4.66283e-30
1.13099e-30
2.65918e-31
6.06165e-32
1.34006e-32
2.87424e-33
5.98433e-34
1.21018e-34
2.3785e-35
4.54631e-36
8.45686e-37
1.53195e-37
-1.38467e-17
-9.58108e-18
-5.2873e-18
-3.88537e-18
-2.81369e-18
1.83964e-19
4.85067e-18
7.41072e-18
4.18214e-18
-1.86967e-18
-6.17265e-18
-4.13469e-18
4.22558e-19
2.48677e-18
1.03949e-18
-4.30682e-19
-7.22077e-19
-4.92979e-19
-2.45727e-19
-1.01473e-19
-3.63874e-20
-1.151e-20
-3.19028e-21
-7.43778e-22
-1.25019e-22
-1.29025e-24
1.12448e-23
6.72571e-24
2.89544e-24
1.0775e-24
3.67648e-25
1.18202e-25
3.63375e-26
1.07678e-26
3.08829e-27
8.58731e-28
2.31565e-28
6.05363e-29
1.53345e-29
3.76237e-30
8.93948e-31
2.05707e-31
4.58561e-32
9.90729e-33
2.07576e-33
4.22043e-34
8.33316e-35
1.59906e-35
2.98434e-36
5.42115e-37
-5.95016e-17
-4.03841e-17
-1.9466e-17
-1.21959e-17
-9.1913e-18
-2.09686e-18
1.36139e-17
2.75126e-17
1.77403e-17
-4.79597e-18
-2.59924e-17
-1.96866e-17
2.86156e-20
1.16067e-17
5.08222e-18
-1.79792e-18
-2.85164e-18
-1.79381e-18
-8.31042e-19
-3.22202e-19
-1.09227e-19
-3.27099e-20
-8.51111e-21
-1.79864e-21
-2.28005e-22
3.95882e-23
4.49037e-23
2.25711e-23
9.05147e-24
3.23594e-24
1.07784e-24
3.42198e-25
1.04867e-25
3.12167e-26
9.0461e-27
2.55097e-27
6.98945e-28
1.85733e-28
4.77951e-29
1.18984e-29
2.86419e-30
6.66671e-31
1.50094e-31
3.27044e-32
6.90176e-33
1.41184e-33
2.80198e-34
5.39987e-35
1.0114e-35
1.8427e-36
-2.23736e-16
-1.68586e-16
-6.26013e-17
-3.09078e-17
-2.24618e-17
-1.95089e-17
2.83771e-17
9.04266e-17
7.65108e-17
-4.3525e-18
-9.4232e-17
-8.87536e-17
-5.90768e-18
5.69082e-17
2.52457e-17
-8.00826e-18
-1.11255e-17
-6.19153e-18
-2.59602e-18
-9.2621e-19
-2.91002e-19
-8.03029e-20
-1.86544e-20
-3.09835e-21
-3.32452e-24
2.96161e-22
1.7328e-22
7.33967e-23
2.68781e-23
9.0522e-24
2.89682e-24
8.98698e-25
2.73385e-25
8.18802e-26
2.41113e-26
6.95007e-27
1.95105e-27
5.31089e-28
1.39754e-28
3.54901e-29
8.69168e-30
2.05298e-30
4.6795e-31
1.0302e-31
2.1928e-32
4.51763e-33
9.01855e-34
1.74644e-34
3.28412e-35
6.00297e-36
-6.86733e-16
-9.90057e-16
-1.85849e-16
-5.12402e-17
-4.84892e-17
-2.62697e-16
9.37054e-18
4.044e-16
3.94454e-16
2.70031e-17
-5.63871e-16
-4.5679e-16
-3.89733e-17
3.31628e-16
1.23366e-16
-4.18959e-17
-4.39402e-17
-2.00477e-17
-7.30144e-18
-2.33003e-18
-6.56344e-19
-1.57061e-19
-2.75456e-20
-6.29701e-22
2.36017e-21
1.44783e-21
6.1912e-22
2.24161e-22
7.33728e-23
2.25667e-23
6.72828e-24
1.99572e-24
5.98398e-25
1.81717e-25
5.53318e-26
1.66469e-26
4.8837e-27
1.38455e-27
3.77436e-28
9.8732e-29
2.47769e-29
5.96976e-30
1.38281e-30
3.08418e-31
6.6342e-32
1.37846e-32
2.77083e-33
5.39568e-34
1.01922e-34
1.8698e-35
-1.24888e-15
-5.30319e-15
-2.99764e-15
1.61962e-16
-1.73148e-14
-7.04528e-15
-5.33257e-16
1.58954e-14
2.28167e-15
-5.80209e-15
-1.63422e-14
-2.39787e-15
3.76774e-15
3.75919e-15
5.21457e-16
-3.16193e-16
-1.8001e-16
-5.77834e-17
-1.72585e-17
-4.73592e-18
-1.10872e-18
-1.79804e-19
7.56995e-21
2.36748e-20
1.3535e-20
5.66579e-21
1.99544e-21
6.18614e-22
1.73055e-22
4.48471e-23
1.12411e-23
2.91811e-24
8.4001e-25
2.70711e-25
9.24086e-26
3.13893e-26
1.02299e-26
3.15343e-27
9.16798e-28
2.51857e-28
6.56028e-29
1.62631e-29
3.85063e-30
8.73558e-31
1.90416e-31
3.99793e-32
8.10256e-33
1.58814e-33
3.0155e-34
5.5549e-35
-4.25391e-16
4.15022e-16
-3.08775e-13
-4.96463e-13
-1.14185e-13
-1.59869e-14
6.42311e-13
1.10344e-13
-4.44359e-13
-6.71049e-13
-1.00473e-13
1.75746e-13
1.5465e-13
2.07075e-14
-6.17059e-15
-5.12811e-15
-6.70948e-16
-1.14394e-16
-2.73282e-17
-6.04083e-18
-7.33988e-19
2.45795e-19
2.45822e-19
1.29016e-19
5.34221e-20
1.87602e-20
5.65924e-21
1.4443e-21
2.94904e-22
3.92566e-23
-1.34571e-24
-2.88046e-24
-1.03205e-24
-1.9873e-25
6.61276e-27
2.55391e-26
1.41068e-26
5.6237e-27
1.89688e-27
5.72293e-28
1.58691e-28
4.10878e-29
1.00362e-29
2.32943e-30
5.16501e-31
1.09855e-31
2.24861e-32
4.44131e-33
8.4835e-34
1.57008e-34
2.02497e-11
2.61431e-12
-1.40857e-12
-4.86176e-12
2.63034e-12
1.97643e-11
4.07749e-12
-2.02826e-11
-2.22395e-11
-3.6205e-12
8.39805e-12
5.83193e-12
7.67739e-13
-3.0983e-13
-2.31137e-13
-2.89573e-14
2.67371e-16
2.08935e-17
-2.54913e-18
1.73906e-18
3.36521e-18
2.29508e-18
1.13661e-18
4.74008e-19
1.71778e-19
5.33553e-20
1.34952e-20
2.34388e-21
-8.64747e-24
-2.29421e-22
-1.25304e-22
-4.75094e-23
-1.46867e-23
-3.84493e-24
-8.43086e-25
-1.4207e-25
-1.08641e-26
4.39684e-27
2.85702e-27
1.09131e-27
3.41478e-28
9.49828e-29
2.4297e-29
5.8193e-30
1.31924e-30
2.85141e-31
5.9065e-32
1.17713e-32
2.26388e-33
4.21189e-34
1.43888e-10
4.26977e-11
7.1597e-12
6.40956e-11
4.29921e-10
1.12402e-10
-5.93325e-10
-5.75919e-10
-1.07233e-10
3.14235e-10
1.94242e-10
2.60079e-11
-1.1516e-11
-8.05428e-12
-1.06377e-12
2.12272e-14
3.98304e-15
2.96502e-16
4.85008e-17
2.15557e-17
1.67185e-17
8.86316e-18
3.78515e-18
1.42904e-18
4.73426e-19
1.28646e-19
2.35106e-20
-6.89259e-22
-3.11681e-21
-1.80352e-21
-7.44825e-22
-2.55915e-22
-7.68024e-23
-2.05024e-23
-4.87785e-24
-1.01852e-24
-1.7728e-25
-2.12016e-26
5.89902e-28
1.462e-27
6.21642e-28
1.97262e-28
5.42062e-29
1.35636e-29
3.16446e-30
6.97618e-31
1.46552e-31
2.95076e-32
5.71829e-33
1.06998e-33
2.14909e-10
1.14437e-09
4.85986e-09
8.65993e-09
2.22003e-09
-8.66482e-09
-1.04184e-08
-2.48863e-09
8.8573e-09
5.35376e-09
7.78201e-10
-5.16538e-10
-2.88283e-10
-3.48697e-11
6.28167e-13
1.41614e-13
5.40569e-15
-1.84157e-16
-3.25804e-17
2.89448e-17
5.71324e-17
2.86823e-17
1.0925e-17
3.78061e-18
1.13359e-18
2.44421e-19
7.02998e-21
-2.7727e-20
-1.87082e-20
-8.52511e-21
-3.19334e-21
-1.04446e-21
-3.06219e-22
-8.14591e-23
-1.97317e-23
-4.33154e-24
-8.4654e-25
-1.40301e-25
-1.66961e-26
4.44033e-30
8.43852e-28
3.58902e-28
1.10788e-28
2.94581e-29
7.12621e-30
1.6081e-30
3.43212e-31
6.98773e-32
1.36507e-32
2.56937e-33
-2.12284e-09
1.07023e-08
2.63395e-08
3.63769e-08
-5.43548e-08
-1.15491e-07
-3.94191e-08
1.51525e-07
1.02888e-07
1.87825e-08
-2.18161e-08
-1.12254e-08
-1.24796e-09
1.39987e-11
3.47672e-12
1.61476e-13
-5.81962e-15
-2.04345e-15
-3.16277e-16
1.31117e-17
2.73451e-16
9.50327e-17
2.86498e-17
8.84084e-18
2.28441e-18
2.41556e-19
-1.81287e-19
-1.57528e-19
-8.04353e-20
-3.27434e-20
-1.15173e-20
-3.62207e-21
-1.03629e-21
-2.72167e-22
-6.58467e-23
-1.46487e-23
-2.9696e-24
-5.36011e-25
-8.10655e-26
-8.19036e-27
4.22953e-28
5.54449e-28
2.08065e-28
5.99567e-29
1.51317e-29
3.50194e-30
7.59626e-31
1.56359e-31
3.07795e-32
5.82524e-33
-2.71018e-08
2.00825e-08
4.50657e-08
-4.41501e-08
-9.13942e-07
-4.05417e-07
1.58778e-06
9.31351e-07
2.91614e-07
-8.21908e-07
-3.86769e-07
-4.43765e-08
2.37905e-10
6.14663e-11
3.61944e-12
-6.89567e-14
-5.11716e-14
-7.37217e-15
8.23394e-17
1.08349e-14
2.51233e-15
2.73247e-16
5.69842e-17
1.66446e-17
3.33522e-18
-7.44637e-19
-1.11214e-18
-6.57349e-19
-2.91271e-19
-1.09293e-19
-3.64009e-20
-1.10116e-20
-3.06352e-21
-7.89146e-22
-1.88735e-22
-4.18636e-23
-8.55919e-24
-1.58865e-24
-2.58187e-25
-3.31059e-26
-1.84359e-27
7.21324e-28
3.69843e-28
1.16632e-28
3.06661e-29
7.2574e-30
1.5956e-30
3.31288e-31
6.55943e-32
1.24643e-32
-3.29142e-06
-1.99379e-06
-3.20365e-06
-8.382e-06
-3.4068e-06
8.45028e-06
1.24515e-05
1.81244e-06
-1.31649e-05
-7.98207e-06
-1.44449e-06
-1.29503e-09
5.06164e-10
5.45824e-11
8.00003e-14
-1.01087e-13
-1.55479e-13
1.2771e-12
1.04467e-12
2.73858e-13
1.08356e-14
1.22953e-17
2.84956e-17
2.13648e-17
1.67036e-18
-6.06286e-18
-4.74239e-18
-2.33178e-18
-9.26645e-19
-3.22298e-19
-1.01491e-19
-2.94185e-20
-7.91849e-21
-1.98812e-21
-4.66296e-22
-1.02005e-22
-2.06942e-23
-3.84277e-24
-6.34145e-25
-8.59964e-26
-6.82888e-27
9.75114e-28
6.75628e-28
2.25504e-28
6.05941e-29
1.44902e-29
3.20354e-30
6.67242e-31
1.32359e-31
2.51796e-32
-1.74561e-05
-2.82609e-05
-4.13431e-05
-3.98604e-05
1.54828e-06
5.02435e-05
3.3301e-05
-0.000103233
-8.0605e-05
-1.96312e-05
-1.35044e-06
7.47402e-11
5.48304e-11
2.3942e-11
2.38582e-11
6.8108e-12
1.99613e-11
1.15141e-11
5.8e-12
1.04471e-12
8.04772e-17
-3.18896e-16
-3.37112e-17
4.81112e-17
-2.67196e-18
-2.73636e-17
-1.72678e-17
-7.30368e-18
-2.59651e-18
-8.31131e-19
-2.45737e-19
-6.782e-20
-1.75507e-20
-4.26539e-21
-9.72962e-22
-2.07656e-22
-4.11702e-23
-7.46944e-24
-1.19938e-24
-1.55605e-25
-1.04303e-26
2.47797e-27
1.41628e-27
4.53843e-28
1.19603e-28
2.82627e-29
6.19757e-30
1.28322e-30
2.53421e-31
4.80479e-32
-3.29862e-05
-9.15165e-05
-0.000137801
-7.41588e-05
0.000140304
0.000106422
-0.00062402
-0.000583235
-0.000154823
0.00134882
0.00268127
0.00246003
0.0012234
0.000210531
2.90007e-09
9.49422e-10
1.50019e-10
3.40615e-11
1.15149e-11
1.2772e-12
-7.39696e-15
-2.05369e-15
-1.86284e-16
2.96012e-16
2.07616e-17
-1.14428e-16
-5.77913e-17
-2.00492e-17
-6.19175e-18
-1.79381e-18
-4.92959e-19
-1.28556e-19
-3.17448e-20
-7.40022e-21
-1.62187e-21
-3.31945e-22
-6.26632e-23
-1.06352e-23
-1.52368e-24
-1.4614e-25
7.76849e-27
9.42213e-27
3.4255e-27
9.62921e-28
2.38142e-28
5.42026e-29
1.15979e-29
2.36088e-30
4.60584e-31
8.65443e-32
-3.52783e-06
-0.000127914
-0.000230506
0.000780374
0.000785454
-0.0018513
-0.0040452
-0.00153122
0.0121443
0.0360821
0.0575011
0.061183
0.0487222
0.027929
0.010504
0.001835
5.52956e-07
1.50036e-10
1.99639e-11
-1.55667e-13
-5.12909e-14
-5.84225e-15
5.40762e-15
3.98403e-15
2.67438e-16
-6.70917e-16
-1.80008e-16
-4.39399e-17
-1.11253e-17
-2.85151e-18
-7.22018e-19
-1.7678e-19
-4.12073e-20
-9.03628e-21
-1.84066e-21
-3.41392e-22
-5.52639e-23
-6.89675e-24
-2.71053e-25
2.09405e-25
9.92913e-26
3.14272e-26
8.44493e-27
2.05926e-27
4.68796e-28
1.01126e-28
2.08536e-29
4.13434e-30
7.91129e-31
1.46535e-31
0.00105706
0.000431865
0.00119471
0.00445242
0.00226374
-0.00908443
-0.0136806
0.00793464
0.0647574
0.146903
0.221586
0.244878
0.212092
0.140608
0.0677423
0.0204285
0.001835
9.49554e-10
6.81022e-12
-1.01415e-13
-6.91463e-14
1.61471e-13
1.41624e-13
2.12308e-14
-2.89541e-14
-5.12784e-15
-3.16208e-16
-4.18988e-17
-8.0087e-18
-1.79791e-18
-4.30634e-19
-9.91748e-20
-2.04407e-20
-3.4728e-21
-3.72593e-22
3.50899e-23
3.79079e-23
1.53093e-23
4.83045e-24
1.34184e-24
3.42919e-25
8.23793e-26
1.88327e-26
4.12845e-27
8.72209e-28
1.78194e-28
3.52896e-29
6.78635e-30
1.26891e-30
2.30928e-31
0.00447576
0.00370048
0.006525
0.0127599
0.00398602
-0.0240661
-0.0280434
0.0349354
0.167981
0.338958
0.49411
0.556997
0.504591
0.358248
0.190119
0.0677423
0.010504
2.90043e-09
2.38563e-11
7.99182e-14
3.6192e-12
3.4766e-12
6.28172e-13
-1.06364e-12
-2.31114e-13
-6.17105e-15
5.21409e-16
1.23352e-16
2.52429e-17
5.08179e-18
1.03948e-18
2.27859e-19
5.49762e-20
1.42767e-20
3.81123e-21
1.00775e-21
2.58764e-22
6.40463e-23
1.5266e-23
3.51109e-24
7.81448e-25
1.68803e-25
3.54808e-26
7.27135e-27
1.45502e-27
2.84544e-28
5.441e-29
1.01753e-29
1.86113e-30
3.32923e-31
0.00942891
0.00885398
0.0146973
0.0235849
0.00497866
-0.0428837
-0.0425372
0.0760408
0.29728
0.554636
0.785339
0.898979
0.844892
0.631835
0.358248
0.140608
0.027929
0.000210533
2.39362e-11
5.45651e-11
6.14629e-11
1.39981e-11
-3.48663e-11
-8.05356e-12
-3.09812e-13
2.07063e-14
3.7589e-15
3.31606e-16
5.69058e-17
1.16066e-17
2.48693e-18
5.67904e-19
1.37992e-19
3.47825e-20
8.81339e-21
2.19407e-21
5.30208e-22
1.23826e-22
2.79443e-23
6.10604e-24
1.29555e-24
2.67723e-25
5.40334e-26
1.06753e-26
2.06805e-27
3.93244e-28
7.34323e-29
1.3466e-29
2.42432e-30
4.28283e-31
0.0119491
0.011242
0.0191241
0.0301947
0.00521326
-0.0560779
-0.0526887
0.106664
0.387334
0.689967
0.95653
1.11185
1.08061
0.844892
0.504591
0.212092
0.0487222
0.00122339
5.48222e-11
5.06246e-10
2.37898e-10
-1.24786e-09
-2.88265e-10
-1.15158e-11
7.6769e-13
1.5464e-13
3.76747e-15
-3.89581e-17
-5.90118e-18
3.1018e-20
4.2343e-19
2.2364e-19
8.76122e-20
2.93377e-20
8.77772e-21
2.4038e-21
6.12545e-22
1.47042e-22
3.35728e-23
7.34794e-24
1.55172e-24
3.17918e-25
6.34832e-26
1.24003e-26
2.37582e-27
4.47284e-28
8.28234e-29
1.50878e-29
2.70324e-30
4.7606e-31
0.00772794
0.00641078
0.0134709
0.0266918
0.0060564
-0.0556401
-0.0572313
0.0997003
0.383182
0.684057
0.948535
1.11962
1.11185
0.898979
0.556997
0.244878
0.0611829
0.00246002
7.46713e-11
-1.29244e-09
-4.43729e-08
-1.12246e-08
-5.16526e-10
2.60063e-11
5.8315e-12
1.75727e-13
-2.39763e-15
-4.56729e-16
-8.87382e-17
-1.96814e-17
-4.13285e-18
-7.69274e-19
-1.17898e-19
-1.15001e-20
9.16199e-22
9.26436e-22
3.39579e-22
9.71174e-23
2.44817e-23
5.69362e-24
1.25058e-24
2.63183e-25
5.35883e-26
1.06299e-26
2.06393e-27
3.93428e-28
7.3743e-29
1.35976e-29
2.4658e-30
4.39418e-31
-0.00144649
-0.0035261
-0.00103405
0.0120715
0.00806773
-0.0346601
-0.0550946
0.0374165
0.252216
0.517604
0.772516
0.948535
0.95653
0.785339
0.49411
0.221586
0.057501
0.00268126
-1.35033e-06
-1.44441e-06
-3.86747e-07
-2.18148e-08
7.78156e-10
1.9423e-10
8.39725e-12
-1.00465e-13
-1.63407e-14
-5.63809e-16
-9.42189e-17
-2.59859e-17
-6.17004e-18
-1.32447e-18
-2.58481e-19
-4.53164e-20
-6.89394e-21
-8.18817e-22
-3.98448e-23
1.65861e-23
7.766e-24
2.29878e-24
5.76094e-25
1.32141e-25
2.87007e-26
6.01015e-27
1.22574e-27
2.44748e-28
4.79499e-29
9.21933e-30
1.7382e-30
3.20969e-31
-0.00572471
-0.00741741
-0.00945021
-0.00191392
0.00841182
-0.00526635
-0.0391742
-0.0333613
0.0708475
0.27601
0.517604
0.684057
0.689967
0.554636
0.338958
0.146903
0.0360821
0.00134882
-1.96307e-05
-7.98183e-06
-8.21876e-07
1.87815e-08
5.35345e-09
3.14213e-10
-3.62022e-12
-6.70991e-13
-5.80121e-15
2.70168e-17
-4.34147e-18
-4.78959e-18
-1.8667e-18
-5.1669e-19
-1.15583e-19
-2.176e-20
-3.43028e-21
-4.19835e-22
-2.54612e-23
5.76886e-24
2.92284e-24
8.43426e-25
2.0397e-25
4.56602e-26
9.90763e-27
2.13303e-27
4.59276e-28
9.86519e-29
2.09803e-29
4.38175e-30
8.92935e-31
1.76814e-31
-0.00195183
-0.00204254
-0.00523288
-0.00602473
0.0049945
0.0122794
-0.0128028
-0.0548595
-0.0443922
0.0708475
0.252216
0.383182
0.387334
0.29728
0.167981
0.0647574
0.0121443
-0.000154817
-8.06029e-05
-1.31646e-05
2.91598e-07
1.02882e-07
8.8568e-09
-1.07226e-10
-2.22378e-11
-4.44307e-13
2.28153e-15
3.94457e-16
7.65233e-17
1.77476e-17
4.18552e-18
9.80714e-19
2.28088e-19
5.24107e-20
1.17752e-20
2.55629e-21
5.31134e-22
1.04979e-22
1.96765e-23
3.49431e-24
5.88631e-25
9.44337e-26
1.45604e-26
2.19788e-27
3.3549e-28
5.40976e-29
9.54167e-30
1.83963e-30
3.74545e-31
7.72972e-32
0.00232863
0.00326528
0.00234751
-0.00242028
-0.000319649
0.0108661
0.0075655
-0.0256132
-0.0548595
-0.0333612
0.0374165
0.0997002
0.106664
0.0760408
0.0349355
0.00793469
-0.0015312
-0.000583224
-0.00010323
1.81235e-06
9.313e-07
1.51518e-07
-2.48848e-09
-5.75882e-10
-2.02808e-11
1.10335e-13
1.58941e-14
4.04436e-16
9.04429e-17
2.75203e-17
7.4141e-18
1.89962e-18
4.68965e-19
1.11509e-19
2.54577e-20
5.56351e-21
1.16137e-21
2.3129e-22
4.39223e-23
7.95239e-24
1.37283e-24
2.26006e-25
3.54991e-26
5.32694e-27
7.66169e-28
1.06416e-28
1.4495e-29
1.99033e-30
2.86472e-31
4.47813e-32
0.00110595
0.00159193
0.00264877
0.000907315
-0.00230626
0.000527492
0.00899099
0.00756549
-0.0128028
-0.0391742
-0.0550946
-0.0572313
-0.0526887
-0.0425372
-0.0280434
-0.0136806
-0.00404519
-0.000624015
3.33003e-05
1.24512e-05
1.58773e-06
-3.94174e-08
-1.04178e-08
-5.93285e-10
4.0772e-12
6.42262e-13
-5.32951e-16
9.40556e-18
2.83887e-17
1.36196e-17
4.85318e-18
1.48177e-18
4.1006e-19
1.05566e-19
2.55786e-20
5.86335e-21
1.27479e-21
2.63309e-22
5.17364e-23
9.68057e-24
1.72639e-24
2.93595e-25
4.76247e-26
7.36837e-27
1.08711e-27
1.52929e-28
2.05255e-29
2.63582e-30
3.26463e-31
3.97349e-32
-0.00111419
-0.00133465
-0.000556496
0.000861862
-0.000749315
-0.00362886
0.000527487
0.0108661
0.0122794
-0.00526635
-0.0346601
-0.0556401
-0.0560779
-0.0428837
-0.0240661
-0.00908445
-0.00185131
0.00010642
5.02426e-05
8.4501e-06
-4.05408e-07
-1.15487e-07
-8.66435e-09
1.12396e-10
1.97631e-11
-1.5994e-14
-7.04486e-15
-2.62629e-16
-1.95036e-17
-2.09471e-18
1.84966e-19
2.50642e-19
1.14227e-19
3.92668e-20
1.15148e-20
3.01663e-21
7.22628e-22
1.60422e-22
3.32803e-23
6.48619e-24
1.19153e-24
2.06682e-25
3.3864e-26
5.23484e-27
7.61039e-28
1.03397e-28
1.29741e-29
1.46888e-30
1.42269e-31
9.94784e-33
-0.000640422
-0.000814642
-0.00096095
-0.000190311
0.000495085
-0.000749318
-0.00230626
-0.000319644
0.00499449
0.00841181
0.00806774
0.00605642
0.00521328
0.00497865
0.003986
0.00226373
0.000785447
0.000140303
1.54786e-06
-3.4068e-06
-9.13934e-07
-5.43531e-08
2.21996e-09
4.29906e-10
2.6301e-12
-1.14182e-13
-1.73138e-14
-4.84864e-17
-2.24623e-17
-9.19133e-18
-2.81362e-18
-7.19141e-19
-1.59328e-19
-3.09222e-20
-5.2072e-21
-7.30114e-22
-7.39552e-23
-1.32894e-24
1.75829e-24
5.68909e-25
1.18568e-25
1.8338e-26
1.80099e-27
-6.72567e-29
-9.20324e-29
-3.03835e-29
-7.51772e-30
-1.60459e-30
-3.1044e-31
-5.57606e-32
-0.000177687
-0.000101741
-4.8805e-06
-0.000270319
-0.00019031
0.000861856
0.000907321
-0.00242027
-0.00602474
-0.00191394
0.0120715
0.0266918
0.0301947
0.0235849
0.0127598
0.00445239
0.000780364
-7.41607e-05
-3.98612e-05
-8.38216e-06
-4.41513e-08
3.63766e-08
8.65983e-09
6.40922e-11
-4.8617e-12
-4.96451e-13
1.6198e-16
-5.12215e-17
-3.08994e-17
-1.21932e-17
-3.8847e-18
-1.06261e-18
-2.5959e-19
-5.82501e-20
-1.22621e-20
-2.46351e-21
-4.79652e-22
-9.18103e-23
-1.74916e-23
-3.34492e-24
-6.4366e-25
-1.24217e-25
-2.38691e-26
-4.5294e-27
-8.42689e-28
-1.52906e-28
-2.69695e-29
-4.61579e-30
-7.66073e-31
-1.23307e-31
-0.00103797
-0.000998183
-0.000246022
-4.87618e-06
-0.000960948
-0.000556503
0.00264877
0.00234751
-0.00523289
-0.00945023
-0.00103402
0.013471
0.0191242
0.0146972
0.00652495
0.00119467
-0.000230517
-0.000137807
-4.13447e-05
-3.20375e-06
4.50673e-08
2.63402e-08
4.85988e-09
7.15521e-12
-1.40877e-12
-3.08785e-13
-2.99675e-15
-1.85758e-16
-6.25667e-17
-1.9456e-17
-5.28476e-18
-1.26374e-18
-2.73306e-19
-5.52026e-20
-1.07564e-20
-2.08264e-21
-4.09538e-22
-8.25596e-23
-1.7001e-23
-3.53458e-24
-7.31992e-25
-1.49308e-25
-2.97605e-26
-5.76869e-27
-1.08457e-27
-1.97555e-28
-3.48569e-29
-5.95967e-30
-9.88085e-31
-1.58997e-31
-0.00169871
-0.00178987
-0.000998186
-0.00010174
-0.000814642
-0.00133465
0.00159194
0.00326529
-0.00204255
-0.00741744
-0.00352608
0.00641084
0.011242
0.00885396
0.00370042
0.000431821
-0.000127927
-9.15245e-05
-2.82629e-05
-1.9938e-06
2.00849e-08
1.07032e-08
1.14439e-09
4.26981e-11
2.61405e-12
4.09302e-16
-5.30411e-15
-9.89755e-16
-1.68492e-16
-4.0362e-17
-9.57608e-18
-2.05371e-18
-3.957e-19
-6.97028e-20
-1.15605e-20
-1.88521e-21
-3.1972e-22
-5.91762e-23
-1.20439e-23
-2.60367e-24
-5.71992e-25
-1.2381e-25
-2.59904e-26
-5.25785e-27
-1.02341e-27
-1.91758e-28
-3.46339e-29
-6.03924e-30
-1.01836e-30
-1.66312e-31
-0.00158398
-0.0016987
-0.00103797
-0.000177683
-0.000640421
-0.0011142
0.00110595
0.00232864
-0.00195184
-0.00572473
-0.00144648
0.007728
0.0119492
0.00942889
0.0044757
0.00105701
-3.5435e-06
-3.29933e-05
-1.74583e-05
-3.29144e-06
-2.70907e-08
-2.1228e-09
2.1494e-10
1.43898e-10
2.02491e-11
-4.18317e-16
-1.24667e-15
-6.86042e-16
-2.23585e-16
-5.94695e-17
-1.38399e-17
-2.85999e-18
-5.32118e-19
-9.06398e-20
-1.44531e-20
-2.23237e-21
-3.51822e-22
-6.01048e-23
-1.14987e-23
-2.4102e-24
-5.26028e-25
-1.14558e-25
-2.43127e-26
-4.97775e-27
-9.80074e-28
-1.85568e-28
-3.38296e-29
-5.94781e-30
-1.01025e-30
-1.66047e-31
)
;

boundaryField
{
    movingWall
    {
        type            zeroGradient;
    }
    fixedWalls
    {
        type            zeroGradient;
    }
    frontAndBack
    {
        type            empty;
    }
}

