/*--------------------------------*- C++ -*----------------------------------*\
| =========                 |                                                 |
| \\      /  F ield         | OpenFOAM: The Open Source CFD Toolbox           |
|  \\    /   O peration     | Version:  v2006                                 |
|   \\  /    A nd           | Website:  www.openfoam.com                      |
|    \\/     M anipulation  |                                                 |
\*---------------------------------------------------------------------------*/
FoamFile
{
    version     2.0;
    format      ascii;
    class       volScalarField;
    location    "0";
    object      f;
}
// * * * * * * * * * * * * * * * * * * * * * * * * * * * * * * * * * * * * * //

dimensions      [0 0 0 0 0 0 0];


internalField   nonuniform List<scalar> 
2500
(
-2.06025e-51
2.30711e-41
-1.25563e-35
7.49081e-32
-1.48963e-29
-8.70841e-27
4.89856e-25
-3.96421e-24
-5.44271e-23
-3.18204e-22
1.28127e-20
1.93978e-20
-3.17605e-19
-1.52592e-18
-2.18714e-18
1.13713e-18
4.50102e-18
1.10967e-17
5.09719e-17
-2.64865e-16
-1.64295e-16
-2.96567e-16
5.77767e-17
1.92648e-16
6.04479e-16
3.0295e-15
6.33865e-17
-2.15683e-15
-9.89926e-16
3.34088e-15
3.53781e-15
-2.25837e-15
-7.10527e-15
2.04245e-15
4.0077e-15
-1.50749e-15
-1.03049e-15
2.13353e-16
1.79618e-16
3.43675e-17
-1.85548e-18
-3.04611e-18
-8.46021e-19
2.94359e-20
1.52351e-19
9.52362e-20
4.13973e-20
1.45202e-20
4.204e-21
3.1308e-22
-2.19119e-49
7.33761e-40
-2.1925e-34
9.24893e-31
-1.50879e-28
-6.13119e-26
2.59931e-24
-7.84108e-24
-2.2551e-22
-3.64014e-21
3.98622e-20
1.04079e-19
-6.38358e-19
-3.4203e-18
-5.88274e-18
1.97708e-18
1.29639e-17
4.38365e-17
9.02586e-17
-3.30299e-16
-3.24427e-16
-5.81928e-16
-6.64065e-17
-1.74181e-17
2.98761e-16
8.13157e-15
5.09309e-16
-1.647e-14
-3.39197e-15
1.73967e-14
6.42953e-15
-1.28002e-15
-1.26701e-14
6.84848e-16
5.04874e-15
-1.02209e-15
-1.02026e-15
2.06181e-16
1.66484e-16
2.06175e-17
-7.4813e-18
-4.65013e-18
-1.29957e-18
-1.44472e-19
6.97497e-20
5.70457e-20
2.5797e-20
9.02406e-21
2.57207e-21
2.44736e-22
-1.85163e-47
1.86297e-38
-3.17957e-33
1.00882e-29
-1.30017e-27
-3.80005e-25
1.16785e-23
2.69256e-23
-7.74434e-22
-2.35974e-20
1.14717e-19
4.5414e-19
-1.05507e-18
-7.96594e-18
-1.79111e-17
-3.35854e-19
2.96837e-17
1.41434e-16
1.81633e-16
-4.40067e-16
-1.90712e-15
-5.02227e-15
-1.77471e-16
-9.64443e-17
2.0306e-14
3.52052e-14
1.15064e-15
-1.21076e-13
-8.58251e-15
1.41163e-13
1.33981e-14
-1.22824e-13
-3.75492e-14
1.51084e-14
1.69028e-14
-1.26356e-15
-1.86772e-15
3.51704e-16
2.80432e-16
2.50345e-17
-1.64207e-17
-8.62234e-18
-2.29678e-18
-2.72614e-19
9.54994e-20
8.24631e-20
3.71024e-20
1.28409e-20
3.6254e-21
3.7993e-22
-1.49942e-45
4.58807e-37
-4.73042e-32
1.14008e-28
-1.02416e-26
-2.35711e-24
4.591e-23
4.16174e-22
-1.75083e-21
-1.25406e-19
2.79588e-19
1.67856e-18
-3.7473e-19
-1.64489e-17
-5.08334e-17
-2.10933e-17
5.22976e-17
4.16825e-16
3.36348e-16
-3.45322e-16
-1.82991e-14
-3.48596e-14
3.81137e-14
5.24547e-13
7.17202e-13
1.05907e-13
-1.43064e-12
-4.36635e-13
-1.32235e-14
5.03686e-13
-9.12867e-16
-6.71401e-13
-7.80266e-14
1.50584e-13
4.7999e-14
-1.47132e-15
-3.63748e-15
6.03021e-16
4.7274e-16
2.61985e-17
-3.28554e-17
-1.51116e-17
-3.77365e-18
-4.2455e-19
1.47958e-19
1.23116e-19
5.40213e-20
1.83369e-20
5.10628e-21
5.79063e-22
-1.16067e-43
1.11198e-35
-7.41018e-31
1.30573e-27
-6.771e-26
-1.45957e-23
1.21932e-22
3.06269e-21
2.88472e-21
-5.87268e-19
4.56431e-19
5.27057e-18
6.61826e-18
-2.6784e-17
-1.2357e-16
-1.18676e-16
6.64975e-17
1.78762e-15
5.35471e-16
-2.86825e-16
-7.77254e-14
-1.13896e-13
1.98123e-12
4.93644e-12
3.18132e-12
1.8844e-13
-1.07982e-11
-1.08047e-12
6.13313e-12
1.24154e-12
-3.60427e-12
-2.17653e-12
-1.0162e-13
5.92602e-13
1.03833e-13
-1.13399e-14
-8.71325e-15
1.06153e-15
8.03169e-16
1.79251e-17
-6.2086e-17
-2.53181e-17
-5.81931e-18
-5.54622e-19
2.54962e-19
1.89105e-19
7.95058e-20
2.62633e-20
7.18666e-21
8.69789e-22
-8.5577e-42
2.72924e-34
-1.2357e-29
1.47325e-26
-2.8872e-25
-8.84629e-23
-2.39106e-22
1.72892e-20
7.13877e-20
-2.46138e-18
-3.80987e-19
1.34548e-17
3.5461e-17
-1.85185e-17
-2.46197e-16
-5.40533e-16
3.16217e-16
1.21067e-14
-2.59632e-14
-3.28027e-13
-1.54593e-13
-1.28523e-13
9.02624e-12
1.4767e-11
7.92103e-12
-8.83935e-11
-3.58832e-11
-1.59414e-12
4.01802e-11
1.91338e-12
-1.88348e-11
-5.21004e-12
9.63487e-13
1.76587e-12
1.52733e-13
-7.36092e-14
-2.32435e-14
2.01146e-15
1.38561e-15
-1.27269e-17
-1.12774e-16
-4.07651e-17
-8.42713e-18
-5.59387e-19
4.63969e-19
2.95859e-19
1.17769e-19
3.76436e-20
1.0095e-20
1.28994e-21
-5.98605e-40
7.09919e-33
-2.16658e-28
1.58921e-25
9.08355e-25
-5.0117e-22
-7.24737e-21
8.02718e-20
6.02439e-19
-9.14949e-18
-8.1112e-18
2.28076e-17
1.09851e-16
1.0424e-16
-4.44741e-15
-1.88151e-15
5.92091e-14
3.52022e-14
-1.10527e-12
-1.87077e-12
6.93131e-12
6.67505e-11
2.35341e-11
2.12812e-11
4.43131e-12
-6.17176e-10
-6.24524e-11
4.91426e-10
1.37679e-10
-3.46608e-11
-5.85173e-11
-9.02734e-12
9.19288e-12
4.33122e-12
6.0757e-14
-2.96119e-13
-5.36282e-14
4.31387e-15
2.46447e-15
-9.14571e-17
-1.98921e-16
-6.31635e-17
-1.13696e-17
-2.41832e-19
8.49846e-19
4.65515e-19
1.74482e-19
5.37955e-20
1.41199e-20
1.88928e-21
-3.96595e-38
2.04971e-31
-3.88017e-27
1.58251e-24
4.05088e-23
-2.3893e-21
-7.45129e-20
3.03105e-19
3.92097e-18
-2.91699e-17
-5.06362e-17
-1.72296e-17
8.92279e-16
5.96578e-16
-4.16972e-14
1.49519e-13
3.75157e-13
-3.65122e-12
-5.0496e-12
-4.71336e-12
2.84881e-10
3.68988e-10
4.29255e-11
-2.55982e-09
-6.41075e-09
-2.21043e-09
1.74952e-09
3.022e-09
3.16878e-10
-2.48871e-10
-1.39227e-10
-1.04569e-11
3.67754e-11
8.52967e-12
-1.34032e-12
-9.25857e-13
-9.89391e-14
1.02247e-14
4.64495e-15
-2.68446e-16
-3.43099e-16
-9.39704e-17
-1.39955e-17
7.33008e-19
1.52205e-18
7.27614e-19
2.56734e-19
7.62953e-20
1.96018e-20
2.73011e-21
-2.51354e-36
6.64338e-30
-6.87171e-26
1.37314e-23
6.04949e-22
-6.23338e-21
-5.79426e-19
8.40627e-19
2.2367e-17
-7.33534e-17
-2.7186e-16
-4.69587e-16
2.10223e-14
-1.96724e-13
-1.28421e-13
5.82752e-12
1.03017e-12
-5.86209e-11
-1.22805e-11
6.60154e-10
1.19337e-09
7.45388e-10
-1.83778e-08
-4.84526e-08
-3.58659e-08
-4.04794e-09
4.20748e-08
1.02411e-08
4.19427e-10
-9.1666e-10
-2.50496e-10
1.21589e-10
1.19765e-10
1.25651e-11
-5.3274e-12
-2.36896e-12
-1.46175e-13
2.65314e-14
9.419e-15
-6.46513e-16
-5.82265e-16
-1.33357e-16
-1.49381e-17
2.88343e-18
2.62793e-18
1.11825e-18
3.72576e-19
1.06849e-19
2.69076e-20
3.88555e-21
-1.59859e-34
2.33079e-28
-1.16836e-24
8.86392e-23
6.61575e-21
4.80494e-20
-3.76274e-18
8.45386e-19
1.2093e-16
-1.44339e-16
-2.01907e-15
-1.85623e-15
8.31227e-14
-2.16455e-12
1.65275e-11
2.0468e-11
-4.02456e-10
-1.61803e-10
3.55344e-09
4.71056e-09
2.12593e-09
-2.7609e-08
-1.38437e-07
-1.84689e-07
-1.0477e-07
4.64141e-08
1.81927e-07
2.24185e-08
1.14151e-10
-2.89356e-09
-2.95246e-10
7.19555e-10
3.29457e-10
1.24169e-11
-1.45037e-11
-5.05214e-12
-1.5982e-13
7.15848e-14
1.92467e-14
-1.45947e-15
-9.78829e-16
-1.78174e-16
-1.17588e-17
6.93997e-18
4.34704e-18
1.6766e-18
5.29949e-19
1.47037e-19
3.63825e-20
5.43493e-21
-1.15787e-32
8.38635e-27
-1.85073e-23
7.29956e-23
5.77029e-20
1.0631e-18
-2.05159e-17
-8.61286e-18
7.46244e-16
-7.41073e-15
-1.08339e-14
5.36184e-13
-1.58221e-12
-5.70627e-12
1.60365e-10
-1.38582e-10
-2.34989e-09
5.90265e-09
3.90497e-08
1.03662e-08
-2.46308e-07
-5.65326e-07
-4.43172e-07
-3.99187e-07
-1.70941e-07
1.71512e-06
5.07023e-07
2.79578e-08
-1.27473e-08
-8.05386e-09
1.44487e-09
2.44758e-09
7.62669e-10
-1.28556e-11
-3.39402e-11
-9.34747e-12
-1.70524e-15
1.80939e-13
3.5683e-14
-3.21873e-15
-1.63418e-15
-2.18534e-16
-6.14944e-19
1.38266e-17
6.86962e-18
2.43773e-18
7.34885e-19
1.97935e-19
4.82806e-20
7.45572e-21
-1.10721e-30
2.96342e-25
-2.61282e-22
-1.06226e-20
3.88553e-19
1.26449e-17
-9.31853e-17
-6.41305e-17
3.60482e-15
-7.17194e-14
3.90926e-13
3.53404e-12
-6.51491e-11
3.43974e-10
4.39305e-10
-1.1973e-08
-6.02978e-09
1.7865e-07
9.91419e-08
-1.19332e-06
-3.4971e-06
-2.11973e-06
-9.25849e-07
-5.19638e-07
5.64486e-06
8.42347e-06
8.59788e-07
-1.02192e-08
-6.81159e-08
-1.87653e-08
8.26927e-09
6.72028e-09
1.55259e-09
-7.33809e-11
-7.02389e-11
-1.5578e-11
4.65219e-13
4.23019e-13
5.79125e-14
-6.79407e-15
-2.7146e-15
-2.33644e-16
2.37561e-17
2.45467e-17
1.03528e-17
3.42156e-18
9.89104e-19
2.59647e-19
6.2684e-20
1.0013e-20
-1.35002e-28
9.99494e-24
-2.955e-21
-2.41793e-19
1.60407e-18
1.29138e-16
-1.78426e-15
1.02247e-14
-5.41416e-15
-2.26683e-13
6.30265e-12
2.16561e-12
-2.33521e-10
4.07965e-09
-6.40266e-09
-5.98891e-08
3.20507e-07
7.93432e-07
-1.25518e-06
-1.57156e-05
-1.18828e-05
-3.43744e-06
4.91546e-06
0.000159715
0.000149462
2.77419e-05
3.17758e-07
-3.93407e-07
-2.55976e-07
-3.39295e-08
2.47549e-08
1.56971e-08
2.82146e-09
-1.87503e-10
-1.31286e-10
-2.29256e-11
1.56941e-12
9.15482e-13
7.8816e-14
-1.39055e-14
-4.47925e-15
-1.86559e-16
6.73169e-17
3.99158e-17
1.48536e-17
4.61908e-18
1.28747e-18
3.30864e-19
7.94296e-20
1.31485e-20
-1.78082e-26
3.14982e-22
-1.51947e-20
-3.74348e-18
-2.81827e-18
1.18165e-15
-2.45713e-14
3.07173e-13
-2.56481e-12
1.19206e-11
2.47801e-11
-7.02962e-10
5.99122e-10
1.06761e-08
-1.61101e-07
-1.37144e-07
3.08445e-06
1.83179e-06
-4.38017e-05
-5.36519e-05
-2.0621e-05
0.000442017
0.00174933
0.00168357
0.000650808
5.91484e-05
-1.89205e-06
-1.71368e-06
-7.62239e-07
-4.68034e-08
5.87028e-08
3.16872e-08
4.50562e-09
-3.74777e-10
-2.23548e-10
-2.83896e-11
4.05166e-12
1.78863e-12
8.20115e-14
-3.05056e-14
-7.14437e-15
-1.3518e-17
1.34816e-16
6.00795e-17
2.02485e-17
5.97992e-18
1.61619e-18
4.08627e-19
9.80714e-20
1.68716e-20
-2.28454e-24
9.05147e-21
4.78103e-19
-4.86885e-17
-4.62337e-17
3.60879e-15
-7.02119e-14
1.03579e-12
-1.31805e-11
1.09319e-10
-1.42157e-10
-3.4777e-09
4.02643e-08
-5.7122e-08
-7.1151e-07
3.86946e-06
1.01509e-05
-5.55376e-05
-0.000183001
-9.7968e-05
0.00183907
0.00749718
0.0092343
0.00594187
0.00180248
9.74247e-05
-6.46485e-06
-5.26747e-06
-1.8889e-06
-4.22447e-08
1.19797e-07
5.65695e-08
6.20368e-09
-6.90594e-10
-3.58345e-10
-2.83405e-11
9.57866e-12
3.09904e-12
-1.58224e-15
-6.42351e-14
-9.97704e-15
3.39137e-16
2.26846e-16
8.39719e-17
2.61747e-17
7.40772e-18
1.95299e-18
4.88465e-19
1.17901e-19
2.11555e-20
-2.73431e-22
2.26541e-19
2.23208e-17
-1.1968e-15
2.04986e-14
-2.21723e-13
1.16451e-12
-3.3124e-12
-2.34116e-11
2.7333e-10
-3.42258e-09
-4.52193e-09
1.68863e-07
-1.48766e-06
-1.36209e-06
2.82182e-05
1.11363e-05
-0.000389934
-0.000354881
0.0028281
0.0175545
0.0288441
0.0265559
0.0146169
0.0039375
0.000142658
-1.82514e-05
-1.33075e-05
-4.02183e-06
1.93672e-08
2.2283e-07
9.05398e-08
6.90133e-09
-1.31111e-09
-5.4058e-10
-3.61116e-12
2.12173e-11
4.51823e-12
-1.94832e-13
-1.21924e-13
-1.16185e-14
7.5661e-16
3.36632e-16
1.09234e-16
3.20493e-17
8.77078e-18
2.27004e-18
5.65003e-19
1.3803e-19
2.59362e-20
-2.99214e-20
4.53487e-18
3.87956e-16
-1.4082e-14
2.55261e-13
-3.57981e-12
3.71423e-11
-3.0535e-10
1.70476e-09
-2.25191e-09
-1.57429e-08
2.21487e-07
1.94342e-07
-5.85708e-06
2.17574e-05
9.07955e-05
-0.000420188
-0.00119984
0.000922909
0.0255258
0.0587037
0.0725795
0.0582272
0.0291931
0.00725674
0.00017875
-4.40813e-05
-2.8972e-05
-7.41397e-06
2.1543e-07
3.82493e-07
1.29595e-07
4.7045e-09
-2.55005e-09
-7.30152e-10
5.48177e-11
4.2658e-11
5.324e-12
-4.87932e-13
-1.98739e-13
-1.15146e-14
1.12795e-15
4.46622e-16
1.32581e-16
3.71908e-17
9.93007e-18
2.5397e-18
6.32927e-19
1.57505e-19
3.11123e-20
-2.96327e-18
1.52705e-16
-5.05383e-16
-3.47867e-14
6.25738e-13
-9.79638e-12
1.33872e-10
-1.38209e-09
1.06782e-08
-4.88597e-08
-2.30617e-08
1.12075e-06
-5.77202e-06
-1.07604e-05
0.000118827
0.000130577
-0.00196058
-0.00212935
0.0221049
0.0820657
0.137558
0.145644
0.10603
0.049634
0.011512
0.00016504
-9.48687e-05
-5.5446e-05
-1.17031e-05
6.50432e-07
6.11768e-07
1.62455e-07
-2.5329e-09
-4.96595e-09
-7.87729e-10
1.67208e-10
7.44483e-11
4.79232e-12
-8.98578e-13
-2.74656e-13
-6.22739e-15
1.62798e-15
5.50981e-16
1.50985e-16
4.10162e-17
1.07774e-17
2.74103e-18
6.87909e-19
1.75386e-19
3.65367e-20
-2.53114e-16
6.7696e-15
-1.11781e-13
1.29762e-12
-1.13396e-11
6.26648e-11
4.6635e-11
-2.26006e-09
2.151e-08
-2.06544e-07
8.64209e-07
2.27564e-06
-2.65644e-05
5.09806e-05
0.000335964
-0.00107179
-0.00524339
0.00517559
0.0772473
0.187252
0.260312
0.247813
0.166603
0.0731765
0.0157074
3.53428e-05
-0.000186254
-9.36748e-05
-1.52811e-05
1.37206e-06
9.08232e-07
1.69775e-07
-1.64707e-08
-8.9449e-09
-4.84794e-10
3.45285e-10
1.05307e-10
6.37742e-13
-1.67377e-12
-3.19637e-13
3.39898e-15
2.28383e-15
6.2292e-16
1.61716e-16
4.3216e-17
1.1267e-17
2.86401e-18
7.2695e-19
1.9073e-19
4.19977e-20
-1.66237e-15
2.91845e-14
-5.31263e-13
9.3968e-12
-1.50127e-10
1.52341e-09
-1.17325e-08
5.49651e-08
-1.13877e-07
-3.97856e-07
4.32444e-06
-1.15864e-05
-5.67525e-05
0.000391899
0.000467736
-0.00537138
-0.00906482
0.0414312
0.180966
0.346225
0.419799
0.367152
0.228891
0.0939463
0.0182073
-0.000254618
-0.000335733
-0.00013983
-1.57191e-05
2.34452e-06
1.21435e-06
1.08935e-07
-3.88612e-08
-1.30011e-08
4.11196e-10
6.34104e-10
1.17288e-10
-5.27019e-12
-2.82929e-12
-2.79273e-13
7.43357e-15
2.86472e-15
6.50413e-16
1.64612e-16
4.39159e-17
1.1425e-17
2.9082e-18
7.47765e-19
2.02462e-19
4.71966e-20
4.14051e-14
-2.96851e-13
1.5456e-12
1.24405e-11
-3.93099e-10
5.08944e-09
-5.56859e-08
3.66283e-07
-1.8103e-06
3.66402e-06
9.78943e-06
-9.19483e-05
-1.84644e-05
0.00118488
-0.00145391
-0.0145111
-0.00637448
0.111621
0.337549
0.546036
0.593429
0.477445
0.27634
0.10476
0.0177954
-0.000682565
-0.000552676
-0.000181272
-8.68493e-06
4.07587e-06
1.43656e-06
-3.82932e-08
-7.53537e-08
-1.37985e-08
2.02025e-09
1.03363e-09
9.5649e-11
-1.01749e-11
-3.81331e-12
-1.99745e-13
7.3284e-15
2.77689e-15
6.28406e-16
1.624e-16
4.3631e-17
1.13192e-17
2.87473e-18
7.47373e-19
2.09232e-19
5.17477e-20
5.83886e-13
-3.65111e-12
3.22614e-11
-2.39749e-10
1.07925e-09
2.20981e-09
-9.66268e-08
8.47649e-07
-6.32409e-06
2.2628e-05
-2.63406e-06
-0.000273535
0.000634271
0.00222381
-0.00734183
-0.0270827
0.0234703
0.225063
0.532943
0.751012
0.741204
0.551015
0.294271
0.101625
0.0121789
-0.00120082
-0.00079465
-0.000190681
5.91731e-06
6.97378e-06
1.24674e-06
-2.55942e-07
-1.27305e-07
-7.54593e-09
4.04441e-09
1.32526e-09
3.58164e-11
-1.49557e-11
-4.04277e-12
-7.28071e-14
6.89054e-15
2.33573e-15
5.76713e-16
1.58916e-16
4.29369e-17
1.09896e-17
2.75453e-18
7.20894e-19
2.09499e-19
5.52358e-20
1.42218e-12
-8.43717e-12
8.49367e-11
-9.00307e-10
1.01313e-08
-9.42343e-08
3.63797e-07
4.95174e-07
-1.06102e-05
6.58099e-05
-0.000143055
-0.000410078
0.00212241
0.0024564
-0.0188783
-0.0338951
0.074643
0.370477
0.732072
0.906299
0.829698
0.565354
0.272702
0.0769581
0.00362744
-0.00197793
-0.000960542
-0.000121582
2.54338e-05
1.04679e-05
2.43999e-07
-5.20241e-07
-1.53354e-07
5.2078e-09
6.53889e-09
1.31072e-09
-2.78234e-11
-1.97049e-11
-3.15115e-12
-2.48778e-15
2.06167e-15
1.47345e-15
5.38329e-16
1.58868e-16
4.20747e-17
1.03735e-17
2.52109e-18
6.62165e-19
2.02043e-19
5.73566e-20
-3.36171e-11
1.9847e-10
-1.32062e-09
4.33418e-09
1.65502e-08
-3.07893e-07
2.38906e-06
-7.96512e-06
2.14249e-06
0.000110304
-0.000490891
-1.27078e-05
0.00444043
-0.00180912
-0.034942
-0.0269207
0.152214
0.523265
0.886285
0.985589
0.828846
0.504687
0.204801
0.0395811
-0.00390428
-0.00296573
-0.000860126
2.65363e-05
4.57321e-05
1.05747e-05
-1.26914e-06
-8.43445e-07
-1.15528e-07
2.00096e-08
9.24828e-09
9.36621e-10
-4.34916e-11
-1.91542e-11
-1.96817e-12
-1.17746e-13
-9.83569e-15
1.24878e-15
5.71109e-16
1.63395e-16
4.04363e-17
9.27174e-18
2.13739e-18
5.67463e-19
1.86976e-19
5.81106e-20
-2.63566e-10
1.30923e-09
-8.37855e-09
4.0669e-08
-1.20449e-07
-1.80466e-07
4.59296e-06
-2.75412e-05
7.92124e-05
7.2839e-05
-0.00101295
0.00153083
0.00656319
-0.0108706
-0.0492912
-0.0039241
0.242307
0.647348
0.95654
0.965889
0.720803
0.374181
0.115093
0.00410039
-0.00706089
-0.00336588
-0.000355745
0.000174063
7.14098e-05
4.17571e-06
-2.7986e-06
-1.0693e-06
-4.0329e-08
2.63407e-08
9.22088e-09
4.16094e-10
-2.35689e-11
-8.24938e-12
-9.40497e-13
-2.40382e-13
-2.58852e-14
1.6089e-15
6.72604e-16
1.67225e-16
3.65077e-17
7.41824e-18
1.58273e-18
4.41845e-19
1.66825e-19
5.79434e-20
-3.9929e-10
2.35174e-09
-1.45884e-08
8.38171e-08
-4.41695e-07
2.19576e-06
-1.56415e-06
-3.9483e-05
0.000214063
-0.000317858
-0.00126327
0.00430095
0.00687659
-0.0251248
-0.0577197
0.031294
0.323231
0.70931
0.915566
0.831104
0.529185
0.216883
0.0331375
-0.014638
-0.00845132
-0.00186999
0.000406015
0.000284135
6.45273e-05
-4.70666e-06
-3.88042e-06
-8.06146e-07
4.34454e-08
3.14083e-08
6.11725e-09
3.21553e-11
1.581e-11
2.79474e-12
-7.36104e-13
-4.32397e-13
-4.99419e-14
2.54107e-15
8.36836e-16
1.60314e-16
2.83596e-17
4.65095e-18
8.91306e-19
3.04839e-19
1.46856e-19
5.76692e-20
5.69323e-09
-1.96523e-08
1.10316e-07
-3.396e-07
-1.56494e-07
6.27097e-06
-2.96604e-05
2.43102e-05
0.00029288
-0.00103473
-0.000366463
0.00765571
0.00100584
-0.0410629
-0.0595034
0.0702132
0.374847
0.701434
0.774961
0.598684
0.30943
0.0785935
-0.0184648
-0.0165563
-0.00660665
0.000281393
0.000969424
0.000367478
2.42888e-05
-1.05468e-05
-4.50816e-06
-3.79404e-07
6.30205e-08
2.72375e-08
2.78942e-09
2.30653e-10
9.38098e-11
1.07425e-11
-1.28673e-12
-5.66773e-13
-3.92064e-14
4.40306e-15
9.62393e-16
1.2214e-16
1.42812e-17
1.13011e-18
1.82549e-19
1.90312e-19
1.33679e-19
5.80516e-20
2.87895e-08
-1.17778e-07
6.47978e-07
-2.46308e-06
5.37929e-06
4.31817e-06
-7.1027e-05
0.00020999
8.14027e-05
-0.00185106
0.00202108
0.00969233
-0.00778674
-0.0548048
-0.0539899
0.0980705
0.381541
0.58687
0.550767
0.350946
0.121995
-0.0113619
-0.0309548
-0.0151445
-0.000243404
0.00262375
0.00130661
0.000243233
-1.74618e-05
-1.14508e-05
-2.68352e-06
3.40216e-08
4.12703e-08
5.70471e-09
-8.10171e-11
4.71598e-10
1.78611e-10
1.04612e-11
-1.65389e-12
-4.55019e-13
1.23808e-14
7.84964e-15
7.87052e-16
3.51438e-17
-4.84986e-18
-2.39636e-18
-3.40208e-19
1.36114e-19
1.31878e-19
5.91102e-20
-4.01614e-08
-2.22521e-07
1.15653e-06
-5.30077e-06
1.76087e-05
-2.27348e-05
-8.55119e-05
0.000469772
-0.000599351
-0.00217263
0.00561874
0.00999288
-0.018336
-0.0645171
-0.0476734
0.107624
0.324739
0.399002
0.315222
0.137433
-0.00468442
-0.0454807
-0.0245212
-0.00219171
0.00518734
0.00349216
0.00115695
6.90457e-05
-2.59775e-05
-1.10595e-05
-9.81771e-07
6.71874e-08
3.04194e-09
-8.49041e-09
4.35462e-11
7.71194e-10
1.97467e-10
-6.45206e-13
-2.36869e-12
-1.57003e-13
6.04182e-14
1.12984e-14
-1.26386e-17
-8.2656e-17
-2.29653e-17
-4.55764e-18
-4.5869e-19
1.62548e-19
1.39694e-19
5.95016e-20
-6.29236e-07
2.47323e-07
-5.99467e-07
-4.44562e-06
3.01974e-05
-9.57194e-05
7.03421e-05
0.000605775
-0.00178774
-0.00112975
0.009603
0.00866735
-0.026588
-0.0684714
-0.0415187
0.0903774
0.209724
0.206486
0.107317
-0.00832076
-0.0592557
-0.0400673
-0.00856291
0.00831287
0.00755022
0.00347168
0.000577687
-5.28394e-05
-2.10298e-05
-2.03089e-06
2.90519e-07
-9.58153e-08
-7.84573e-08
-1.3748e-08
2.14262e-09
1.04924e-09
1.05782e-10
-1.3064e-11
-3.03081e-12
2.04756e-13
7.82895e-14
2.74891e-15
-7.89773e-16
-1.68432e-16
-2.89381e-17
-3.97467e-18
-9.21464e-20
2.47359e-19
1.46474e-19
5.65436e-20
-1.67561e-06
2.21633e-06
-8.00636e-06
1.40328e-05
1.6961e-05
-0.000189943
0.000457224
0.00025712
-0.00307506
0.000533673
0.0128073
0.00732059
-0.0296942
-0.0644883
-0.0352485
0.0423701
0.0810147
0.0482685
-0.0239082
-0.0701474
-0.0576998
-0.0194175
0.00843331
0.0123376
0.00721499
0.00196203
5.00676e-05
-2.97621e-05
-5.58964e-06
2.1437e-06
6.4317e-08
-2.58764e-07
-9.49977e-08
-2.15634e-09
3.61059e-09
9.55703e-10
-2.83623e-11
-1.79557e-11
-1.11575e-12
3.59304e-13
6.73359e-14
-5.95364e-15
-1.25359e-15
-1.46126e-16
-1.65012e-17
-6.76026e-19
5.38408e-19
3.16615e-19
1.35304e-19
4.73323e-20
5.1315e-07
5.12755e-06
-1.67142e-05
5.30148e-05
-6.73494e-05
-0.000194467
0.000933413
-0.000423514
-0.00409522
0.00222653
0.0143908
0.00714082
-0.0261146
-0.047853
-0.0301438
-0.00202721
-0.00745461
-0.0413693
-0.0735788
-0.0682418
-0.0304476
0.00475154
0.0158323
0.0112269
0.0040228
0.000449643
-9.81384e-05
-9.5902e-06
1.4206e-05
4.03919e-06
-5.20044e-07
-3.96925e-07
-7.17247e-08
9.15695e-09
4.04034e-09
1.5577e-10
-8.85229e-11
-2.04426e-11
1.00594e-12
3.75753e-13
-2.98489e-14
-1.11848e-14
-8.91488e-16
-1.89063e-17
7.94386e-18
3.21468e-18
9.25439e-19
2.74271e-19
9.2351e-20
3.07657e-20
1.45621e-05
3.69588e-06
-1.1154e-05
9.71832e-05
-0.000231766
-1.63826e-05
0.00134485
-0.00125264
-0.00473128
0.0028481
0.0141268
0.00844872
-0.0130204
-0.024872
-0.0228075
-0.0256677
-0.0409671
-0.0606768
-0.0613315
-0.0329266
0.000751905
0.0172177
0.013682
0.00586443
0.000888302
-0.000234288
-9.77717e-07
4.31534e-05
1.54234e-05
1.04907e-07
-1.12774e-06
-3.80848e-07
4.8887e-09
1.06416e-08
1.72825e-09
-3.22519e-10
-9.17971e-11
4.42835e-12
2.09376e-12
6.97066e-14
-7.45924e-14
-1.19627e-14
4.61764e-16
1.35339e-16
2.69e-17
4.34367e-18
5.65187e-19
6.9187e-20
1.90347e-20
9.30353e-21
3.03879e-05
-1.63549e-05
2.81104e-05
0.00010067
-0.000439396
0.000299228
0.00165026
-0.00196195
-0.00511647
0.00221158
0.0122441
0.011587
0.00321801
-0.00334271
-0.0101149
-0.0208453
-0.033111
-0.0366147
-0.0220604
0.00120046
0.0158631
0.0137618
0.00606147
0.000561482
-0.000630011
-6.64501e-05
9.85708e-05
5.64964e-05
8.98282e-06
-2.56328e-06
-1.20452e-06
-9.65566e-08
3.80921e-08
1.0658e-08
-1.09129e-09
-4.60251e-10
-1.99318e-11
1.4096e-11
2.33451e-12
-3.90509e-13
-8.49947e-14
5.01553e-15
1.37266e-15
1.7859e-16
1.98193e-17
5.86426e-19
-5.8967e-19
-2.41914e-19
-6.24816e-20
-1.12568e-20
-1.50496e-05
-7.29578e-05
9.01704e-05
2.46584e-05
-0.000600291
0.000689325
0.00176863
-0.00246361
-0.0053203
0.000671556
0.0101776
0.0147294
0.0143694
0.0100164
0.00265013
-0.00398682
-0.00754057
-0.00335927
0.00699068
0.0141862
0.0113535
0.00327564
-0.00169964
-0.00181627
-0.000406353
0.000215387
0.000164928
4.22863e-05
-5.06441e-06
-3.20512e-06
-5.13146e-07
9.42378e-08
2.75339e-08
-3.78633e-09
-1.91335e-09
-2.3104e-10
6.76217e-11
1.54266e-11
-1.43942e-12
-4.72404e-13
1.20692e-14
1.12614e-14
1.43417e-15
4.4037e-17
-1.20291e-17
-6.01163e-18
-1.8851e-18
-5.01571e-19
-1.19442e-19
-2.48575e-20
-0.000116034
-0.000115778
0.000173968
-0.000115161
-0.000638408
0.00104587
0.00145221
-0.00290063
-0.00523457
8.58288e-05
0.00905588
0.0154126
0.0159157
0.0121822
0.00882621
0.00760174
0.00911545
0.0118999
0.0124586
0.00724074
-0.00122171
-0.00534349
-0.00399504
-0.00119091
0.000318325
0.000348329
0.000124064
3.29491e-07
-7.3698e-06
-2.13171e-06
1.83782e-07
9.47828e-08
3.29675e-09
-6.87091e-09
-1.61865e-09
2.2873e-10
7.06955e-11
-4.25783e-12
-2.60982e-12
-2.88732e-13
7.17784e-14
1.27705e-14
-4.88307e-16
-1.74378e-16
-4.33565e-17
-1.01495e-17
-2.3729e-18
-5.61206e-19
-1.32344e-19
-2.9646e-20
-0.000110753
-6.01231e-06
0.000309537
-0.000216535
-0.000508453
0.0010885
0.000505845
-0.0032405
-0.00325803
0.00199834
0.00859238
0.0114116
0.00927807
0.00607499
0.00583781
0.00796254
0.00998
0.0090362
0.00324793
-0.00472441
-0.0082157
-0.0061548
-0.0021045
0.000378165
0.000622651
0.00025951
1.35561e-05
-1.99591e-05
-5.7508e-06
6.8373e-07
3.70731e-07
4.02065e-08
-2.2854e-08
-6.18846e-09
8.2857e-10
2.95746e-10
2.89568e-12
-1.46235e-11
-2.73496e-12
3.65575e-13
7.76923e-14
-5.72547e-15
-1.68219e-15
-2.51647e-16
-4.14479e-17
-7.6861e-18
-1.66431e-18
-4.2174e-19
-1.14734e-19
-3.02069e-20
0.000196428
0.000350947
0.000505315
-0.000248868
-0.000433391
5.63404e-05
-0.00088344
-0.00133104
0.00153965
0.00574075
0.00707036
0.00417845
-0.000186689
-0.00205708
-0.000588548
0.0022954
0.00347132
0.000834378
-0.00446336
-0.00781136
-0.0062952
-0.00221668
0.00056108
0.000905618
0.000373152
5.38204e-06
-4.71067e-05
-1.28834e-05
1.74257e-06
1.17047e-06
1.89748e-07
-5.07748e-08
-1.28159e-08
3.17602e-09
1.34796e-09
8.66612e-11
-6.63295e-11
-1.48083e-11
1.62271e-12
4.47395e-13
-1.66954e-14
-1.20271e-14
-1.6911e-15
-9.51067e-17
-5.49972e-18
-6.2268e-19
-4.79909e-19
-2.68517e-19
-1.07481e-19
-3.45919e-20
0.000699171
0.000645749
0.00025711
-0.00108994
-0.00159847
-0.00142382
-0.000238156
0.00322225
0.00705015
0.00739226
0.00347018
-0.00181581
-0.00489991
-0.00508963
-0.00362516
-0.00120787
-7.17516e-05
-0.00153386
-0.00370052
-0.00301917
-0.000753596
0.000980505
0.00102513
0.000329074
-8.32648e-05
-0.000103778
-2.86149e-05
3.05837e-06
3.36318e-06
7.36236e-07
-1.26378e-07
-4.08374e-08
3.66925e-09
3.99979e-09
6.28597e-10
-1.83934e-10
-4.07987e-11
7.50517e-12
2.54806e-12
1.38371e-13
-6.89705e-14
-1.26092e-14
5.37015e-16
1.5776e-16
3.10169e-17
4.02711e-18
-1.32051e-19
-3.24595e-19
-1.44718e-19
-4.73476e-20
-0.00214031
-0.00228229
-0.00262955
-0.00305474
-0.00237121
0.000204885
0.00426186
0.00839533
0.00854209
0.00463323
-0.000447494
-0.00307551
-0.00314716
-0.00314407
-0.00272085
-0.00110891
0.000660658
0.00106571
0.0012893
0.00166364
0.00167441
0.000942142
1.34451e-05
-0.00032567
-0.000215891
-5.21822e-05
1.10619e-05
9.2546e-06
1.90726e-06
-4.93307e-07
-1.89492e-07
-7.57393e-09
1.10622e-08
2.29777e-09
-5.61991e-10
-1.38021e-10
2.63038e-11
1.23509e-11
1.41694e-12
-3.71893e-13
-6.72189e-14
8.5785e-15
1.81602e-15
2.22997e-16
2.74362e-17
6.89918e-19
-1.26527e-18
-6.30494e-19
-2.18586e-19
-6.4301e-20
-0.00371257
-0.00314961
-0.0021536
-3.20191e-05
0.0031503
0.00642877
0.00879497
0.0084926
0.00424837
-0.000291769
-0.00172482
-0.000377667
0.000285688
-0.00111472
-0.0021775
-0.000906127
0.00146207
0.00297884
0.00299003
0.00200901
0.000597502
-0.000454935
-0.000645963
-0.000353911
-6.38193e-05
3.42752e-05
2.07021e-05
3.62416e-06
-1.32614e-06
-5.47381e-07
-4.37257e-08
2.60979e-08
4.3265e-09
-2.00699e-09
-5.48552e-10
6.28522e-11
4.00852e-11
5.16502e-12
-1.67784e-12
-3.0522e-13
4.32093e-14
1.24293e-14
1.0928e-15
3.82226e-17
-1.30451e-17
-8.08749e-18
-3.0449e-18
-9.68546e-19
-2.78713e-19
-7.46307e-20
0.00593404
0.00649676
0.00741561
0.00842762
0.00888349
0.00823933
0.00571032
0.0017172
-0.0019208
-0.0024915
-0.000151638
0.00172035
0.000610721
-0.0029282
-0.00477542
-0.00334384
-0.000231546
0.0016979
0.00149811
0.000308769
-0.000644992
-0.00076284
-0.000385245
-2.85863e-05
7.54448e-05
3.83423e-05
5.27868e-06
-3.08039e-06
-1.25251e-06
-9.58024e-08
7.67388e-08
1.30107e-08
-4.8595e-09
-1.72022e-09
6.25742e-12
7.52328e-11
7.69045e-12
-7.12243e-12
-1.49214e-12
1.34359e-13
5.0583e-14
4.73606e-15
-7.55502e-16
-1.91364e-16
-5.12468e-17
-1.41977e-17
-3.89195e-18
-1.04711e-18
-2.73625e-19
-6.94942e-20
0.00539792
0.00557341
0.00541383
0.00463446
0.00323761
0.00103437
-0.00127966
-0.00258946
-0.00220968
-0.00048256
0.00080101
-0.000250739
-0.00448943
-0.00889652
-0.00965286
-0.0068692
-0.00268764
-0.000171171
9.04323e-06
-0.000352419
-0.000439136
-0.000156728
8.99962e-05
0.00012502
5.1847e-05
1.32879e-06
-8.15489e-06
-2.92526e-06
-4.41947e-08
2.74165e-07
6.9892e-08
-8.34978e-09
-4.56462e-09
-4.56324e-10
1.79798e-10
7.17077e-12
-2.40772e-11
-5.49084e-12
4.18506e-13
1.74761e-13
1.3294e-14
-8.29666e-15
-1.66514e-15
-2.32444e-16
-4.98068e-17
-1.20378e-17
-3.02202e-18
-7.7223e-19
-1.96583e-19
-4.96253e-20
0.00100125
0.000844775
0.000412661
-0.000300894
-0.000957527
-0.00179151
-0.0017398
-0.000521739
0.0011402
0.000816672
-0.00409761
-0.0107555
-0.0156081
-0.016994
-0.0143863
-0.00901353
-0.00368393
-0.000593086
7.47485e-05
0.000132271
0.000215025
0.000235864
0.000147339
3.58441e-05
-1.63109e-05
-1.63023e-05
-4.9265e-06
4.33355e-07
6.363e-07
1.39357e-07
-2.49671e-08
-9.41951e-09
6.21118e-10
1.13915e-09
1.84864e-10
-3.14495e-11
-7.80611e-12
2.32789e-12
7.62179e-13
4.82163e-14
-3.32515e-14
-7.96188e-15
-5.80326e-16
-7.83599e-17
-1.79399e-17
-4.44647e-18
-1.17771e-18
-3.26262e-19
-9.04244e-20
-2.47124e-20
-0.000649656
-0.000756036
-0.0009384
-0.000910773
-0.000854571
-0.000715732
5.77213e-05
0.0021661
0.00262206
-0.00614204
-0.0211279
-0.0320558
-0.0333343
-0.0276699
-0.0184901
-0.00965539
-0.00332619
-0.000207692
0.000440552
0.000407945
0.000267608
0.000101694
-1.30301e-05
-4.33942e-05
-2.41314e-05
-4.40862e-06
2.03013e-06
1.18805e-06
2.12324e-07
-5.52293e-08
-1.43596e-08
4.12407e-09
3.87934e-09
1.0392e-09
1.19081e-11
1.02023e-11
9.85598e-12
3.18257e-12
2.06504e-13
-8.11993e-14
-1.28446e-14
1.32814e-15
2.35392e-16
4.46291e-17
9.79001e-18
2.01993e-18
3.344e-19
2.76651e-20
-7.9732e-21
-5.45497e-21
-0.00014167
-0.000121792
-0.000123708
0.000152266
0.000253949
0.000302501
0.000523394
0.00380476
-0.00519934
-0.0295155
-0.056072
-0.0664001
-0.0580448
-0.0395383
-0.0215965
-0.00932267
-0.00260883
2.15138e-06
0.000278231
0.000172247
1.57556e-05
-6.38755e-05
-5.79589e-05
-2.42574e-05
-4.05585e-08
5.09334e-06
2.15024e-06
1.47024e-07
-2.07268e-07
-6.39025e-08
8.59354e-10
5.69202e-09
1.45643e-09
-1.99578e-10
-5.37048e-11
7.40696e-13
3.25311e-12
2.77824e-13
-2.85638e-13
-4.21839e-14
5.84616e-15
1.44555e-15
2.96854e-16
7.29565e-17
1.78239e-17
4.09695e-18
8.68364e-19
1.66015e-19
2.75516e-20
3.63885e-21
0.000102542
0.000130683
5.79745e-05
0.000677041
0.000193155
0.000329851
-0.00191579
-0.0127356
-0.0385249
-0.0799611
-0.11076
-0.109467
-0.082368
-0.0477844
-0.02219
-0.00790498
-0.00172978
4.9982e-06
2.9297e-05
-2.53928e-05
-5.66791e-05
-3.87071e-05
-7.15557e-06
8.44671e-06
7.09546e-06
2.23098e-06
-2.09912e-07
-4.12917e-07
-1.2148e-07
5.95284e-09
7.89282e-09
3.28805e-10
-1.53823e-09
-5.66909e-10
-5.82839e-11
5.03488e-12
5.13952e-14
-8.97976e-13
-2.20774e-13
-3.55148e-15
-4.56656e-17
2.70599e-16
1.2808e-16
4.0596e-17
1.1285e-17
2.86862e-18
6.692e-19
1.42717e-19
2.76182e-20
4.89152e-21
-1.94675e-05
-0.000144294
-0.000623252
0.00235548
-0.012656
-0.0500185
-0.0768241
-0.0911294
-0.119093
-0.159514
-0.174086
-0.147848
-0.0959121
-0.0487388
-0.0189471
-0.00549477
-0.000797223
9.9334e-06
3.03646e-06
-6.30488e-06
2.42834e-06
1.32714e-05
1.41021e-05
6.96815e-06
6.44157e-07
-1.14387e-06
-5.8944e-07
-8.24513e-08
4.66649e-08
1.79055e-08
5.1865e-10
-1.97497e-09
-6.57469e-10
-4.12063e-11
2.69585e-11
4.58047e-12
-7.71055e-13
-1.90948e-13
1.7696e-14
-4.46419e-17
-3.93691e-16
-7.69423e-17
4.52749e-18
8.58449e-18
3.78858e-18
1.21227e-18
3.2411e-19
7.58658e-20
1.58583e-20
3.0676e-21
-0.00586128
-0.0222497
-0.0494576
-0.10979
-0.213418
-0.302775
-0.303112
-0.26229
-0.24465
-0.246462
-0.224702
-0.164518
-0.0946237
-0.0413786
-0.0136875
-0.00326897
-0.000260131
3.04984e-05
2.81651e-05
2.26279e-05
1.69463e-05
1.00692e-05
2.58955e-06
-1.25531e-06
-1.45748e-06
-5.46769e-07
-2.58631e-09
8.13133e-08
2.7847e-08
1.14317e-09
-1.81033e-09
-3.14952e-10
2.22029e-10
9.89612e-11
1.59978e-11
2.43274e-12
8.2181e-13
2.10899e-13
4.50826e-15
-1.59271e-15
-5.26447e-16
-9.44754e-17
-1.02044e-17
1.23549e-18
1.16696e-18
4.39998e-19
1.25814e-19
3.05223e-20
6.54274e-21
1.30257e-21
-0.370665
-0.451804
-0.51472
-0.621433
-0.780048
-0.807802
-0.668314
-0.476882
-0.361487
-0.305623
-0.241952
-0.157171
-0.0795648
-0.0309967
-0.00916936
-0.00194878
-0.000106775
1.81167e-05
1.60466e-05
9.25329e-06
3.06316e-06
-6.63951e-07
-1.73159e-06
-1.02705e-06
-2.00014e-07
1.10833e-07
7.50987e-08
1.68458e-08
-2.47418e-09
-2.52033e-09
-7.13168e-10
-9.84852e-11
-1.24331e-11
4.02124e-12
6.3888e-12
1.69151e-12
-2.38289e-13
-1.19474e-13
-1.40834e-14
-7.94538e-17
-2.30866e-17
-4.79773e-18
1.50057e-18
1.29537e-18
5.22815e-19
1.60324e-19
4.17063e-20
9.60248e-21
1.99577e-21
3.91249e-22
)
;

boundaryField
{
    movingWall
    {
        type            zeroGradient;
    }
    fixedWalls
    {
        type            zeroGradient;
    }
    frontAndBack
    {
        type            empty;
    }
}

