/*--------------------------------*- C++ -*----------------------------------*\
| =========                 |                                                 |
| \\      /  F ield         | OpenFOAM: The Open Source CFD Toolbox           |
|  \\    /   O peration     | Version:  v2006                                 |
|   \\  /    A nd           | Website:  www.openfoam.com                      |
|    \\/     M anipulation  |                                                 |
\*---------------------------------------------------------------------------*/
FoamFile
{
    version     2.0;
    format      ascii;
    class       volScalarField;
    location    "0";
    object      f;
}
// * * * * * * * * * * * * * * * * * * * * * * * * * * * * * * * * * * * * * //

dimensions      [0 0 0 0 0 0 0];


internalField   nonuniform List<scalar> 
2500
(
-3.59377e-22
-3.60443e-22
-2.75068e-22
-1.44717e-22
-6.73571e-23
-8.35645e-23
-1.27057e-22
-1.12693e-22
-4.30258e-23
1.3165e-23
1.8326e-23
-5.5802e-24
-2.44602e-23
-2.70663e-23
-1.98576e-23
-1.12873e-23
-5.24967e-24
-2.0217e-24
-6.25632e-25
-1.35468e-25
-4.18869e-27
1.505e-26
1.01824e-26
4.64023e-27
1.73634e-27
5.67344e-28
1.66558e-28
4.46542e-29
1.10486e-29
2.54148e-30
5.46428e-31
1.10246e-31
2.09327e-32
3.74749e-33
6.33147e-34
1.0093e-34
1.5154e-35
2.13446e-36
2.79816e-37
3.36154e-38
3.57915e-39
3.08897e-40
1.41153e-41
-2.0291e-42
-7.85879e-43
-1.6682e-43
-2.8992e-44
-4.50752e-45
-6.49239e-46
-9.01446e-47
-1.16183e-21
-1.1708e-21
-9.1101e-22
-4.91016e-22
-2.05999e-22
-2.12334e-22
-3.43628e-22
-3.31382e-22
-1.43691e-22
2.84438e-23
5.71329e-23
-6.70932e-24
-6.24308e-23
-7.26837e-23
-5.41186e-23
-3.08689e-23
-1.43137e-23
-5.45125e-24
-1.6378e-24
-3.20281e-25
1.62159e-26
5.39734e-26
3.29623e-26
1.44802e-26
5.30391e-27
1.70535e-27
4.93587e-28
1.30518e-28
3.18379e-29
7.21309e-30
1.52507e-30
3.01929e-31
5.60875e-32
9.7838e-33
1.60137e-33
2.45208e-34
3.49006e-35
4.55753e-36
5.31127e-37
5.15033e-38
3.1549e-39
-1.94307e-40
-1.1736e-40
-2.80466e-41
-5.27557e-42
-8.75617e-43
-1.33696e-43
-1.91636e-44
-2.60866e-45
-3.47085e-46
-4.213e-21
-4.2616e-21
-3.36463e-21
-1.84194e-21
-7.10368e-22
-6.13152e-22
-1.0745e-21
-1.12831e-21
-5.43379e-22
6.47995e-23
2.03349e-22
2.54672e-24
-1.8992e-22
-2.32128e-22
-1.75012e-22
-1.00032e-22
-4.62056e-23
-1.73889e-23
-5.06003e-24
-8.72177e-25
1.42554e-25
2.16087e-25
1.23067e-25
5.25416e-26
1.89071e-26
5.99511e-27
1.71343e-27
4.47453e-28
1.07732e-28
2.40624e-29
5.00685e-30
9.73084e-31
1.76823e-31
3.00167e-32
4.74383e-33
6.92573e-34
9.19085e-35
1.06927e-35
9.8546e-37
4.13024e-38
-1.01771e-38
-3.79622e-39
-8.51599e-40
-1.5833e-40
-2.63973e-41
-4.07621e-42
-5.92816e-43
-8.20122e-44
-1.08636e-44
-1.41366e-45
-1.46273e-20
-1.48538e-20
-1.18946e-20
-6.60242e-21
-2.34124e-21
-1.61695e-21
-3.19673e-21
-3.72585e-21
-1.99486e-21
9.56587e-23
7.01947e-22
9.09753e-23
-5.61034e-22
-7.25771e-22
-5.54255e-22
-3.17185e-22
-1.45744e-22
-5.40486e-23
-1.51012e-23
-2.14429e-24
7.8538e-25
8.36058e-25
4.49097e-25
1.86706e-25
6.60209e-26
2.06375e-26
5.82054e-27
1.4998e-27
3.55991e-28
7.82654e-29
1.59923e-29
3.04174e-30
5.38171e-31
8.82539e-32
1.32997e-32
1.80819e-33
2.12463e-34
1.89415e-35
4.57207e-37
-3.19676e-37
-1.04791e-37
-2.31994e-38
-4.34871e-39
-7.36218e-40
-1.15774e-40
-1.71678e-41
-2.42273e-42
-3.27377e-43
-4.25456e-44
-5.4473e-45
-4.86196e-20
-4.95884e-20
-4.02967e-20
-2.26754e-20
-7.38536e-21
-3.71543e-21
-8.96787e-21
-1.19301e-20
-7.12573e-21
-1.31617e-22
2.35611e-21
5.6634e-22
-1.60368e-21
-2.22114e-21
-1.71876e-21
-9.83751e-22
-4.48916e-22
-1.6349e-22
-4.33452e-23
-4.38716e-24
3.63567e-24
3.12965e-24
1.5996e-24
6.48667e-25
2.25431e-25
6.94401e-26
1.93122e-26
4.90496e-27
1.14614e-27
2.47548e-28
4.95346e-29
9.18175e-30
1.57121e-30
2.46059e-31
3.45865e-32
4.16535e-33
3.71004e-34
5.02376e-36
-8.03723e-36
-2.57126e-36
-5.76762e-37
-1.10358e-37
-1.91124e-38
-3.07628e-39
-4.66866e-40
-6.74038e-41
-9.31347e-42
-1.23696e-42
-1.58433e-43
-2.00277e-44
-1.5453e-19
-1.58449e-19
-1.30861e-19
-7.47292e-20
-2.23377e-20
-6.48118e-21
-2.33556e-20
-3.70254e-20
-2.48067e-20
-2.03089e-21
7.70541e-21
2.69746e-21
-4.41304e-21
-6.65384e-21
-5.21895e-21
-2.98345e-21
-1.34937e-21
-4.80568e-22
-1.18911e-22
-5.29521e-24
1.52169e-23
1.13406e-23
5.55297e-24
2.1995e-24
7.51257e-25
2.27914e-25
6.24471e-26
1.56133e-26
3.58533e-27
7.5884e-28
1.48141e-28
2.66013e-29
4.3576e-30
6.38884e-31
8.00409e-32
7.39286e-33
1.00013e-34
-1.73019e-34
-5.70704e-35
-1.3198e-35
-2.60088e-36
-4.63395e-37
-7.66489e-38
-1.19417e-38
-1.76819e-39
-2.50338e-40
-3.4038e-41
-4.45955e-42
-5.64487e-43
-7.06051e-44
-4.68609e-19
-4.83897e-19
-4.07254e-19
-2.36529e-19
-6.50026e-20
-2.68807e-21
-5.4737e-20
-1.11275e-19
-8.42585e-20
-1.21093e-20
2.45899e-20
1.13962e-20
-1.16014e-20
-1.95197e-20
-1.55204e-20
-8.84481e-21
-3.95519e-21
-1.37023e-21
-3.08758e-22
1.1817e-23
5.93004e-23
3.97823e-23
1.87593e-23
7.2651e-24
2.43834e-24
7.28009e-25
1.96288e-25
4.82338e-26
1.08596e-26
2.2447e-27
4.25242e-28
7.33016e-29
1.12961e-29
1.49048e-30
1.47163e-31
3.39268e-33
-3.25738e-33
-1.15518e-33
-2.79222e-34
-5.7083e-35
-1.05121e-35
-1.79294e-36
-2.87521e-37
-4.37559e-38
-6.35905e-39
-8.86548e-40
-1.18977e-40
-1.5412e-41
-1.93134e-42
-2.39357e-43
-1.35151e-18
-1.40968e-18
-1.21402e-18
-7.19507e-19
-1.83251e-19
4.60874e-20
-1.06705e-19
-3.23199e-19
-2.79415e-19
-5.73593e-20
7.66404e-20
4.48695e-20
-2.8777e-20
-5.61369e-20
-4.52252e-20
-2.56258e-20
-1.12954e-20
-3.78107e-21
-7.46258e-22
1.25922e-22
2.18294e-22
1.35068e-22
6.1573e-23
2.33286e-23
7.68986e-24
2.2572e-24
5.97969e-25
1.44103e-25
3.17106e-26
6.37037e-27
1.16164e-27
1.89326e-28
2.65424e-29
2.85226e-30
1.09451e-31
-5.37452e-32
-2.14006e-32
-5.47416e-33
-1.16836e-33
-2.23305e-34
-3.93909e-35
-6.51731e-36
-1.02138e-36
-1.52623e-37
-2.18488e-38
-3.00732e-39
-3.99122e-40
-5.11937e-41
-6.35851e-42
-7.81557e-43
-3.69122e-18
-3.90807e-18
-3.46493e-18
-2.10572e-18
-5.06833e-19
2.97561e-19
-1.23818e-19
-9.03371e-19
-9.04871e-19
-2.422e-19
2.33254e-19
1.68456e-19
-6.58672e-20
-1.58613e-19
-1.29237e-19
-7.25363e-20
-3.13955e-20
-1.00668e-20
-1.62449e-21
6.52572e-22
7.6508e-22
4.43589e-22
1.96016e-22
7.26606e-23
2.35036e-23
6.77271e-24
1.75922e-24
4.14532e-25
8.8758e-26
1.7203e-26
2.97962e-27
4.46311e-28
5.25683e-29
2.94057e-30
-7.67393e-31
-3.63289e-31
-9.95639e-32
-2.23161e-32
-4.4431e-33
-8.128e-34
-1.39044e-34
-2.248e-35
-3.45918e-36
-5.09175e-37
-7.19663e-38
-9.79621e-39
-1.28739e-39
-1.63671e-40
-2.01649e-41
-2.4598e-42
-9.49415e-18
-1.02825e-17
-9.46455e-18
-5.94273e-18
-1.40233e-18
1.32047e-18
2.533e-19
-2.40739e-18
-2.86125e-18
-9.48845e-19
6.91567e-19
6.10688e-19
-1.32532e-19
-4.41947e-19
-3.62644e-19
-2.00512e-19
-8.48121e-20
-2.57486e-20
-2.93262e-21
2.73061e-21
2.56462e-21
1.40807e-21
6.04082e-22
2.18981e-22
6.94151e-23
1.95962e-23
4.97642e-24
1.14168e-24
2.3625e-25
4.36551e-26
7.00917e-27
9.05177e-28
6.66281e-29
-9.1503e-30
-5.65049e-30
-1.68099e-30
-3.97869e-31
-8.27981e-32
-1.57463e-32
-2.79055e-33
-4.66196e-34
-7.39783e-35
-1.12107e-35
-1.62892e-36
-2.27656e-37
-3.06822e-38
-3.99623e-39
-5.0392e-40
-6.16184e-41
-7.46288e-42
-2.2833e-17
-2.55891e-17
-2.47181e-17
-1.62539e-17
-3.97369e-18
5.00377e-18
2.65073e-18
-5.99364e-18
-8.82794e-18
-3.50812e-18
1.98147e-18
2.15357e-18
-2.01164e-19
-1.22145e-18
-1.00095e-18
-5.40878e-19
-2.22231e-19
-6.28682e-20
-3.08178e-21
1.01759e-20
8.24354e-21
4.3152e-21
1.79834e-21
6.36773e-22
1.97408e-22
5.44387e-23
1.34594e-23
2.98706e-24
5.90882e-25
1.0189e-25
1.43876e-26
1.30159e-27
-8.23757e-29
-8.04876e-29
-2.63602e-29
-6.62224e-30
-1.44476e-30
-2.86252e-31
-5.26447e-32
-9.10139e-33
-1.49131e-33
-2.32935e-34
-3.48315e-35
-5.00302e-36
-6.92135e-37
-9.24325e-38
-1.1939e-38
-1.49396e-39
-1.81375e-40
-2.18171e-41
-5.08533e-17
-5.99035e-17
-6.15001e-17
-4.35202e-17
-1.17606e-17
1.7284e-17
1.35502e-17
-1.33226e-17
-2.65467e-17
-1.23388e-17
5.3682e-18
7.42424e-18
-2.51215e-20
-3.37649e-18
-2.72304e-18
-1.42155e-18
-5.63148e-19
-1.4505e-19
6.43762e-21
3.50184e-20
2.54411e-20
1.27488e-20
5.15851e-21
1.78069e-21
5.38285e-22
1.44395e-22
3.45387e-23
7.33882e-24
1.36106e-24
2.09399e-25
2.22584e-26
-3.29858e-28
-1.05011e-27
-3.84286e-28
-1.02924e-28
-2.35987e-29
-4.87997e-30
-9.32736e-31
-1.67088e-31
-2.83032e-32
-4.56148e-33
-7.02655e-34
-1.0382e-34
-1.4756e-35
-2.02221e-36
-2.67752e-37
-3.43118e-38
-4.2621e-39
-5.13883e-40
-6.14044e-41
-1.03427e-16
-1.30277e-16
-1.44153e-16
-1.16322e-16
-3.67833e-17
5.66134e-17
5.79233e-17
-2.36106e-17
-7.78012e-17
-4.15827e-17
1.30432e-17
2.51743e-17
1.67502e-18
-9.44684e-18
-7.31655e-18
-3.629e-18
-1.37379e-18
-3.10736e-19
5.90775e-20
1.13192e-19
7.54093e-20
3.62397e-20
1.42142e-20
4.76902e-21
1.39965e-21
3.62918e-22
8.3142e-23
1.66087e-23
2.77497e-24
3.36316e-25
6.43868e-27
-1.25741e-26
-5.21681e-27
-1.49448e-27
-3.60746e-28
-7.79626e-29
-1.55048e-29
-2.88103e-30
-5.05005e-31
-8.40577e-32
-1.33506e-32
-2.03091e-33
-2.96796e-34
-4.17715e-35
-5.67378e-36
-7.45124e-37
-9.47637e-38
-1.16878e-38
-1.39976e-39
-1.66174e-40
-1.87698e-16
-2.54017e-16
-3.10086e-16
-3.24947e-16
-1.23926e-16
1.95244e-16
2.39925e-16
-2.15292e-17
-2.2635e-16
-1.37076e-16
2.50646e-17
8.52392e-17
1.07737e-17
-2.72792e-17
-1.94578e-17
-8.94324e-18
-3.20286e-18
-5.97076e-19
2.6857e-19
3.46752e-19
2.14552e-19
9.88596e-20
3.74773e-20
1.21668e-20
3.44448e-21
8.54665e-22
1.84257e-22
3.33519e-23
4.51493e-24
1.99341e-25
-1.38958e-25
-6.61207e-26
-2.02895e-26
-5.16033e-27
-1.1664e-27
-2.41546e-28
-4.65925e-29
-8.45793e-30
-1.45511e-30
-2.38473e-31
-3.73775e-32
-5.62057e-33
-8.12981e-34
-1.13362e-34
-1.52674e-35
-1.9893e-36
-2.51138e-37
-3.07599e-38
-3.65965e-39
-4.31676e-40
-2.90783e-16
-3.96625e-16
-7.44011e-16
-1.19768e-15
-4.76761e-16
1.89639e-15
1.1038e-15
3.57657e-17
-9.69845e-16
-4.77639e-16
2.73139e-17
3.06127e-16
5.24919e-17
-8.43538e-17
-5.13171e-17
-2.10071e-17
-7.05226e-18
-9.45108e-19
9.86972e-19
1.01165e-18
5.85085e-19
2.57891e-19
9.40603e-20
2.93515e-20
7.93441e-21
1.8514e-21
3.62586e-22
5.40498e-23
3.41441e-24
-1.43238e-24
-7.8512e-25
-2.5782e-25
-6.90688e-26
-1.63298e-26
-3.52246e-27
-7.05655e-28
-1.3273e-28
-2.36158e-29
-3.9961e-30
-6.45751e-31
-9.99819e-32
-1.48725e-32
-2.13034e-33
-2.94423e-34
-3.93282e-35
-5.08527e-36
-6.37381e-37
-7.7536e-38
-9.16482e-39
-1.07417e-39
-3.48599e-16
-2.88699e-16
-9.25816e-15
-7.15601e-15
-1.63151e-15
1.92237e-14
3.7667e-15
-1.68186e-14
-9.50912e-15
-1.86286e-15
4.41458e-17
1.66204e-15
2.217e-16
-3.04937e-16
-1.33679e-16
-4.5655e-17
-1.43813e-17
-8.66246e-19
3.22985e-18
2.8183e-18
1.52537e-18
6.40162e-19
2.23093e-19
6.62297e-20
1.67999e-20
3.56088e-21
5.78945e-22
4.512e-23
-1.39782e-23
-8.76345e-24
-3.06917e-24
-8.64856e-25
-2.1376e-25
-4.80215e-26
-9.99182e-27
-1.94784e-27
-3.58538e-28
-6.26672e-29
-1.04456e-29
-1.66612e-30
-2.55022e-31
-3.75469e-32
-5.32822e-33
-7.30092e-34
-9.6749e-35
-1.24167e-35
-1.54532e-36
-1.8672e-37
-2.1928e-38
-2.55377e-39
4.95308e-14
4.73882e-15
-6.53625e-14
-2.46267e-14
3.10813e-13
6.57917e-14
-3.72323e-13
-2.08623e-13
-3.39057e-14
-4.57373e-15
4.84144e-14
1.08344e-14
5.57373e-16
-1.76263e-15
-3.21124e-16
-8.43987e-17
-2.63646e-17
1.448e-18
9.76754e-18
7.50615e-18
3.7864e-18
1.50128e-18
4.94696e-19
1.37329e-19
3.15885e-20
5.57315e-21
5.00023e-22
-1.30778e-22
-9.2105e-23
-3.4235e-23
-1.01263e-23
-2.61362e-24
-6.11126e-25
-1.32027e-25
-2.66716e-26
-5.07924e-27
-9.17164e-28
-1.57734e-28
-2.59281e-29
-4.0854e-30
-6.1855e-31
-9.01778e-32
-1.26824e-32
-1.72339e-33
-2.26608e-34
-2.88703e-35
-3.56808e-36
-4.28258e-37
-4.99705e-38
-5.78269e-39
2.73927e-12
3.1472e-13
-2.20066e-13
3.76131e-12
2.27383e-12
-6.40772e-12
-4.79847e-12
-6.31194e-13
4.761e-13
1.36789e-12
3.31953e-13
2.4089e-14
-7.34706e-14
-1.01498e-14
-2.99447e-16
-1.02558e-16
-4.27955e-17
1.07725e-17
2.78683e-17
1.9117e-17
8.88944e-18
3.2898e-18
1.00804e-18
2.53205e-19
4.85155e-20
4.85493e-21
-1.17065e-21
-9.09381e-22
-3.57313e-22
-1.10733e-22
-2.98089e-23
-7.24778e-24
-1.62459e-24
-3.39923e-25
-6.69495e-26
-1.24872e-26
-2.21578e-27
-3.75402e-28
-6.09063e-29
-9.48632e-30
-1.42143e-30
-2.05281e-31
-2.86206e-32
-3.85794e-33
-5.03451e-34
-6.36816e-35
-7.81654e-36
-9.31991e-37
-1.08051e-37
-1.24243e-38
1.09668e-11
1.90219e-11
5.0809e-11
3.70792e-11
-2.48707e-12
-6.7613e-11
-1.39191e-11
3.2788e-11
3.37008e-11
8.78139e-12
7.12975e-13
-2.37417e-12
-4.531e-13
-1.06373e-14
4.1301e-16
-8.13037e-17
-7.2193e-17
3.553e-17
7.658e-17
4.65211e-17
1.95065e-17
6.61469e-18
1.83001e-18
3.84397e-19
4.29211e-20
-9.74276e-21
-8.36275e-21
-3.47566e-21
-1.12832e-21
-3.16551e-22
-7.99508e-23
-1.85736e-23
-4.02108e-24
-8.18395e-25
-1.57572e-25
-2.88361e-26
-5.03437e-27
-8.41015e-28
-1.34772e-28
-2.07612e-29
-3.08014e-30
-4.40821e-31
-6.09489e-32
-8.15189e-33
-1.05601e-33
-1.32643e-34
-1.61718e-35
-1.91565e-36
-2.20676e-37
-2.52123e-38
1.3968e-11
1.16251e-10
3.82124e-10
1.10868e-10
-7.8932e-10
-1.9986e-10
9.9164e-10
6.49774e-10
1.6353e-10
1.7687e-11
-6.23553e-11
-1.51118e-11
-6.92899e-13
1.98186e-14
2.66026e-15
-2.04415e-16
-1.62814e-16
7.99927e-17
2.11192e-16
1.07761e-16
3.90543e-17
1.18013e-17
2.76685e-18
3.57857e-19
-7.05907e-20
-7.04312e-20
-3.12782e-20
-1.06731e-20
-3.1225e-21
-8.18574e-22
-1.9681e-22
-4.40158e-23
-9.24312e-24
-1.83469e-24
-3.45922e-25
-6.21889e-26
-1.06926e-26
-1.76266e-27
-2.79177e-28
-4.25607e-29
-6.25527e-30
-8.87592e-31
-1.21751e-31
-1.61636e-32
-2.07917e-33
-2.59401e-34
-3.14195e-35
-3.69801e-36
-4.23301e-37
-4.80515e-38
-6.30744e-12
2.35778e-10
8.08692e-10
-4.96464e-10
-3.1849e-09
1.1097e-08
8.73114e-09
2.03035e-09
2.96578e-10
-1.56146e-09
-4.30474e-10
-2.71345e-11
5.04921e-13
8.98926e-14
2.20656e-15
-9.23783e-16
-4.10019e-16
1.44318e-16
6.66708e-16
2.32436e-16
6.72261e-17
1.73897e-17
2.80326e-18
-3.83618e-19
-5.2676e-19
-2.57234e-19
-9.32315e-20
-2.85349e-20
-7.7629e-21
-1.92817e-21
-4.44377e-22
-9.60368e-23
-1.9606e-23
-3.80104e-24
-7.02593e-25
-1.242e-25
-2.10487e-26
-3.4268e-27
-5.36859e-28
-8.1057e-29
-1.18103e-29
-1.66262e-30
-2.26399e-31
-2.98506e-32
-3.81461e-33
-4.72893e-34
-5.69208e-35
-6.65782e-36
-7.5734e-37
-8.54151e-38
-3.63098e-08
-1.36965e-08
-3.68078e-08
-6.15991e-08
9.61899e-09
9.40718e-08
2.15232e-08
-1.46169e-08
-4.78857e-08
-1.43933e-08
-9.22192e-10
1.0446e-11
2.22922e-12
7.64138e-14
-4.99273e-15
-1.88826e-15
-8.60804e-16
8.91022e-15
2.98078e-15
3.95345e-16
8.22292e-17
1.72991e-17
-8.36531e-19
-3.26373e-18
-1.88753e-18
-7.46303e-19
-2.41086e-19
-6.81277e-20
-1.74363e-20
-4.12444e-21
-9.13342e-22
-1.90984e-22
-3.79364e-23
-7.18904e-24
-1.3038e-24
-2.26839e-25
-3.79316e-26
-6.10562e-27
-9.47255e-28
-1.41811e-28
-2.05073e-29
-2.86736e-30
-3.87992e-31
-5.08515e-32
-6.46074e-33
-7.96348e-34
-9.53012e-35
-1.10813e-35
-1.25281e-36
-1.40377e-37
-9.50106e-07
-1.05492e-06
-1.28227e-06
-5.26448e-07
1.15678e-06
3.05583e-07
-7.953e-07
-1.102e-06
-3.88846e-07
-3.9792e-08
1.53864e-10
4.05888e-11
3.21325e-12
-5.44129e-14
-9.12077e-14
7.54834e-14
2.1328e-13
8.87315e-14
9.00769e-15
5.8925e-17
1.7902e-17
1.49419e-18
-1.33508e-17
-1.1522e-17
-5.3841e-18
-1.88273e-18
-5.54851e-19
-1.45687e-19
-3.51116e-20
-7.90399e-21
-1.6802e-21
-3.39715e-22
-6.56474e-23
-1.21651e-23
-2.16677e-24
-3.71549e-25
-6.14106e-26
-9.79254e-27
-1.50768e-27
-2.24278e-28
-3.22564e-29
-4.48826e-30
-6.04579e-31
-7.88903e-32
-9.97862e-33
-1.22426e-33
-1.45786e-34
-1.68605e-35
-1.89499e-36
-2.1093e-37
-3.68192e-06
-4.86973e-06
-5.34094e-06
-1.22791e-06
5.2147e-06
5.29838e-07
-9.02684e-06
-5.05931e-06
-1.05001e-06
-3.24896e-08
2.30833e-10
7.75834e-11
3.18405e-12
-6.29183e-14
-4.28278e-13
1.72629e-12
1.27088e-12
2.80586e-13
7.32662e-15
-6.22621e-16
-1.27676e-16
-2.05947e-17
-4.08812e-17
-3.26346e-17
-1.35905e-17
-4.24548e-18
-1.13464e-18
-2.74456e-19
-6.18036e-20
-1.31595e-20
-2.67393e-21
-5.21473e-22
-9.7961e-23
-1.77653e-23
-3.11403e-24
-5.2791e-25
-8.65713e-26
-1.37334e-26
-2.10752e-27
-3.12874e-28
-4.49394e-29
-6.24656e-30
-8.4051e-31
-1.09521e-31
-1.38261e-32
-1.69181e-33
-2.00758e-34
-2.31146e-35
-2.58351e-36
-2.85596e-37
-7.22755e-06
-1.04175e-05
-1.14047e-05
5.449e-06
1.02018e-05
-3.37483e-05
-3.33651e-05
-8.91866e-06
-1.25718e-06
1.44933e-07
3.56883e-08
3.94225e-10
1.3716e-13
-8.09585e-14
-7.67103e-13
6.6062e-12
2.9558e-12
3.52241e-13
-7.51212e-15
-2.71533e-15
-2.69217e-16
2.81726e-17
-8.54819e-17
-8.75347e-17
-3.16879e-17
-8.49009e-18
-1.99078e-18
-4.32297e-19
-8.91887e-20
-1.77091e-20
-3.40756e-21
-6.37894e-22
-1.16418e-22
-2.07275e-23
-3.59849e-24
-6.08395e-25
-1.00005e-25
-1.59547e-26
-2.46696e-27
-3.6928e-28
-5.34749e-29
-7.48807e-30
-1.01382e-30
-1.32726e-31
-1.68058e-32
-2.05877e-33
-2.44099e-34
-2.80222e-35
-3.11587e-36
-3.41788e-37
-8.1501e-06
-1.21553e-05
-6.71179e-06
9.45237e-05
-0.000161577
-0.000270939
-6.94323e-05
0.000775279
0.00264996
0.00339294
0.0023559
0.000808697
5.33999e-05
1.24033e-11
2.04631e-11
1.40134e-11
2.99929e-12
-4.83976e-14
-3.34957e-14
-6.94204e-15
-5.20101e-17
4.64084e-16
-1.29992e-16
-2.59374e-16
-6.82429e-17
-1.39638e-17
-2.6405e-18
-4.80138e-19
-8.5725e-20
-1.51882e-20
-2.6857e-21
-4.75813e-22
-8.46073e-23
-1.50724e-23
-2.67461e-24
-4.6889e-25
-8.05211e-26
-1.34478e-26
-2.17286e-27
-3.38534e-28
-5.07652e-29
-7.3211e-30
-1.01526e-30
-1.3542e-31
-1.7382e-32
-2.14809e-33
-2.55722e-34
-2.93374e-35
-3.24436e-36
-3.52047e-37
0.00102574
0.00108476
0.00154624
0.00057144
-0.00213998
-0.00133893
0.00545831
0.0204434
0.0384742
0.047759
0.0427109
0.0272579
0.0115724
0.00252344
4.50827e-05
1.13767e-10
-9.58796e-13
-4.04687e-13
-1.00795e-13
-9.98127e-15
1.32588e-14
2.42413e-15
-1.79828e-15
-1.09664e-15
-1.16356e-16
-1.24427e-17
-1.11854e-18
-4.3521e-20
1.28488e-20
4.8225e-21
1.12875e-21
2.17187e-22
3.58012e-23
4.9216e-24
4.93455e-25
9.57475e-27
-1.1678e-26
-4.00982e-27
-9.39204e-28
-1.84602e-28
-3.23929e-29
-5.21658e-30
-7.82604e-31
-1.10373e-31
-1.47196e-32
-1.8635e-33
-2.24511e-34
-2.57754e-35
-2.8206e-36
-2.98995e-37
0.00711955
0.00795049
0.00794188
0.00172258
-0.00775435
-0.0027773
0.0306617
0.0833591
0.138727
0.170546
0.16188
0.116388
0.0601352
0.0196237
0.00222525
6.74518e-09
-5.74558e-13
-4.81043e-13
-1.3871e-13
2.91743e-13
8.57798e-14
-4.83965e-15
-4.76713e-14
-4.48594e-15
9.39976e-17
2.98286e-17
6.86577e-18
1.37791e-18
2.5639e-19
4.58907e-20
8.02762e-21
1.37112e-21
2.26293e-22
3.5614e-23
5.27552e-24
7.25652e-25
9.10392e-26
1.00893e-26
9.13655e-28
4.89832e-29
-4.04554e-30
-1.88709e-30
-4.01165e-31
-6.72984e-32
-9.86369e-33
-1.31e-33
-1.60129e-34
-1.81152e-35
-1.89316e-36
-1.83521e-37
0.0204607
0.0229947
0.0209678
0.00330462
-0.0186589
0.00046797
0.0833719
0.200907
0.31529
0.385904
0.377478
0.287937
0.161422
0.0599954
0.00998369
2.73272e-07
3.49332e-09
4.35949e-11
7.05054e-12
2.35768e-12
6.833e-14
-1.83346e-12
-2.42884e-13
2.84815e-15
1.1164e-15
1.42295e-16
2.07519e-17
3.14079e-18
4.76018e-19
7.37639e-20
1.18603e-20
1.9619e-21
3.25313e-22
5.2574e-23
8.10654e-24
1.17566e-24
1.58655e-25
1.96983e-26
2.21144e-27
2.16869e-28
1.69844e-29
6.99895e-31
-8.34935e-32
-2.77541e-32
-4.82573e-33
-6.5308e-34
-7.32151e-35
-6.59684e-36
-3.82977e-37
1.469e-38
0.0393757
0.0443509
0.0388117
0.00468739
-0.0327984
0.00644635
0.158202
0.359108
0.542377
0.662886
0.662537
0.527996
0.312602
0.125273
0.0249534
0.00018215
1.7586e-09
1.42092e-10
4.18854e-11
6.29735e-12
-5.59592e-11
-9.87152e-12
-9.92327e-14
3.75889e-14
4.40223e-15
1.24007e-16
1.23293e-17
1.05158e-18
3.77278e-20
-6.41124e-21
-1.32918e-21
-2.35893e-23
4.894e-23
1.67676e-23
3.77543e-24
6.87628e-25
1.08098e-25
1.50815e-26
1.892e-27
2.14878e-28
2.22723e-29
2.16085e-30
2.12198e-31
2.46065e-32
3.71018e-33
6.5458e-34
1.16933e-34
1.97981e-35
3.12782e-36
4.72901e-37
0.056305
0.0635915
0.0547
0.00509037
-0.0460437
0.0134201
0.231293
0.509078
0.75011
0.917445
0.936206
0.773601
0.478158
0.202268
0.0450032
0.000876633
5.18694e-09
7.11419e-10
1.12045e-10
-1.41596e-09
-3.1209e-10
-1.2312e-11
1.08428e-12
1.80047e-13
-3.91431e-16
-2.06642e-16
-4.52839e-17
-8.6397e-18
-1.52585e-18
-2.49926e-19
-3.77791e-20
-5.23784e-21
-6.6063e-22
-7.46214e-23
-7.26612e-24
-5.40261e-25
-1.19611e-26
6.14693e-27
1.77185e-27
3.52326e-28
6.14599e-29
1.00671e-29
1.5892e-30
2.43972e-31
3.64697e-32
5.29878e-33
7.46513e-34
1.01789e-34
1.34181e-35
1.74573e-36
0.0611669
0.0693188
0.0599925
0.00459909
-0.0530835
0.0152022
0.267245
0.586238
0.856327
1.0516
1.09744
0.934847
0.598407
0.263623
0.0632136
0.00195102
8.92578e-09
2.1992e-09
-3.49486e-08
-9.24045e-09
-4.97391e-10
2.57182e-11
5.23284e-12
1.11189e-13
-4.92832e-15
-8.52134e-16
-1.04487e-16
-1.69777e-17
-2.80459e-18
-4.42346e-19
-6.53178e-20
-8.90041e-21
-1.09769e-21
-1.17621e-22
-9.66665e-24
-2.32792e-25
1.36344e-25
4.29321e-26
9.1972e-27
1.69202e-27
2.85309e-28
4.53097e-29
6.86828e-30
1.00089e-30
1.40775e-31
1.91534e-32
2.52421e-33
3.22516e-34
3.99767e-35
4.90713e-36
0.0472547
0.0538661
0.0490738
0.00371133
-0.0508324
0.00594542
0.241565
0.554898
0.82607
1.02996
1.09575
0.951187
0.623013
0.282245
0.0709936
0.00279052
-2.84296e-07
-9.23927e-07
-3.08669e-07
-1.95943e-08
5.05485e-10
1.4337e-10
6.7916e-12
-1.13385e-13
-2.73324e-14
-1.08425e-15
-3.15642e-17
-6.87616e-18
-1.20041e-18
-1.84862e-19
-2.44912e-20
-2.40656e-21
-4.12111e-23
5.96814e-23
2.08359e-23
5.06315e-24
1.04888e-24
1.96968e-25
3.44596e-26
5.69967e-27
8.99115e-28
1.3603e-28
1.98124e-29
2.78522e-30
3.78642e-31
4.98501e-32
6.36305e-33
7.88194e-34
9.48249e-35
1.13062e-35
0.0176642
0.020444
0.02343
0.00291523
-0.0358035
-0.0134338
0.141292
0.387149
0.631963
0.82888
0.904393
0.798365
0.530779
0.244313
0.0631426
0.00279138
-1.04059e-05
-5.94719e-06
-9.26715e-07
6.23984e-09
2.78881e-09
3.30085e-10
-1.67277e-12
-6.6874e-13
-5.57834e-14
3.94074e-16
1.08344e-16
2.06114e-17
3.52813e-18
5.71864e-19
9.15022e-20
1.50179e-20
2.58412e-21
4.64295e-22
8.51683e-23
1.55554e-23
2.77796e-24
4.80172e-25
7.997e-26
1.28159e-26
1.97695e-27
2.93845e-28
4.21383e-29
5.83776e-30
7.82306e-31
1.01526e-31
1.27735e-32
1.55956e-33
1.84945e-34
2.17345e-35
-0.00767369
-0.00855614
-0.00105624
0.00298513
-0.0143893
-0.0283766
0.0227727
0.168334
0.365346
0.538757
0.601119
0.52596
0.343928
0.155388
0.0390525
0.00150659
-4.40403e-05
-1.65356e-05
-1.19103e-06
3.09129e-08
8.22241e-09
3.75608e-10
-9.22606e-12
-2.0917e-12
-4.8554e-14
1.72986e-15
3.15778e-16
4.72779e-17
7.49537e-18
1.16234e-18
1.76569e-19
2.70852e-20
4.34887e-21
7.4331e-22
1.33341e-22
2.43297e-23
4.38839e-24
7.68697e-25
1.29652e-25
2.09937e-26
3.26306e-27
4.87387e-28
7.00682e-29
9.71169e-30
1.29985e-30
1.68251e-31
2.10899e-32
2.56314e-33
3.02364e-34
3.53256e-35
-0.0146848
-0.0169986
-0.011636
0.00297875
0.00347256
-0.027586
-0.0499395
0.00105415
0.130238
0.25981
0.29918
0.249622
0.150361
0.0608674
0.0123654
-0.000157183
-0.000106659
-2.07567e-05
2.16241e-07
1.23287e-07
1.13295e-08
-1.25553e-10
-4.1783e-11
-2.73714e-12
3.03891e-14
7.68859e-15
4.27929e-16
3.99165e-17
5.54868e-18
7.42871e-19
9.56142e-20
1.29227e-20
2.12603e-21
4.38391e-22
9.90764e-23
2.18768e-23
4.52332e-24
8.70159e-25
1.5648e-25
2.64864e-26
4.24671e-27
6.48414e-28
9.46864e-29
1.32696e-29
1.78972e-30
2.3285e-31
2.928e-32
3.56443e-33
4.20685e-34
4.91257e-35
-0.00646848
-0.00791815
-0.00827502
0.00167043
0.010593
-0.0111461
-0.0553755
-0.0642464
-0.013421
0.053314
0.0719011
0.0492319
0.0163896
-0.00163058
-0.00417738
-0.00107271
-0.000127335
-1.28342e-06
9.48265e-07
2.20043e-07
4.59007e-09
-3.45445e-10
-7.34852e-11
-9.19985e-13
6.99285e-14
1.11488e-14
-1.8455e-17
-1.59415e-17
-3.59675e-18
-7.32353e-19
-1.4052e-19
-2.40823e-20
-3.44623e-21
-3.55064e-22
-6.23635e-24
9.09344e-24
3.15629e-24
7.53947e-25
1.52035e-25
2.7551e-26
4.61565e-27
7.2609e-28
1.0829e-28
1.54106e-29
2.10222e-30
2.75836e-31
3.49054e-32
4.26914e-33
5.05556e-34
5.91755e-35
0.00304532
0.00330529
-0.000202003
-0.000312517
0.00724654
0.00564266
-0.0189436
-0.0507407
-0.060605
-0.0534464
-0.0485019
-0.0469421
-0.0379779
-0.0220905
-0.00754729
-0.00122062
3.26131e-05
1.20726e-05
2.24367e-06
5.21858e-08
-4.10379e-09
-9.0828e-10
-2.64975e-11
8.89675e-13
1.48925e-13
-2.94551e-15
-3.65793e-16
-4.68598e-17
-8.00908e-18
-1.45794e-18
-2.58637e-19
-4.22381e-20
-6.05194e-21
-7.04261e-22
-5.00332e-23
3.95818e-24
2.60005e-24
7.00466e-25
1.48051e-25
2.74825e-26
4.67213e-27
7.42483e-28
1.11595e-28
1.59809e-29
2.19146e-30
2.88821e-31
3.6686e-32
4.50107e-33
5.34409e-34
6.26859e-35
0.00398177
0.00498256
0.00313127
-0.00145983
0.000132758
0.00984877
0.0112709
-0.010006
-0.0435792
-0.0647987
-0.0659373
-0.0540421
-0.0344277
-0.0151974
-0.00410588
-0.00017245
2.91396e-05
1.14925e-05
1.13524e-06
-4.4169e-08
-8.30916e-09
4.43995e-11
1.22895e-11
1.93779e-12
-6.66831e-14
-1.11259e-14
-2.60035e-16
-2.37587e-17
-4.01758e-18
-6.18687e-19
-8.29929e-20
-7.84549e-21
1.69935e-22
3.35464e-22
1.1084e-22
2.70543e-23
5.67892e-24
1.08085e-24
1.91324e-25
3.19458e-26
5.07429e-27
7.70845e-28
1.12389e-28
1.57661e-29
2.13205e-30
2.78364e-31
3.51369e-32
4.29323e-33
5.08366e-34
5.9527e-35
-0.000227283
0.000393321
0.0013667
-0.00111987
-0.00303895
0.00373011
0.0134694
0.0105159
-0.00558615
-0.0191378
-0.0195464
-0.0127734
-0.005009
-0.000810345
0.000383443
0.000156767
3.63339e-05
-1.35569e-06
-5.60008e-07
-7.66798e-08
3.33559e-09
6.98856e-10
1.73828e-11
-1.04011e-12
-2.26869e-13
-3.64493e-15
5.81158e-17
2.14723e-17
6.1816e-18
1.54429e-18
3.49383e-19
7.30427e-20
1.42635e-20
2.62131e-21
4.56544e-22
7.58954e-23
1.21278e-23
1.87491e-24
2.8188e-25
4.136e-26
5.93377e-27
8.32681e-28
1.14221e-28
1.52979e-29
1.99797e-30
2.54184e-31
3.1475e-32
3.79181e-33
4.44354e-34
5.16319e-35
-0.00231225
-0.00220006
-0.000771145
-0.000297847
-0.00144093
-0.0014613
0.00120536
0.00566836
0.0129347
0.0234044
0.0290101
0.0258677
0.0161967
0.00677792
0.00154444
6.43831e-05
-3.80448e-05
-1.23661e-05
-8.55281e-07
3.12028e-08
7.96461e-09
4.55685e-10
-6.64253e-12
-1.88325e-12
-1.33025e-13
4.90437e-16
1.64138e-16
5.13478e-17
1.40502e-17
3.38748e-18
7.34227e-19
1.45546e-19
2.67379e-20
4.59955e-21
7.47436e-22
1.15656e-22
1.71709e-23
2.46364e-24
3.4386e-25
4.69481e-26
6.29604e-27
8.31326e-28
1.08154e-28
1.3855e-29
1.74504e-30
2.15688e-31
2.61135e-32
3.092e-33
3.5763e-34
4.11439e-35
-0.00118426
-0.00105503
-0.000792889
-0.000183202
0.000764407
-0.000724028
-0.00500294
-0.00552779
0.00665133
0.0266656
0.0366421
0.0307519
0.0168595
0.00552991
0.00049863
-0.000158883
-6.51226e-05
-8.65939e-06
2.01472e-07
6.12907e-08
7.13955e-09
-6.86278e-11
-1.32918e-11
-8.34616e-13
-2.36257e-14
7.68117e-16
2.35669e-16
6.34169e-17
1.59452e-17
3.65772e-18
7.6611e-19
1.47689e-19
2.64384e-20
4.43179e-21
7.01113e-22
1.05479e-22
1.52056e-23
2.11627e-24
2.86439e-25
3.79537e-26
4.94943e-27
6.37515e-28
8.12349e-29
1.02374e-29
1.27385e-30
1.56135e-31
1.88036e-32
2.22005e-33
2.56498e-34
2.95154e-35
-0.000211436
0.000143513
-5.66991e-06
-0.000548084
0.000708811
0.00173267
-0.00176607
-0.00742355
-0.0048063
0.00709079
0.0149209
0.0127232
0.0058109
0.000843002
-0.000438069
-0.000215488
-4.93442e-05
-1.7223e-06
2.09437e-07
6.65305e-08
4.9854e-09
-8.96728e-11
-1.84154e-11
-1.73731e-13
9.65281e-15
1.87368e-15
2.30808e-16
4.55199e-17
9.81411e-18
2.04552e-18
4.00953e-19
7.33809e-20
1.25434e-20
2.01045e-21
3.04038e-22
4.37467e-23
6.05179e-24
8.14904e-25
1.08232e-25
1.43485e-26
1.91358e-27
2.57168e-28
3.46859e-29
4.66007e-30
6.18578e-31
8.05673e-32
1.02454e-32
1.26814e-33
1.52533e-34
1.81669e-35
-0.000498812
-0.000192504
0.000111857
-0.000554794
-0.000395885
0.00160085
0.00181856
-0.00216606
-0.00555768
-0.00447762
-0.00201017
-0.00133179
-0.00142953
-0.00109144
-0.000444681
-0.000117278
-1.00037e-05
1.33375e-06
3.80628e-07
2.04543e-08
-1.20218e-09
-2.27035e-10
3.55963e-12
6.75245e-13
1.29832e-15
-5.02777e-17
3.30316e-18
1.51574e-18
3.4425e-20
-1.10507e-19
-5.02069e-20
-1.50646e-20
-3.68682e-21
-7.86981e-22
-1.50933e-22
-2.64127e-23
-4.25399e-24
-6.33465e-25
-8.73242e-26
-1.11157e-26
-1.29572e-27
-1.35603e-28
-1.21323e-29
-7.89743e-31
-2.31801e-33
1.12047e-32
2.63677e-33
4.47803e-34
6.55512e-35
8.93284e-36
-0.000614612
-0.000553217
-0.000123944
-0.000142079
-0.000552863
-5.52677e-05
0.00123823
0.00130172
-0.000195061
-0.00191334
-0.0024133
-0.00187594
-0.000956376
-0.000213305
-2.77811e-05
1.61274e-06
4.48062e-06
1.18605e-06
-6.24124e-08
-1.81856e-08
-7.21696e-10
7.28864e-11
1.26596e-11
-1.45211e-13
-2.12438e-14
-1.17788e-16
-3.95848e-17
-1.47262e-17
-4.35365e-18
-1.14143e-18
-2.71939e-19
-5.94168e-20
-1.19847e-20
-2.24441e-21
-3.92187e-22
-6.42135e-23
-9.88573e-24
-1.4349e-24
-1.96741e-25
-2.55073e-26
-3.12659e-27
-3.61715e-28
-3.93314e-29
-3.98595e-30
-3.70154e-31
-3.03371e-32
-1.97401e-33
-5.56286e-35
1.14512e-35
3.10687e-36
-0.000141698
-0.00020214
-0.000124548
0.000103013
-2.47485e-05
-0.000516265
-0.000424923
0.000680768
0.00172642
0.00178389
0.00139234
0.00114404
0.00091695
0.000496162
0.000184924
3.81423e-05
2.99726e-07
-7.05468e-07
-2.04197e-07
-1.05347e-08
4.80276e-10
9.96814e-11
-4.95679e-13
-2.27897e-13
-9.13243e-15
-1.24215e-17
-1.59596e-17
-8.4895e-18
-3.12952e-18
-9.32531e-19
-2.3967e-19
-5.48948e-20
-1.14185e-20
-2.18354e-21
-3.87233e-22
-6.41059e-23
-9.95779e-24
-1.45716e-24
-2.01494e-25
-2.63859e-26
-3.27631e-27
-3.85821e-28
-4.30378e-29
-4.53275e-30
-4.47735e-31
-4.09379e-32
-3.37056e-33
-2.3321e-34
-1.03701e-35
4.60914e-37
0.000137347
0.000117971
1.5505e-05
3.99766e-05
0.000159103
-3.01993e-05
-0.00044701
-0.000419584
0.000273789
0.00102271
0.00126447
0.00107077
0.000600755
0.000232149
4.86133e-05
-6.44019e-06
-1.77833e-06
-2.67196e-07
1.3155e-08
4.61968e-09
7.74534e-10
-5.25025e-12
-1.99992e-12
-1.14251e-13
5.57833e-16
9.66397e-17
1.74644e-17
1.26976e-18
-6.42918e-19
-3.66724e-19
-1.21695e-19
-3.19682e-20
-7.22516e-21
-1.45793e-21
-2.68117e-22
-4.55279e-23
-7.20234e-24
-1.06832e-24
-1.49282e-25
-1.97179e-26
-2.46739e-27
-2.92842e-28
-3.29593e-29
-3.5113e-30
-3.52519e-31
-3.3057e-32
-2.84421e-33
-2.15767e-34
-1.28708e-35
-2.80668e-37
4.19556e-05
6.14887e-05
3.64582e-05
-3.1875e-05
1.6366e-05
0.000155623
8.66072e-05
-0.000255257
-0.000445533
-0.000297954
-0.000103383
-8.2705e-05
-0.000113464
-0.000107224
-5.79058e-05
-1.49054e-05
-1.31025e-06
1.05922e-07
3.5688e-08
5.55951e-09
8.20027e-11
-3.65997e-12
-6.32692e-13
-1.11191e-14
4.80916e-16
1.55075e-16
3.80159e-17
7.06482e-18
8.63504e-19
-1.0009e-21
-3.86584e-20
-1.43337e-20
-3.72129e-21
-8.05881e-22
-1.54266e-22
-2.68336e-23
-4.30873e-24
-6.45132e-25
-9.06846e-26
-1.20239e-26
-1.50848e-27
-1.79388e-28
-2.02293e-29
-2.16045e-30
-2.17716e-31
-2.05449e-32
-1.78788e-33
-1.388e-34
-8.79639e-36
-2.93929e-37
-2.91012e-05
-2.18099e-05
-1.01164e-06
-1.25795e-05
-3.37884e-05
2.33092e-05
0.000103746
5.7746e-05
-9.12782e-05
-0.000185442
-0.000198838
-0.000159372
-0.000104554
-5.31745e-05
-1.8833e-05
-4.17027e-06
1.5769e-07
9.99487e-08
2.91696e-08
1.48835e-09
-5.59381e-11
-1.34492e-11
-8.84862e-14
1.17702e-14
1.46745e-15
1.99476e-16
4.66495e-17
9.1478e-18
1.4238e-18
1.53647e-19
1.69643e-21
-4.6965e-21
-1.62533e-21
-3.88779e-22
-7.7782e-23
-1.38208e-23
-2.24209e-24
-3.37203e-25
-4.74622e-26
-6.29054e-27
-7.88188e-28
-9.35766e-29
-1.05347e-29
-1.12344e-30
-1.13105e-31
-1.06722e-32
-9.30114e-34
-7.25586e-35
-4.66578e-36
-1.69453e-37
-8.51441e-06
-1.02218e-05
-5.28199e-06
2.84369e-06
-4.51328e-06
-1.74977e-05
-5.06763e-06
3.23386e-05
5.02624e-05
3.81749e-05
1.27227e-05
1.64898e-05
2.23258e-05
1.24418e-05
2.06775e-06
2.22132e-08
-4.81273e-08
6.14014e-09
3.94314e-09
1.27557e-10
-3.79072e-11
-7.31597e-12
1.30848e-15
4.05247e-15
1.02351e-15
1.89322e-16
3.77204e-17
6.98429e-18
1.10946e-18
1.39388e-19
1.02687e-20
-9.63985e-22
-6.09427e-22
-1.64114e-22
-3.43145e-23
-6.21739e-24
-1.0177e-24
-1.53647e-25
-2.16516e-26
-2.86899e-27
-3.59132e-28
-4.25821e-29
-4.78704e-30
-5.098e-31
-5.12617e-32
-4.83214e-33
-4.20895e-34
-3.28413e-35
-2.1167e-36
-7.80965e-38
)
;

boundaryField
{
    movingWall
    {
        type            zeroGradient;
    }
    fixedWalls
    {
        type            zeroGradient;
    }
    frontAndBack
    {
        type            empty;
    }
}

