/*--------------------------------*- C++ -*----------------------------------*\
| =========                 |                                                 |
| \\      /  F ield         | OpenFOAM: The Open Source CFD Toolbox           |
|  \\    /   O peration     | Version:  v2006                                 |
|   \\  /    A nd           | Website:  www.openfoam.com                      |
|    \\/     M anipulation  |                                                 |
\*---------------------------------------------------------------------------*/
FoamFile
{
    version     2.0;
    format      ascii;
    class       volScalarField;
    location    "0";
    object      f;
}
// * * * * * * * * * * * * * * * * * * * * * * * * * * * * * * * * * * * * * //

dimensions      [0 0 0 0 0 0 0];


internalField   nonuniform List<scalar> 
2500
(
-1.82986e-109
3.99695e-93
1.07018e-85
-2.52209e-78
-1.03036e-74
1.07183e-71
3.30626e-69
1.5179e-67
-3.32485e-66
-3.13967e-64
-6.45337e-63
-6.41845e-62
-4.00489e-61
-1.83397e-60
-6.56454e-60
-1.83424e-59
-3.91548e-59
-6.2105e-59
-6.82053e-59
-3.54528e-59
4.44573e-59
1.56769e-58
2.70186e-58
3.53302e-58
3.88493e-58
3.7588e-58
3.28422e-58
2.63646e-58
1.96902e-58
1.38129e-58
9.17044e-59
5.79554e-59
3.50135e-59
2.02766e-59
1.12705e-59
6.01358e-60
3.07782e-60
1.50902e-60
7.07568e-61
3.16705e-61
1.35039e-61
5.47183e-62
2.1005e-62
7.60511e-63
2.57911e-63
8.09549e-64
2.29861e-64
5.60155e-65
9.88232e-66
1.19011e-67
-1.73374e-106
1.21103e-90
3.59147e-83
-3.39935e-76
-1.13927e-72
8.59494e-70
2.40043e-67
1.02996e-65
-1.49172e-64
-1.54492e-62
-2.99809e-61
-2.79488e-60
-1.63685e-59
-7.07237e-59
-2.40517e-58
-6.4249e-58
-1.31799e-57
-2.02157e-57
-2.17767e-57
-1.20686e-57
1.00572e-57
3.94088e-57
6.72216e-57
8.58355e-57
9.18569e-57
8.64259e-57
7.34418e-57
5.73664e-57
4.17143e-57
2.85115e-57
1.84565e-57
1.13819e-57
6.7157e-58
3.80179e-58
2.06779e-58
1.08075e-58
5.42399e-59
2.61041e-59
1.20269e-59
5.29454e-60
2.2224e-60
8.87319e-61
3.35946e-61
1.20093e-61
4.02664e-62
1.2521e-62
3.53445e-63
8.63312e-64
1.57419e-64
4.82875e-66
-1.52839e-103
3.41082e-88
9.49494e-81
-4.28773e-74
-1.18657e-70
6.4071e-68
1.63972e-65
6.58211e-64
-5.83325e-63
-7.20326e-61
-1.32827e-59
-1.16538e-58
-6.42667e-58
-2.62692e-57
-8.50926e-57
-2.17851e-56
-4.30463e-56
-6.39696e-56
-6.76201e-56
-3.92879e-56
2.1043e-56
9.66977e-56
1.64062e-55
2.05126e-55
2.14112e-55
1.96307e-55
1.62562e-55
1.23797e-55
8.78154e-56
5.85905e-56
3.70491e-56
2.23351e-56
1.2893e-56
7.14688e-57
3.80986e-57
1.95357e-57
9.62866e-58
4.55542e-58
2.06522e-58
8.95432e-59
3.70512e-59
1.45954e-59
5.457e-60
1.92838e-60
6.39968e-61
1.9733e-61
5.54109e-62
1.35601e-62
2.54029e-63
1.17586e-64
-1.3106e-100
9.33118e-86
2.23002e-78
-5.2577e-72
-1.20472e-68
4.59073e-66
1.08747e-63
4.0738e-62
-1.90022e-61
-3.26328e-59
-5.73946e-58
-4.74736e-57
-2.46738e-56
-9.54499e-56
-2.94584e-55
-7.2305e-55
-1.37655e-54
-1.98174e-54
-2.05265e-54
-1.23231e-54
3.92959e-55
2.31636e-54
3.92265e-54
4.80689e-54
4.8965e-54
4.37641e-54
3.53303e-54
2.62405e-54
1.81648e-54
1.18349e-54
7.31292e-55
4.31107e-55
2.43537e-55
1.32223e-55
6.90987e-56
3.47679e-56
1.68318e-56
7.82951e-57
3.49324e-57
1.49193e-57
6.08629e-58
2.3658e-58
8.73605e-59
3.05201e-59
1.00257e-59
3.06529e-60
8.56026e-61
2.09693e-61
4.01748e-62
2.41092e-63
-1.09216e-97
2.47664e-83
4.83977e-76
-6.26122e-70
-1.19152e-66
3.14591e-64
6.99301e-62
2.4411e-60
-3.72551e-60
-1.43412e-57
-2.41651e-56
-1.88797e-55
-9.25722e-55
-3.39061e-54
-9.97285e-54
-2.34752e-53
-4.3072e-53
-6.00644e-53
-6.08767e-53
-3.73368e-53
5.90985e-54
5.4139e-53
9.18494e-53
1.10413e-52
1.09808e-52
9.57093e-53
7.53487e-53
5.45991e-53
3.6897e-53
2.34833e-53
1.41843e-53
8.17947e-54
4.52324e-54
2.40592e-54
1.23286e-54
6.08828e-55
2.89559e-55
1.3245e-55
5.81654e-56
2.44736e-56
9.84451e-57
3.77645e-57
1.37742e-57
4.75778e-58
1.54708e-58
4.68996e-59
1.30222e-59
3.19026e-60
6.22625e-61
4.49224e-62
-8.83587e-95
6.36836e-81
9.88501e-74
-7.23329e-68
-1.1471e-64
2.04699e-62
4.35365e-60
1.41541e-58
1.15932e-58
-6.1022e-56
-9.90321e-55
-7.32397e-54
-3.39172e-53
-1.1767e-52
-3.29933e-52
-7.4504e-52
-1.31776e-51
-1.77983e-51
-1.76281e-51
-1.0944e-51
4.1662e-53
1.23412e-51
2.10568e-51
2.48497e-51
2.41367e-51
2.05212e-51
1.57594e-51
1.11447e-51
7.35468e-52
4.57416e-52
2.70165e-52
1.52444e-52
8.2548e-53
4.30273e-53
2.16244e-53
1.0483e-53
4.89885e-54
2.20388e-54
9.52755e-55
3.9499e-55
1.56686e-55
5.93245e-56
2.1375e-56
7.3003e-57
2.34984e-57
7.06258e-58
1.94921e-58
4.77172e-59
9.45364e-60
7.84018e-61
-6.93262e-92
1.58376e-78
1.91851e-71
-8.09669e-66
-1.07402e-62
1.25043e-60
2.61947e-58
7.93525e-57
2.03867e-56
-2.50799e-54
-3.94555e-53
-2.76897e-52
-1.21264e-51
-3.98687e-51
-1.06589e-50
-2.3097e-50
-3.93909e-50
-5.15233e-50
-4.98055e-50
-3.10603e-50
-1.62105e-51
2.74351e-50
4.72583e-50
5.47808e-50
5.19769e-50
4.31141e-50
3.23046e-50
2.23011e-50
1.43762e-50
8.73998e-51
5.0494e-51
2.78884e-51
1.47917e-51
7.55745e-52
3.72603e-52
1.77351e-52
8.14492e-53
3.60434e-53
1.53414e-53
6.26755e-54
2.45212e-54
9.16448e-55
3.26219e-55
1.10171e-55
3.51042e-56
1.04596e-56
2.86857e-57
7.01126e-58
1.40576e-58
1.30069e-59
-5.26903e-89
3.80126e-76
3.55757e-69
-8.77013e-64
-9.77083e-61
7.03011e-59
1.51993e-56
4.2972e-55
1.66432e-54
-9.92659e-53
-1.52613e-51
-1.01926e-50
-4.22735e-50
-1.3178e-49
-3.36009e-49
-6.98872e-49
-1.14955e-48
-1.45597e-48
-1.37195e-48
-8.53853e-49
-1.0213e-49
5.95042e-49
1.0384e-48
1.18258e-48
1.09608e-48
8.87065e-49
6.48584e-49
4.37172e-49
2.75363e-49
1.6369e-49
9.25337e-50
5.00402e-50
2.60041e-50
1.30267e-50
6.302e-51
2.94579e-51
1.32977e-51
5.78938e-52
2.42648e-52
9.77004e-53
3.77044e-53
1.39112e-53
4.89249e-54
1.63393e-54
5.1537e-55
1.52217e-55
4.14706e-56
1.01119e-56
2.04618e-57
2.06764e-58
-3.87444e-86
8.78073e-74
6.32253e-67
-9.1793e-62
-8.62796e-59
3.49268e-57
8.48303e-55
2.24501e-53
1.08759e-52
-3.76877e-51
-5.72186e-50
-3.64903e-49
-1.43566e-48
-4.24589e-48
-1.03272e-47
-2.06226e-47
-3.27244e-47
-4.01292e-47
-3.68162e-47
-2.27351e-47
-3.84612e-48
1.2607e-47
2.23456e-47
2.4996e-47
2.26253e-47
1.78634e-47
1.27454e-47
8.38925e-48
5.16425e-48
3.00255e-48
1.66129e-48
8.79901e-49
4.48137e-49
2.20169e-49
1.04539e-49
4.79985e-50
2.13011e-50
9.12521e-51
3.76666e-51
1.49492e-51
5.69135e-52
2.07319e-52
7.20445e-53
2.37941e-53
7.42919e-54
2.17483e-54
5.88426e-55
1.43022e-55
2.91359e-56
3.16379e-57
-2.75265e-83
1.94459e-71
1.07868e-64
-9.26886e-60
-7.38659e-57
1.37306e-55
4.53893e-53
1.12976e-51
6.2946e-51
-1.36512e-49
-2.07562e-48
-1.26903e-47
-4.74543e-47
-1.33235e-46
-3.09193e-46
-5.92931e-46
-9.079e-46
-1.07781e-45
-9.61599e-46
-5.86134e-46
-1.19804e-46
2.61537e-46
4.71221e-46
5.17291e-46
4.57004e-46
3.51889e-46
2.44977e-46
1.57471e-46
9.47514e-47
5.38938e-47
2.9194e-47
1.51487e-47
7.56367e-48
3.64542e-48
1.69921e-48
7.6651e-49
3.34483e-49
1.41017e-49
5.73344e-50
2.24324e-50
8.42601e-51
3.03065e-51
1.0407e-51
3.39917e-52
1.05056e-52
3.0478e-53
8.18657e-54
1.98194e-54
4.05541e-55
4.67169e-56
-1.88678e-80
4.10543e-69
1.76788e-62
-9.01328e-58
-6.12324e-55
2.26089e-54
2.31809e-51
5.46602e-50
3.34758e-49
-4.68045e-48
-7.26901e-47
-4.28142e-46
-1.52506e-45
-4.06811e-45
-9.00932e-45
-1.65947e-44
-2.45254e-44
-2.81829e-44
-2.44226e-44
-1.46222e-44
-3.33079e-45
5.33383e-45
9.74757e-45
1.04832e-44
9.03025e-45
6.77718e-45
4.60231e-45
2.88887e-45
1.69925e-45
9.45723e-46
5.01679e-46
2.55109e-46
1.24906e-46
5.90723e-47
2.70377e-47
1.19854e-47
5.14365e-48
2.13449e-48
8.54935e-49
3.29796e-49
1.22234e-49
4.34145e-50
1.47326e-50
4.75897e-51
1.45585e-51
4.18509e-52
1.11563e-52
2.68811e-53
5.51284e-54
6.66543e-55
-1.24573e-77
8.18909e-67
2.78327e-60
-8.42355e-56
-4.90792e-53
-3.01459e-52
1.12312e-49
2.53651e-48
1.66397e-47
-1.50017e-46
-2.45114e-45
-1.39914e-44
-4.75989e-44
-1.20743e-43
-2.55233e-43
-4.5164e-43
-6.44408e-43
-7.16723e-43
-6.02538e-43
-3.52664e-43
-8.50233e-44
1.07566e-43
1.98068e-43
2.08112e-43
1.74525e-43
1.2755e-43
8.44503e-44
5.17541e-44
2.97588e-44
1.62082e-44
8.42175e-45
4.1979e-45
2.01609e-45
9.35856e-46
4.20713e-46
1.83305e-46
7.73816e-47
3.16126e-47
1.24754e-47
4.74544e-48
1.73567e-48
6.08804e-49
2.04174e-49
6.5227e-50
1.97499e-50
5.62474e-51
1.48751e-51
3.5643e-52
7.31129e-53
9.19233e-54
-7.90851e-75
1.51955e-64
4.20675e-58
-7.54804e-54
-3.7974e-51
-4.69311e-50
5.11548e-48
1.12557e-46
7.79863e-46
-4.39727e-45
-7.93241e-44
-4.42121e-43
-1.44096e-42
-3.47975e-42
-7.02258e-42
-1.19399e-41
-1.64511e-41
-1.77078e-41
-1.44241e-41
-8.21375e-42
-2.01591e-42
2.16155e-42
3.96051e-42
4.04935e-42
3.29892e-42
2.34479e-42
1.51249e-42
9.04621e-43
5.08432e-43
2.71018e-43
1.37958e-43
6.74232e-44
3.17701e-44
1.44787e-44
6.39443e-45
2.73899e-45
1.13758e-45
4.57588e-46
1.77948e-46
6.67537e-47
2.40967e-47
8.34774e-48
2.76688e-48
8.742e-49
2.61971e-49
7.39022e-50
1.93814e-50
4.61455e-51
9.44849e-52
1.22491e-52
-4.81808e-72
2.54375e-62
6.0977e-56
-6.4664e-52
-2.83105e-49
-4.53777e-48
2.15801e-46
4.75728e-45
3.46218e-44
-1.12578e-43
-2.45337e-42
-1.34823e-41
-4.22515e-41
-9.72597e-41
-1.87442e-40
-3.06246e-40
-4.07572e-40
-4.2454e-40
-3.3464e-40
-1.84476e-40
-4.45396e-41
4.36494e-41
7.80917e-41
7.72831e-41
6.09915e-41
4.20876e-41
2.64212e-41
1.54135e-41
8.46565e-42
4.41635e-42
2.20266e-42
1.05569e-42
4.88183e-43
2.18481e-43
9.48161e-44
3.99359e-44
1.63217e-44
6.46552e-45
2.47802e-45
9.16866e-46
3.2668e-46
1.11781e-46
3.66191e-47
1.14423e-47
3.39329e-48
9.47984e-49
2.46441e-49
5.8251e-50
1.18813e-50
1.57552e-51
-2.81049e-69
3.56287e-60
8.4639e-54
-5.27754e-50
-2.02941e-47
-3.64123e-46
8.20199e-45
1.90476e-43
1.45903e-42
-2.208e-42
-7.21132e-41
-3.95837e-40
-1.19803e-39
-2.6329e-39
-4.84724e-39
-7.61099e-39
-9.78637e-39
-9.86415e-39
-7.51428e-39
-3.98851e-39
-9.14339e-40
8.92175e-40
1.52157e-39
1.44807e-39
1.10316e-39
7.37394e-40
4.49868e-40
2.55769e-40
1.37221e-40
7.00503e-41
3.42342e-41
1.60933e-41
7.3051e-42
3.21128e-42
1.36976e-42
5.67427e-43
2.28247e-43
8.90552e-44
3.3644e-44
1.22795e-44
4.31893e-45
1.45978e-45
4.72667e-46
1.46062e-46
4.28606e-47
1.18551e-47
3.05344e-48
7.15839e-49
1.45135e-49
1.9527e-50
-1.56553e-66
3.09354e-58
1.1229e-51
-4.08409e-48
-1.3954e-45
-2.60649e-44
2.63657e-43
7.16826e-42
5.8393e-41
-1.25109e-41
-1.99867e-39
-1.11584e-38
-3.27886e-38
-6.89277e-38
-1.21272e-37
-1.83014e-37
-2.27418e-37
-2.21811e-37
-1.6308e-37
-8.28444e-38
-1.72697e-38
1.85202e-38
2.93489e-38
2.66637e-38
1.95259e-38
1.26078e-38
7.46117e-39
4.12944e-39
2.16277e-39
1.08014e-39
5.17238e-40
2.38521e-40
1.06298e-40
4.59085e-41
1.92509e-41
7.84495e-42
3.10639e-42
1.19399e-42
4.44691e-43
1.60123e-43
5.55996e-44
1.85641e-44
5.94125e-45
1.81558e-45
5.27094e-46
1.44303e-46
3.68039e-47
8.54853e-48
1.71885e-48
2.32623e-49
-8.30007e-64
-3.40444e-56
1.4206e-49
-2.97683e-46
-9.17716e-44
-1.7125e-42
5.76289e-42
2.50473e-40
2.21734e-39
1.73347e-39
-5.16142e-38
-3.01e-37
-8.64322e-37
-1.74203e-36
-2.93071e-36
-4.25109e-36
-5.10647e-36
-4.81977e-36
-3.41551e-36
-1.64905e-36
-2.93658e-37
3.89585e-37
5.60979e-37
4.82878e-37
3.38337e-37
2.10329e-37
1.20462e-37
6.48048e-38
3.31058e-38
1.61688e-38
7.58577e-39
3.43174e-39
1.50175e-39
6.37333e-40
2.62787e-40
1.05366e-40
4.10785e-41
1.55566e-41
5.71273e-42
2.02962e-42
6.9581e-43
2.29514e-43
7.2602e-44
2.19386e-44
6.30025e-45
1.7066e-45
4.30727e-46
9.90014e-47
1.96894e-47
2.65417e-48
-4.16994e-61
-2.76159e-53
1.70911e-47
-2.02268e-44
-5.75379e-42
-1.04665e-40
-4.96915e-41
7.95463e-39
7.97077e-38
1.25056e-37
-1.21734e-36
-7.73744e-36
-2.18883e-35
-4.24163e-35
-6.82859e-35
-9.52132e-35
-1.10593e-34
-1.0103e-34
-6.89176e-35
-3.13658e-35
-4.27392e-36
8.24261e-36
1.06238e-35
8.60523e-36
5.74105e-36
3.4232e-36
1.89213e-36
9.87554e-37
4.91517e-37
2.34617e-37
1.07819e-37
4.78504e-38
2.05637e-38
8.57706e-39
3.47801e-39
1.37233e-39
5.26859e-40
1.96615e-40
7.11986e-41
2.49612e-41
8.44959e-42
2.75351e-42
8.60904e-43
2.57214e-43
7.30496e-44
1.95701e-44
4.88403e-45
1.10924e-45
2.17521e-46
2.8857e-47
-1.97236e-58
-9.62592e-51
1.94904e-45
-1.25854e-42
-3.42535e-40
-5.99037e-39
-1.6125e-38
2.19757e-37
2.70233e-36
5.99222e-36
-2.52127e-35
-1.88522e-34
-5.30868e-34
-9.92595e-34
-1.53077e-33
-2.05193e-33
-2.30541e-33
-2.039e-33
-1.33735e-33
-5.68076e-34
-4.54353e-35
1.73547e-34
1.99015e-34
1.50889e-34
9.54116e-35
5.4347e-35
2.88969e-35
1.45983e-35
7.0684e-36
3.29485e-36
1.4826e-36
6.45422e-37
2.72402e-37
1.11678e-37
4.45428e-38
1.72982e-38
6.5406e-39
2.40557e-39
8.59118e-40
2.97243e-40
9.93589e-41
3.19889e-41
9.88502e-42
2.91967e-42
8.19789e-43
2.17092e-43
5.35217e-44
1.19897e-44
2.30926e-45
2.9671e-46
-8.68816e-56
-2.64495e-48
2.09869e-43
-6.91761e-41
-1.92681e-38
-3.22023e-37
-1.27462e-36
4.6782e-36
8.59146e-35
2.39354e-34
-4.14568e-34
-4.32233e-33
-1.22841e-32
-2.22587e-32
-3.29315e-32
-4.24454e-32
-4.6147e-32
-3.95348e-32
-2.49091e-32
-9.7552e-33
-4.25435e-35
3.59558e-33
3.67628e-33
2.60094e-33
1.5527e-33
8.41435e-34
4.28819e-34
2.09104e-34
9.83138e-35
4.47044e-35
1.96858e-35
8.4045e-36
3.4835e-36
1.40384e-36
5.50788e-37
2.10548e-37
7.84147e-38
2.84265e-38
1.00134e-38
3.41933e-39
1.12871e-39
3.59016e-40
1.09639e-40
3.20073e-41
8.88169e-42
2.3233e-42
5.6515e-43
1.24589e-43
2.34478e-44
2.85084e-45
-3.48956e-53
-6.34996e-46
2.12396e-41
-3.05979e-39
-1.01782e-36
-1.62682e-35
-7.5681e-35
3.51237e-35
2.53952e-33
8.46496e-33
-3.2699e-33
-9.22957e-32
-2.69896e-31
-4.76602e-31
-6.77817e-31
-8.40303e-31
-8.84472e-31
-7.34575e-31
-4.4438e-31
-1.58007e-31
1.55652e-32
7.25628e-32
6.66749e-32
4.39907e-32
2.47239e-32
1.26985e-32
6.17874e-33
2.89884e-33
1.32047e-33
5.849e-34
2.51868e-34
1.05418e-34
4.2904e-35
1.69954e-35
6.55949e-36
2.46831e-36
9.05533e-37
3.23584e-37
1.12433e-37
3.78949e-38
1.23531e-38
3.88181e-39
1.17139e-39
3.379e-40
9.26159e-41
2.39095e-41
5.72938e-42
1.23916e-42
2.26259e-43
2.50646e-44
-1.21583e-50
-1.37747e-43
2.00891e-39
-6.9849e-38
-5.00793e-35
-7.71288e-34
-3.85488e-33
-3.5028e-33
6.88583e-32
2.71003e-31
1.16076e-31
-1.80634e-30
-5.59569e-30
-9.70098e-30
-1.32989e-29
-1.58658e-29
-1.61771e-29
-1.30406e-29
-7.57605e-30
-2.39831e-30
5.79919e-31
1.41447e-30
1.18112e-30
7.27921e-31
3.84617e-31
1.86624e-31
8.63601e-32
3.88435e-32
1.70963e-32
7.36405e-33
3.09787e-33
1.27046e-33
5.07581e-34
1.97613e-34
7.50225e-35
2.7789e-35
1.00422e-35
3.53733e-36
1.2124e-36
4.03333e-37
1.29839e-37
4.03041e-38
1.20154e-38
3.42338e-39
9.26181e-40
2.35681e-40
5.55125e-41
1.17287e-41
2.05567e-42
1.93116e-43
-3.11756e-48
-2.73234e-41
1.76303e-37
5.39574e-36
-2.26908e-33
-3.42055e-32
-1.75634e-31
-2.71971e-31
1.67399e-30
7.91434e-30
7.6031e-30
-3.15062e-29
-1.08573e-28
-1.86673e-28
-2.47611e-28
-2.84492e-28
-2.81196e-28
-2.20408e-28
-1.23126e-28
-3.38351e-29
1.51695e-29
2.64525e-29
2.03215e-29
1.17387e-29
5.83132e-30
2.66686e-30
1.16935e-30
5.02299e-31
2.12949e-31
8.90086e-32
3.6532e-32
1.46691e-32
5.75068e-33
2.19978e-33
8.21307e-34
2.99412e-34
1.0657e-34
3.70007e-35
1.2509e-35
4.10726e-36
1.30559e-36
4.00278e-37
1.17851e-37
3.31456e-38
8.84248e-39
2.21409e-39
5.11021e-40
1.04801e-40
1.73291e-41
1.15725e-42
-1.69007e-47
-4.96749e-39
1.42141e-35
1.01625e-33
-9.30536e-32
-1.41129e-30
-7.26982e-30
-1.33652e-29
3.487e-29
2.10794e-28
2.81523e-28
-4.61257e-28
-1.94883e-27
-3.37248e-27
-4.35116e-27
-4.81973e-27
-4.62194e-27
-3.53176e-27
-1.90251e-27
-4.39137e-28
3.33544e-28
4.71982e-28
3.37628e-28
1.83626e-28
8.58716e-29
3.69675e-29
1.53099e-29
6.25621e-30
2.54592e-30
1.03004e-30
4.11802e-31
1.61737e-31
6.21735e-32
2.33559e-32
8.57224e-33
3.07464e-33
1.07757e-33
3.68692e-34
1.22928e-34
3.9832e-35
1.25003e-35
3.7841e-36
1.09976e-36
3.05064e-37
8.0133e-38
1.96936e-38
4.43299e-39
8.73521e-40
1.32037e-40
2.53237e-42
7.4388e-43
-8.25039e-37
1.03641e-33
1.03804e-31
-3.35339e-30
-5.37274e-29
-2.7441e-28
-5.3387e-28
5.51584e-28
5.08808e-27
8.27745e-27
-4.69331e-27
-3.18023e-26
-5.67061e-26
-7.16906e-26
-7.66652e-26
-7.13909e-26
-5.338e-26
-2.78716e-26
-5.17875e-27
6.49576e-27
7.99663e-27
5.38578e-27
2.77147e-27
1.22277e-27
4.95388e-28
1.93301e-28
7.48632e-29
2.91345e-29
1.13764e-29
4.42149e-30
1.69627e-30
6.38757e-31
2.35451e-31
8.48902e-32
2.99378e-32
1.0326e-32
3.48026e-33
1.14401e-33
3.6571e-34
1.1327e-34
3.38399e-35
9.70025e-36
2.65034e-36
6.8394e-37
1.64325e-37
3.58003e-38
6.65757e-39
8.58914e-40
-6.83249e-41
7.10458e-40
-1.24257e-34
6.63192e-32
8.37631e-30
-9.9941e-29
-1.86447e-27
-9.41158e-27
-1.83831e-26
3.16996e-27
1.0983e-25
2.07514e-25
5.45677e-27
-4.58037e-25
-8.77539e-25
-1.09892e-24
-1.13634e-24
-1.02825e-24
-7.56362e-25
-3.86071e-25
-5.48296e-26
1.1435e-25
1.28092e-25
8.20198e-26
4.01225e-26
1.67443e-26
6.38801e-27
2.34471e-27
8.57768e-28
3.18025e-28
1.19463e-28
4.50273e-29
1.68433e-29
6.20402e-30
2.241e-30
7.92737e-31
2.74586e-31
9.31202e-32
3.08924e-32
1.00054e-32
3.15374e-33
9.6345e-34
2.83829e-34
8.01425e-35
2.15215e-35
5.43613e-36
1.26838e-36
2.63812e-37
4.46339e-38
3.98301e-39
-1.54082e-39
4.87531e-37
-1.67755e-32
3.44741e-30
5.7305e-28
-2.05992e-27
-5.79137e-26
-2.90353e-25
-5.53761e-25
-2.01987e-25
2.06827e-24
4.51589e-24
1.91642e-24
-5.46942e-24
-1.23147e-23
-1.55359e-23
-1.55545e-23
-1.36764e-23
-9.9736e-24
-5.04468e-24
-5.21861e-25
1.83392e-24
1.93164e-24
1.18571e-24
5.5358e-25
2.19069e-25
7.87878e-26
2.71817e-26
9.36758e-27
3.29664e-27
1.18711e-27
4.32661e-28
1.57424e-28
5.6594e-29
1.99904e-29
6.92392e-30
2.35105e-30
7.82628e-31
2.55203e-31
8.13454e-32
2.52562e-32
7.6019e-33
2.20507e-33
6.11921e-34
1.60902e-34
3.952e-35
8.84268e-36
1.70643e-36
2.3851e-37
-1.15563e-39
-2.21528e-38
2.80738e-34
-1.99647e-30
1.03473e-28
3.36365e-26
-5.89756e-28
-1.56372e-24
-7.91833e-24
-1.45194e-23
-1.0985e-23
3.22792e-23
8.48338e-23
6.5034e-23
-4.42301e-23
-1.53421e-22
-2.00845e-22
-1.94651e-22
-1.65953e-22
-1.21315e-22
-6.21122e-23
-4.76159e-24
2.68254e-23
2.73011e-23
1.61759e-23
7.22793e-24
2.71715e-24
9.22324e-25
2.99053e-25
9.69015e-26
3.22621e-26
1.10958e-26
3.89678e-27
1.37449e-27
4.80634e-28
1.6543e-28
5.59034e-29
1.85448e-29
6.04098e-30
1.93119e-30
6.04481e-31
1.84504e-31
5.45997e-32
1.55502e-32
4.22252e-33
1.07913e-33
2.54251e-34
5.30286e-35
8.78604e-36
6.28535e-37
-3.30077e-37
-2.63128e-37
1.39715e-31
-2.04206e-28
-5.71274e-27
1.66966e-24
2.4789e-24
-3.47164e-23
-1.85687e-22
-3.24623e-22
-3.64853e-22
3.59617e-22
1.33957e-21
1.60199e-21
8.69593e-23
-1.63676e-21
-2.36347e-21
-2.20499e-21
-1.80944e-21
-1.34651e-21
-7.21665e-22
-5.15103e-23
3.56359e-22
3.59822e-22
2.06916e-22
8.8589e-23
3.16542e-23
1.01486e-23
3.09338e-24
9.41397e-25
2.95723e-25
9.67773e-26
3.2608e-26
1.1095e-26
3.7525e-27
1.25066e-27
4.09598e-28
1.31865e-28
4.17753e-29
1.30217e-29
3.98398e-30
1.19036e-30
3.44727e-31
9.57935e-32
2.51993e-32
6.14891e-33
1.34085e-33
2.38284e-34
2.25178e-35
-6.65725e-36
-5.33794e-36
-2.7584e-36
5.95657e-29
-1.71549e-26
-1.43265e-24
6.74303e-23
1.39318e-22
-5.43347e-22
-3.57854e-21
-5.94327e-21
-9.5078e-21
5.77275e-22
1.66867e-20
3.42199e-20
1.3567e-20
-1.37473e-20
-2.55872e-20
-2.24764e-20
-1.73962e-20
-1.34422e-20
-7.96054e-21
-7.89607e-22
4.25131e-21
4.39453e-21
2.46305e-21
1.00933e-21
3.42379e-22
1.03653e-22
2.97098e-23
8.48934e-24
2.51151e-24
7.79114e-25
2.50396e-25
8.15295e-26
2.63972e-26
8.41371e-27
2.63304e-27
8.10424e-28
2.46036e-28
7.37681e-29
2.17926e-29
6.30035e-30
1.76221e-30
4.68963e-31
1.15771e-31
2.53052e-32
4.3349e-33
2.6906e-34
-2.18553e-34
-1.44585e-34
-6.20144e-35
-2.61672e-35
2.10557e-26
-1.04372e-24
-1.62519e-22
2.03777e-21
4.67749e-21
-1.2754e-21
-5.20391e-20
-8.22503e-20
-1.96784e-19
-1.15535e-19
1.36182e-19
6.74667e-19
3.75416e-19
-6.38905e-20
-2.6856e-19
-2.07275e-19
-1.43957e-19
-1.17948e-19
-8.44336e-20
-1.41199e-20
4.44553e-20
4.93266e-20
2.70255e-20
1.05546e-20
3.38624e-21
9.6638e-22
2.60477e-22
6.99196e-23
1.94642e-23
5.69997e-24
1.73164e-24
5.31525e-25
1.6118e-25
4.76963e-26
1.37338e-26
3.86222e-27
1.06811e-27
2.9218e-28
7.90253e-29
2.0889e-29
5.24854e-30
1.18484e-30
2.07384e-31
8.80655e-33
-1.52487e-32
-1.00763e-32
-4.5595e-33
-1.75024e-33
-6.06089e-34
-2.26965e-34
5.80439e-24
-1.0209e-23
-1.25462e-20
3.53583e-20
9.83305e-20
2.86358e-19
-4.49404e-19
-6.99841e-19
-2.68415e-18
-4.67605e-18
-1.67312e-20
1.17786e-17
7.71639e-18
4.96551e-19
-3.05974e-18
-1.7509e-18
-9.84438e-19
-8.68304e-19
-8.77404e-19
-2.32374e-19
3.86777e-19
5.04088e-19
2.70091e-19
9.95096e-20
2.99681e-20
8.03275e-21
2.03539e-21
5.14031e-22
1.34674e-22
3.70082e-23
1.04444e-23
2.91976e-24
7.80876e-25
1.93785e-25
4.30721e-26
8.0086e-27
9.74489e-28
-8.52095e-29
-1.1935e-28
-5.90486e-29
-2.39786e-29
-9.12826e-30
-3.39613e-30
-1.24457e-30
-4.46642e-31
-1.5561e-31
-5.22781e-32
-1.68697e-32
-5.22036e-33
-1.80609e-33
1.10933e-21
1.36257e-20
-5.70227e-19
-3.84006e-19
1.05013e-18
1.07224e-17
2.30493e-18
-4.90057e-18
-4.55266e-17
-2.51602e-16
-2.52807e-17
4.17469e-16
1.4819e-16
1.43079e-17
-4.37852e-17
-1.25038e-17
-4.845e-18
-4.77125e-18
-9.06664e-18
-3.21458e-18
2.48656e-18
4.66843e-18
2.42867e-18
8.23562e-19
2.29481e-19
5.74268e-20
1.36787e-20
3.26137e-21
8.04944e-22
2.04873e-22
5.13625e-23
1.16899e-23
2.03892e-24
7.00067e-26
-1.59083e-25
-1.01463e-25
-4.48491e-26
-1.69237e-26
-5.82379e-27
-1.89054e-27
-5.92254e-28
-1.82125e-28
-5.56378e-29
-1.69895e-29
-5.18679e-30
-1.57631e-30
-4.73727e-31
-1.39832e-31
-4.0308e-32
-1.31759e-32
1.1285e-19
4.91782e-18
-3.98063e-17
-5.88029e-17
1.0417e-15
2.2326e-15
4.85762e-16
-1.4945e-14
-3.67182e-14
-8.86337e-15
5.33282e-14
1.75031e-14
1.83212e-15
-1.55513e-14
-2.04156e-15
-1.90139e-16
-3.60969e-17
-2.25296e-17
-9.99707e-17
-3.65166e-17
8.58585e-18
4.03532e-17
1.96342e-17
5.71454e-18
1.43256e-18
3.32198e-19
7.46426e-20
1.69459e-20
3.93782e-21
8.89572e-22
1.65901e-22
9.83335e-24
-1.22771e-23
-8.96292e-24
-4.33622e-24
-1.76275e-24
-6.44531e-25
-2.18763e-25
-7.02595e-26
-2.16539e-26
-6.47849e-27
-1.90013e-27
-5.50672e-28
-1.58535e-28
-4.54413e-29
-1.2957e-29
-3.66347e-30
-1.02253e-30
-2.8041e-31
-8.77845e-32
5.53532e-16
1.26926e-15
-1.85119e-14
3.55411e-15
2.12528e-13
1.73947e-13
-2.66141e-12
-1.54741e-12
-1.42509e-12
2.02088e-11
4.62872e-12
2.31763e-13
-3.80438e-12
-5.40738e-13
-2.13216e-14
-3.52148e-14
-3.06211e-14
-1.01506e-14
-2.47001e-15
-3.06329e-16
1.51834e-16
7.43342e-16
1.45839e-16
2.92887e-17
6.35709e-18
1.37552e-18
2.98252e-19
6.60482e-20
1.41854e-20
2.2743e-21
-1.66957e-22
-4.00479e-22
-2.49738e-22
-1.17642e-22
-4.78997e-23
-1.76967e-23
-6.08264e-24
-1.97604e-24
-6.13795e-25
-1.84005e-25
-5.36662e-26
-1.53346e-26
-4.31782e-27
-1.20316e-27
-3.32545e-28
-9.11913e-29
-2.47705e-29
-6.64556e-30
-1.75465e-30
-5.30565e-31
1.28578e-13
-3.7183e-13
-9.07009e-13
3.12524e-12
1.4762e-11
-1.01504e-10
-6.9904e-11
-9.60206e-11
2.27647e-09
5.05561e-10
5.5035e-11
-6.33662e-10
-1.24094e-10
-1.05495e-12
-7.41369e-13
-1.59107e-12
-1.05424e-12
-3.14152e-13
-2.29512e-14
2.57466e-14
6.9183e-14
1.50799e-14
3.00614e-16
4.02414e-17
1.18493e-17
2.95775e-18
7.10097e-19
1.65086e-19
2.65997e-20
-5.33821e-21
-8.16308e-21
-5.1407e-21
-2.49337e-21
-1.04458e-21
-3.95773e-22
-1.3902e-22
-4.59982e-23
-1.45007e-23
-4.39439e-24
-1.28965e-24
-3.68857e-25
-1.03373e-25
-2.85136e-26
-7.76647e-27
-2.09291e-27
-5.58229e-28
-1.47225e-28
-3.83123e-29
-9.80964e-30
-2.87979e-30
-5.00097e-12
-3.89048e-11
1.91098e-11
2.24837e-10
1.26884e-10
-3.83569e-09
-1.68505e-09
7.27705e-08
4.8069e-08
-1.38124e-07
-1.33609e-07
-2.60126e-08
-1.58866e-10
3.04559e-12
-1.56948e-12
-5.37971e-12
-3.36328e-12
-1.26711e-12
2.53063e-12
5.44375e-12
2.18295e-12
6.76469e-14
2.26255e-17
1.01811e-17
5.106e-18
2.28104e-18
8.87669e-19
2.14462e-19
-6.75309e-20
-1.17736e-19
-8.27637e-20
-4.31515e-20
-1.89971e-20
-7.46214e-21
-2.69448e-21
-9.11136e-22
-2.92252e-22
-8.97796e-23
-2.66174e-23
-7.66406e-24
-2.15448e-24
-5.93888e-25
-1.61077e-25
-4.30903e-26
-1.13847e-26
-2.97123e-27
-7.65295e-28
-1.94179e-28
-4.84122e-29
-1.3831e-29
-1.14515e-09
-2.00604e-09
1.60481e-08
2.46864e-08
-1.57619e-07
-1.6704e-07
2.24875e-06
1.61e-06
-2.28548e-06
-6.72133e-06
-1.30091e-06
-5.90333e-08
-7.02459e-10
1.03775e-09
9.65033e-10
3.19539e-10
2.11108e-10
4.04321e-10
7.94077e-10
5.04479e-10
2.84099e-11
4.22116e-15
1.49448e-16
4.64013e-17
1.64855e-17
6.61444e-18
2.41456e-18
1.46339e-19
-9.80919e-19
-1.0015e-18
-6.10291e-19
-2.9111e-19
-1.19903e-19
-4.46851e-20
-1.54615e-20
-5.04733e-21
-1.57192e-21
-4.71002e-22
-1.36704e-22
-3.86451e-23
-1.0688e-23
-2.90199e-24
-7.75492e-25
-2.04279e-25
-5.30761e-26
-1.35977e-26
-3.43088e-27
-8.50859e-28
-2.06858e-28
-5.74633e-29
-5.20203e-08
5.11527e-07
4.33113e-07
1.83113e-07
-1.68446e-06
1.15118e-07
3.76919e-05
-8.44813e-05
-0.000329689
-0.000191313
0.00162611
0.00513128
0.0078005
0.00754849
0.00483261
0.00167057
9.65664e-05
2.03935e-08
3.64268e-08
7.07243e-09
7.59956e-12
1.33507e-13
1.37632e-15
1.22051e-16
4.50904e-17
1.89894e-17
7.54575e-18
-9.78932e-19
-6.98126e-18
-6.79699e-18
-3.79115e-18
-1.66055e-18
-6.3725e-19
-2.24432e-19
-7.42245e-20
-2.33583e-20
-7.058e-21
-2.06207e-21
-5.85881e-22
-1.62648e-22
-4.42803e-23
-1.18529e-23
-3.12443e-24
-8.11541e-25
-2.07646e-25
-5.22797e-26
-1.29282e-26
-3.13189e-27
-7.40767e-28
-1.98729e-28
2.2049e-05
0.000118423
-0.000137586
-0.000497706
0.000180835
0.0012074
-0.000343358
-0.00555635
-0.00848198
0.0044988
0.0452517
0.106237
0.157398
0.167276
0.13992
0.0896497
0.0413439
0.0112437
0.00063108
-7.69711e-12
4.44373e-11
5.41915e-12
3.35992e-15
4.73588e-16
1.29399e-16
5.63562e-17
4.05249e-17
-3.77196e-19
-3.47327e-17
-4.20355e-17
-2.07126e-17
-8.0119e-18
-2.79517e-18
-9.17552e-19
-2.88004e-19
-8.70921e-20
-2.55008e-20
-7.2625e-21
-2.02038e-21
-5.51065e-22
-1.47774e-22
-3.90219e-23
-1.01514e-23
-2.60001e-24
-6.54633e-25
-1.61649e-25
-3.90233e-26
-9.1714e-27
-2.08677e-27
-5.27859e-28
0.000335509
0.000761566
-0.00157849
-0.00355138
0.00165385
0.00695193
-0.00328745
-0.0262539
-0.029051
0.0262616
0.162751
0.356156
0.531773
0.59811
0.543425
0.398867
0.229982
0.0976662
0.0247966
0.00112813
1.07601e-08
-6.30998e-14
-5.94097e-15
-2.82235e-16
2.19552e-17
2.12634e-16
5.47841e-16
4.90578e-17
-2.45228e-16
-3.03896e-16
-9.9979e-17
-3.08454e-17
-9.37396e-18
-2.81419e-18
-8.32388e-19
-2.41545e-19
-6.86035e-20
-1.90773e-20
-5.20495e-21
-1.39665e-21
-3.69171e-22
-9.61494e-23
-2.46436e-23
-6.1998e-24
-1.52516e-24
-3.65009e-25
-8.43993e-26
-1.86664e-26
-3.88518e-27
-8.23765e-28
0.000144684
1.1942e-05
-0.00164098
-0.000848309
0.00894023
0.0152863
-0.00530007
-0.0421469
-0.039406
0.050905
0.244093
0.514958
0.799043
0.984719
0.983377
0.817512
0.548982
0.287013
0.106717
0.020293
0.000106783
2.4987e-15
1.04257e-15
3.41783e-16
1.23157e-14
3.66603e-14
7.7123e-15
-1.53546e-14
-2.07834e-14
-2.84217e-15
-2.94861e-16
-6.89304e-17
-1.83207e-17
-5.07812e-18
-1.4357e-18
-4.0555e-19
-1.12993e-19
-3.0907e-20
-8.30064e-21
-2.19171e-21
-5.68935e-22
-1.44823e-22
-3.59508e-23
-8.62651e-24
-1.97396e-24
-4.21116e-25
-8.00288e-26
-1.19294e-26
-5.68285e-28
8.36275e-28
0.000311836
-3.87884e-05
-0.00300999
-0.00269125
0.0111687
0.0248699
0.00257419
-0.0528054
-0.0625745
0.0384335
0.249612
0.516495
0.790992
1.01828
1.10623
1.02246
0.784977
0.48288
0.22492
0.0683905
0.00678616
1.19624e-13
5.44731e-10
1.01517e-10
5.25631e-12
4.22549e-13
-1.60741e-12
-1.80182e-12
-2.58373e-13
1.23359e-16
6.35446e-17
1.29514e-17
1.26888e-18
-3.2322e-19
-2.41558e-19
-9.31546e-20
-2.84664e-20
-7.55706e-21
-1.78342e-21
-3.61332e-22
-5.09761e-23
3.40341e-24
7.06183e-24
4.02354e-24
1.78176e-24
6.97563e-25
2.52021e-25
8.57015e-26
2.77352e-26
1.08873e-26
0.000223576
0.00115914
-0.00136246
-0.00655477
0.000904658
0.0219347
0.0185941
-0.0339534
-0.0798467
-0.0300297
0.144469
0.394508
0.66002
0.899585
1.04337
1.0291
0.859247
0.588599
0.315323
0.120718
0.0241326
0.000184208
1.84846e-08
6.55574e-10
5.16322e-11
-2.39704e-10
-1.37879e-10
-1.82217e-11
1.60886e-14
6.24737e-15
7.31076e-16
1.2251e-16
3.01808e-17
8.73843e-18
2.71854e-18
8.55195e-19
2.65043e-19
8.0486e-20
2.40309e-20
7.1009e-21
2.09065e-21
6.1644e-22
1.82459e-22
5.41808e-23
1.60938e-23
4.76215e-24
1.39764e-24
4.05299e-25
1.15779e-25
4.05384e-26
-0.000199759
0.000936802
0.0016811
-0.00343828
-0.00768398
0.00347945
0.0186857
0.00346237
-0.0448164
-0.0696762
-0.0147494
0.143761
0.391048
0.676224
0.903988
0.962099
0.853066
0.616635
0.354769
0.152384
0.0404657
0.00231845
2.77457e-08
-1.86535e-08
-1.95519e-08
-7.98022e-09
-1.01986e-09
2.05349e-12
7.16541e-13
6.36607e-14
-5.1622e-17
8.47474e-18
1.51031e-17
8.61728e-18
3.70878e-18
1.39413e-18
4.84378e-19
1.6002e-19
5.1107e-20
1.5953e-20
4.90324e-21
1.49083e-21
4.49427e-22
1.34365e-22
3.97953e-23
1.16546e-23
3.36827e-24
9.5889e-25
2.68498e-25
9.20514e-26
-0.000169479
-0.00029575
0.00109707
0.00196203
-0.002249
-0.00663465
0.000898974
0.0153676
0.00956203
-0.0311414
-0.0730238
-0.0508837
0.0833014
0.314332
0.547666
0.657942
0.62059
0.475989
0.292488
0.13781
0.0428041
0.00437568
-5.2549e-07
-5.69023e-07
-2.30317e-07
-3.70005e-08
1.27097e-10
4.43012e-11
4.19912e-12
-1.03789e-14
-2.47652e-15
-2.98078e-16
-4.81089e-17
-7.12401e-18
-2.99416e-19
4.10569e-19
2.57684e-19
1.12054e-19
4.22984e-20
1.48278e-20
4.9765e-21
1.62402e-21
5.19168e-22
1.63024e-22
5.02908e-23
1.52266e-23
4.5193e-24
1.31361e-24
3.73686e-25
1.30368e-25
9.59922e-05
-0.000141294
-0.000665512
0.000360448
0.00217193
0.000299794
-0.00387244
-0.000501422
0.0119198
0.0132079
-0.0133126
-0.0504734
-0.0478061
0.0234147
0.140352
0.232442
0.243369
0.197676
0.123592
0.0575554
0.0175858
0.00174842
-6.64716e-06
-2.86348e-06
-5.98067e-07
-3.83643e-09
1.19239e-09
2.00342e-10
-8.29717e-13
-2.38524e-13
-1.29881e-14
-8.96989e-17
-4.22978e-17
-1.62008e-17
-4.85227e-18
-1.27196e-18
-3.08108e-19
-7.06118e-20
-1.51947e-20
-2.87643e-21
-3.57191e-22
5.37433e-23
6.7999e-23
3.66565e-23
1.58078e-23
6.05879e-24
2.14298e-24
7.12287e-25
2.24846e-25
8.67821e-26
9.76835e-07
8.70765e-05
4.27911e-05
-0.000338141
-0.000330559
0.000448722
0.000292045
-0.00176999
-0.00197486
0.0026357
0.00685927
0.00244918
-0.00986671
-0.0192386
-0.0181472
-0.0101958
-0.00392402
-0.00269789
-0.0031811
-0.00352197
-0.00208162
-0.000611894
-6.57102e-05
4.06999e-07
2.20811e-07
5.36852e-08
3.18739e-09
-4.05069e-11
-1.19698e-11
-8.6209e-13
1.24201e-15
2.0029e-16
3.38692e-17
6.81639e-18
9.6261e-19
-1.24356e-19
-1.78702e-19
-9.81515e-20
-4.26845e-20
-1.64849e-20
-5.86886e-21
-1.95561e-21
-6.14502e-22
-1.82914e-22
-5.17464e-23
-1.39499e-23
-3.59138e-24
-8.84621e-25
-2.08833e-25
-5.67642e-26
1.18174e-06
-4.17765e-06
-7.97049e-06
2.25865e-05
3.05159e-05
-6.83886e-05
-5.57229e-05
0.0002893
0.0003092
-0.000686324
-0.00142887
0.000367414
0.00407931
0.00472683
-0.000682858
-0.010248
-0.0171057
-0.0171707
-0.0128075
-0.00691396
-0.00255744
-0.000410156
7.36017e-06
2.40826e-06
5.24469e-07
3.08884e-08
-1.2974e-09
-4.28045e-10
-2.98898e-11
8.40187e-14
2.05575e-14
8.54364e-16
7.03673e-17
2.54669e-17
8.06733e-18
2.30892e-18
6.02442e-19
1.36655e-19
2.23656e-20
-3.17698e-22
-2.4612e-21
-1.4492e-21
-6.24627e-22
-2.31725e-22
-7.81006e-23
-2.45489e-23
-7.30941e-24
-2.0837e-24
-5.73279e-25
-1.9195e-25
-1.64622e-07
2.3073e-08
1.46633e-06
-8.66217e-07
-6.09384e-06
7.28916e-06
2.08205e-05
-3.78673e-05
-8.94847e-05
9.97233e-05
0.000374147
3.31871e-05
-0.00110726
-0.00163116
0.000138336
0.00433229
0.00867085
0.0102351
0.00890694
0.00590604
0.00289464
0.000934574
0.000112399
-2.8651e-07
-2.07713e-07
-7.92054e-08
-1.28326e-08
1.49935e-11
4.9126e-12
5.57312e-13
-3.35045e-16
-1.34214e-17
2.18575e-17
1.59357e-17
8.19956e-18
3.5448e-18
1.34319e-18
4.53826e-19
1.37654e-19
3.73869e-20
8.93425e-21
1.77839e-21
2.38575e-22
-1.29734e-23
-2.556e-23
-1.26287e-23
-4.77676e-24
-1.58899e-24
-4.88122e-25
-1.81188e-25
)
;

boundaryField
{
    movingWall
    {
        type            zeroGradient;
    }
    fixedWalls
    {
        type            zeroGradient;
    }
    frontAndBack
    {
        type            empty;
    }
}

