/*--------------------------------*- C++ -*----------------------------------*\
| =========                 |                                                 |
| \\      /  F ield         | OpenFOAM: The Open Source CFD Toolbox           |
|  \\    /   O peration     | Version:  v2006                                 |
|   \\  /    A nd           | Website:  www.openfoam.com                      |
|    \\/     M anipulation  |                                                 |
\*---------------------------------------------------------------------------*/
FoamFile
{
    version     2.0;
    format      ascii;
    class       volScalarField;
    location    "0";
    object      f;
}
// * * * * * * * * * * * * * * * * * * * * * * * * * * * * * * * * * * * * * //

dimensions      [0 0 0 0 0 0 0];


internalField   nonuniform List<scalar> 
2500
(
-5.28517e-17
-5.2838e-17
-5.28129e-17
-5.3565e-17
-5.47227e-17
-5.66866e-17
-6.36967e-17
-6.3726e-17
-1.77413e-16
-2.34735e-15
-1.31003e-15
4.43761e-15
6.39502e-15
-9.68615e-15
-2.41285e-14
-2.1008e-15
5.49258e-14
7.91332e-14
3.43701e-14
-3.58255e-14
-2.76926e-13
-5.05536e-13
-2.6854e-13
-7.59944e-14
1.90572e-13
2.8751e-13
1.25501e-13
5.08266e-14
-9.59744e-14
-1.24215e-13
-7.40574e-14
-3.02489e-14
-6.24246e-15
3.15543e-15
8.67532e-15
4.02344e-15
7.82103e-16
1.95124e-16
1.06672e-16
7.67752e-17
5.16578e-17
3.17113e-17
1.84409e-17
1.05413e-17
6.07995e-18
3.57398e-18
2.12726e-18
1.2615e-18
7.32669e-19
4.1121e-19
-5.61547e-17
-5.6128e-17
-5.60616e-17
-5.71247e-17
-5.91989e-17
-6.10332e-17
-6.87292e-17
-4.93529e-17
3.23439e-16
-7.27018e-15
1.03524e-14
5.49828e-14
2.4227e-14
-7.08115e-14
-1.11181e-13
4.74135e-14
2.06983e-13
2.36252e-13
-2.22156e-13
-2.5275e-12
-3.71271e-12
-3.35575e-12
-7.40489e-13
4.36012e-12
3.88975e-12
1.01835e-12
-4.83099e-13
-2.08151e-12
-1.87805e-12
-1.02135e-12
-3.71964e-13
-7.63702e-14
7.52811e-14
1.3449e-13
6.61233e-14
1.15316e-14
3.61593e-17
-8.55205e-17
1.22663e-16
1.50412e-16
1.07075e-16
6.35437e-17
3.52844e-17
1.94072e-17
1.093e-17
6.36853e-18
3.79308e-18
2.25601e-18
1.31076e-18
7.32614e-19
6.52267e-14
6.46372e-14
7.08406e-14
5.72867e-14
4.87027e-14
7.91607e-14
8.93726e-14
6.07439e-14
2.1898e-14
7.45348e-15
2.15461e-13
2.06779e-13
-6.47348e-14
-2.38322e-13
-1.91004e-13
3.70951e-13
2.96198e-13
1.22086e-13
-6.40333e-12
-1.05749e-11
-1.26065e-11
-7.15558e-12
1.55249e-11
2.36119e-11
1.27357e-11
-1.23782e-13
-1.79297e-11
-1.42518e-11
-6.81155e-12
-2.18793e-12
-6.13718e-13
8.70269e-13
1.27046e-12
6.49838e-13
1.39887e-13
-6.63727e-15
-5.86082e-15
-1.01825e-15
3.19662e-16
3.87602e-16
2.31858e-16
1.21008e-16
6.17521e-17
3.23145e-17
1.78757e-17
1.04907e-17
6.36377e-18
3.8484e-18
2.25587e-18
1.26133e-18
7.7149e-13
7.71387e-13
7.79974e-13
7.55785e-13
7.4548e-13
8.20329e-13
8.33412e-13
6.90539e-13
6.24666e-13
8.35592e-13
9.03083e-13
3.39912e-13
-5.66355e-13
-4.42646e-13
2.64337e-12
1.75398e-12
-8.14657e-12
-3.10824e-11
-3.09302e-11
-1.7172e-11
-2.36512e-11
8.59033e-11
9.04202e-11
4.43602e-11
7.52608e-12
-1.01958e-10
-8.02376e-11
-3.41891e-11
-1.04948e-11
1.48185e-12
1.23047e-11
1.09069e-11
5.27489e-12
1.23932e-12
-1.40595e-13
-1.08748e-13
-2.2826e-14
6.05733e-16
2.70694e-15
1.22812e-15
4.6576e-16
1.99284e-16
9.24164e-17
4.65519e-17
2.60534e-17
1.59808e-17
1.01718e-17
6.36345e-18
3.79266e-18
2.12688e-18
2.66821e-12
2.67885e-12
2.63519e-12
2.69356e-12
2.75395e-12
2.73387e-12
2.6759e-12
2.37788e-12
2.74674e-12
3.56461e-12
1.95662e-12
-1.46008e-12
-1.27196e-12
1.36987e-11
3.31392e-11
6.61758e-12
-9.56032e-11
-1.57896e-10
-7.43977e-11
2.54995e-10
7.74499e-10
6.92701e-10
2.24894e-10
-3.35841e-10
-7.90374e-10
-5.36942e-10
-1.56096e-10
-1.15376e-11
1.77224e-10
1.72572e-10
1.0025e-10
4.11871e-11
9.48082e-12
-2.60979e-12
-1.67259e-12
-3.5419e-13
6.1771e-15
3.63153e-14
1.50182e-14
2.66485e-15
5.86269e-16
2.3014e-16
1.0462e-16
5.42882e-17
3.33671e-17
2.29897e-17
1.59801e-17
1.04897e-17
6.36763e-18
3.57324e-18
5.94403e-12
5.99107e-12
5.77593e-12
6.09316e-12
6.38178e-12
5.91872e-12
5.65204e-12
5.38934e-12
7.05799e-12
9.38681e-12
1.83512e-12
-7.79932e-12
1.70637e-11
7.34421e-11
1.17053e-10
1.42866e-11
-3.48251e-10
-3.77738e-10
1.32528e-09
4.09469e-09
5.36961e-09
2.28636e-09
-2.51665e-09
-5.17174e-09
-3.79604e-09
-1.13718e-09
7.02357e-10
2.1756e-09
1.60244e-09
7.83839e-10
2.92933e-10
6.99695e-11
-3.74156e-11
-2.28243e-11
-4.98323e-12
-2.71603e-16
3.61659e-13
1.73845e-13
3.2934e-14
1.54183e-15
1.98569e-16
1.27239e-16
7.25134e-17
4.73677e-17
3.87783e-17
3.33657e-17
2.60514e-17
1.78737e-17
1.09283e-17
6.07864e-18
9.89038e-12
1.00035e-11
9.49137e-12
1.02431e-11
1.09217e-11
9.57096e-12
8.98353e-12
9.15828e-12
1.34553e-11
1.80661e-11
-3.94746e-12
-1.43806e-11
7.27211e-11
1.89653e-10
2.45318e-10
1.91969e-12
-6.63813e-10
1.31387e-09
8.1253e-09
1.44955e-08
1.48684e-08
3.56199e-09
-1.57492e-08
-1.72929e-08
-7.15011e-09
2.503e-09
1.48496e-08
1.09853e-08
4.58757e-09
1.46975e-09
4.33862e-10
-4.45706e-10
-2.6766e-10
-5.96553e-11
-1.57079e-12
2.70133e-12
1.48754e-12
3.49678e-13
1.9658e-14
-7.59947e-16
-1.87978e-16
-1.68976e-17
1.37869e-17
2.96716e-17
4.73655e-17
5.42845e-17
4.65479e-17
3.23108e-17
1.94043e-17
1.05392e-17
1.18173e-11
1.19779e-11
1.12821e-11
1.22946e-11
1.3192e-11
1.12757e-11
1.0454e-11
1.10956e-11
1.7457e-11
2.30423e-11
-1.69878e-11
-1.01676e-11
1.35054e-10
2.63661e-10
3.23657e-10
-4.92685e-10
2.65425e-09
1.68821e-08
2.36632e-08
2.29481e-08
2.19978e-08
-2.37421e-08
-4.0904e-08
-2.79592e-08
1.26686e-08
9.41202e-08
6.67494e-08
2.21398e-08
6.06429e-09
-3.78794e-10
-5.72075e-09
-3.10043e-09
-6.32845e-10
-1.76262e-11
1.78711e-11
1.03076e-11
2.75719e-12
2.33715e-13
-1.20772e-14
-3.58449e-15
-3.91245e-16
-4.0253e-17
-2.28135e-17
1.37845e-17
7.25083e-17
1.04613e-16
9.24092e-17
6.17461e-17
3.52799e-17
1.84377e-17
-8.94628e-09
-8.93344e-09
-8.89711e-09
-8.96676e-09
-9.06424e-09
-8.96901e-09
-8.56374e-09
-8.62302e-09
-9.90297e-09
-1.07596e-08
-7.59131e-09
-3.83917e-09
-6.06467e-09
-2.1615e-08
-4.45989e-08
-3.43406e-08
3.39226e-08
6.43377e-08
4.32109e-08
-1.11422e-07
-3.48632e-07
-2.25554e-07
-4.13999e-08
1.69803e-07
5.9471e-07
4.5229e-07
1.31701e-07
-2.98898e-08
-1.16943e-07
-9.54279e-08
-4.01958e-08
-7.58858e-09
-1.1068e-10
1.07604e-10
6.47501e-11
1.90538e-11
2.03791e-12
-1.2048e-13
-4.77231e-14
-5.06718e-15
8.43998e-16
2.9436e-16
-4.0253e-17
-1.69009e-17
1.27232e-16
2.30128e-16
1.99272e-16
1.20999e-16
6.35371e-17
3.17068e-17
-3.88485e-07
-3.88445e-07
-3.88221e-07
-3.88615e-07
-3.89102e-07
-3.88127e-07
-3.86568e-07
-3.88703e-07
-3.93908e-07
-3.92557e-07
-3.75897e-07
-3.62756e-07
-4.10121e-07
-4.77025e-07
-4.60442e-07
-2.2382e-07
9.03543e-08
1.01995e-07
-1.00872e-06
-2.51753e-06
-2.73381e-06
-7.74391e-07
2.3896e-06
3.55543e-06
2.72885e-06
8.77247e-07
-1.023e-06
-1.56243e-06
-1.06293e-06
-4.51632e-07
-1.05645e-07
-4.84849e-09
5.34789e-10
3.45306e-10
1.21984e-10
1.92242e-11
-6.46619e-13
-3.14891e-13
-6.4187e-14
5.33538e-15
4.06541e-15
8.43996e-16
-3.91233e-16
-1.87975e-16
1.98563e-16
5.86247e-16
4.65737e-16
2.31843e-16
1.07065e-16
5.16519e-17
-1.70306e-06
-1.70322e-06
-1.70314e-06
-1.70312e-06
-1.70276e-06
-1.70064e-06
-1.70448e-06
-1.71342e-06
-1.70348e-06
-1.67327e-06
-1.68242e-06
-1.75551e-06
-1.8886e-06
-1.86702e-06
-1.44158e-06
-6.03331e-07
8.59936e-08
-2.05282e-06
-6.52284e-06
-9.56254e-06
-8.32171e-06
1.71584e-07
1.14688e-05
1.34681e-05
5.96034e-06
-4.81402e-06
-8.96965e-06
-6.70657e-06
-3.24329e-06
-1.03146e-06
-1.40431e-07
1.94853e-09
1.34183e-09
5.97155e-10
1.54132e-10
6.92586e-12
-5.69272e-13
-2.69225e-13
2.44935e-14
1.72074e-14
5.33551e-15
-5.06694e-15
-3.58434e-15
-7.59922e-16
1.54176e-15
2.66473e-15
1.22806e-15
3.87581e-16
1.50401e-16
7.67682e-17
-3.94452e-06
-3.94522e-06
-3.94592e-06
-3.94416e-06
-3.94074e-06
-3.93814e-06
-3.95756e-06
-3.97821e-06
-3.92234e-06
-3.82801e-06
-3.9353e-06
-4.2293e-06
-4.46705e-06
-4.19681e-06
-2.5996e-06
-9.12725e-07
-2.6695e-06
-9.68072e-06
-1.79508e-05
-2.11035e-05
-1.27647e-05
9.10921e-06
2.56828e-05
2.6961e-05
6.08463e-06
-2.91617e-05
-2.62588e-05
-1.45065e-05
-5.72106e-06
-1.46773e-06
-9.90292e-08
2.11563e-09
1.70848e-09
7.54794e-10
1.65119e-10
2.00103e-12
2.73574e-13
6.70182e-13
3.40903e-13
2.44949e-14
-6.41851e-14
-4.77216e-14
-1.20768e-14
1.96571e-14
3.29326e-14
1.50175e-14
2.70681e-15
3.19646e-16
1.22654e-16
1.06665e-16
-5.78909e-06
-5.79043e-06
-5.79275e-06
-5.78837e-06
-5.7788e-06
-5.77763e-06
-5.82298e-06
-5.85697e-06
-5.72476e-06
-5.54043e-06
-5.80973e-06
-6.44093e-06
-6.76042e-06
-5.99697e-06
-2.96902e-06
-9.17557e-07
-9.56035e-06
-2.33973e-05
-3.00309e-05
-2.83302e-05
6.13906e-06
4.17392e-05
3.39531e-05
1.75891e-05
-0.000125512
-7.65433e-05
-3.88241e-05
-1.71623e-05
-6.18156e-06
-1.46153e-06
-4.09715e-08
2.43663e-09
1.78031e-09
8.16436e-10
1.95346e-10
6.58567e-12
3.62666e-12
2.58311e-12
6.70186e-13
-2.6922e-13
-3.14884e-13
-1.20477e-13
2.33707e-13
3.49666e-13
1.73838e-13
3.63138e-14
6.05677e-16
-1.01822e-15
-8.55177e-17
1.95116e-16
-2.13254e-06
-2.13514e-06
-2.14809e-06
-2.13401e-06
-2.08317e-06
-2.10041e-06
-2.28953e-06
-2.35727e-06
-1.79732e-06
-1.21816e-06
-2.25683e-06
-4.48653e-06
-4.82362e-06
5.85995e-07
1.177e-05
9.66955e-06
-1.6965e-05
-3.3466e-05
-2.20536e-05
0.000124721
0.000251767
9.64057e-05
-0.000409328
-0.000996207
-0.000841381
-3.26024e-05
0.00128698
0.00257143
0.00320713
0.00311612
0.00249895
0.00164538
0.000868202
0.000341433
7.80762e-05
1.53372e-06
1.06051e-11
3.62665e-12
2.73561e-13
-5.6927e-13
-6.46605e-13
2.03784e-12
2.7571e-12
1.48749e-12
3.61646e-13
6.17667e-15
-2.28255e-14
-5.86068e-15
3.61702e-17
7.82081e-16
0.000208179
0.00020813
0.000207975
0.000208309
0.000208958
0.000207928
0.000205576
0.000207436
0.000215042
0.000214811
0.000196428
0.000181193
0.000207692
0.000273534
0.000280659
0.000159137
-8.1158e-06
-1.26773e-05
0.000548812
0.00125392
0.0011677
-0.000469675
-0.00329857
-0.00479984
-0.00274774
0.00443243
0.015616
0.0267842
0.0332729
0.0333602
0.0287624
0.0210597
0.0129328
0.00642748
0.00234588
0.000439235
1.53372e-06
6.58507e-12
2.00052e-12
6.92537e-12
1.92235e-11
1.90532e-11
1.03073e-11
2.70124e-12
-2.74298e-16
-3.54185e-13
-1.08747e-13
-6.63722e-15
1.15313e-14
4.02331e-15
0.000973535
0.000973327
0.000972865
0.000974282
0.000976297
0.000971542
0.000964047
0.000974917
0.00100007
0.000986946
0.000915626
0.000894641
0.00103523
0.00121717
0.00111058
0.000586088
9.47026e-05
0.000669967
0.00249208
0.00406725
0.00297399
-0.00251653
-0.0101577
-0.0133373
-0.00526422
0.018504
0.0541096
0.0897643
0.111507
0.112821
0.0991537
0.0746
0.0475132
0.024864
0.00990337
0.00234588
7.80763e-05
1.95342e-10
1.65113e-10
1.54127e-10
1.21981e-10
6.47482e-11
1.78705e-11
-1.57075e-12
-4.98316e-12
-1.67257e-12
-1.40595e-13
1.39883e-13
6.61211e-14
8.67501e-15
0.00247214
0.00247162
0.00247068
0.0024742
0.00247841
0.00246625
0.00245026
0.00248017
0.00253592
0.00248908
0.00232127
0.00231482
0.00268747
0.00304832
0.002624
0.00131262
0.000668388
0.00239187
0.00638904
0.00903506
0.0054728
-0.00674859
-0.0222413
-0.0270597
-0.00750685
0.0453989
0.123347
0.201691
0.250849
0.25525
0.226596
0.172868
0.112085
0.0600872
0.024864
0.00642748
0.000341434
8.16435e-10
7.54781e-10
5.97142e-10
3.45297e-10
1.076e-10
-1.76254e-11
-5.96542e-11
-2.2824e-11
-2.60978e-12
1.23929e-12
6.4982e-13
1.34486e-13
3.15523e-15
0.00457714
0.00457617
0.00457461
0.00458118
0.00458818
0.00456522
0.00453824
0.00459684
0.00469362
0.00459127
0.00429061
0.00432405
0.00504683
0.00560995
0.00462915
0.00230261
0.00154608
0.00510807
0.0121153
0.0157002
0.00822075
-0.0133252
-0.0386732
-0.0443689
-0.00833638
0.0843346
0.219718
0.356611
0.444648
0.45478
0.406782
0.313451
0.20576
0.112085
0.0475132
0.0129328
0.000868202
1.78034e-09
1.70848e-09
1.3418e-09
5.34776e-10
-1.10669e-10
-6.3283e-10
-2.67655e-10
-3.74152e-11
9.48059e-12
5.27476e-12
1.27042e-12
7.52777e-14
-6.24216e-15
0.00668043
0.00667898
0.00667675
0.00668665
0.00669651
0.00666175
0.00662352
0.00671413
0.00685385
0.00668619
0.00624189
0.00633758
0.00745462
0.00819024
0.00655745
0.0031349
0.00241919
0.00814941
0.0183005
0.0224884
0.0103499
-0.0210822
-0.0560479
-0.0616575
-0.00761293
0.127327
0.324039
0.524694
0.656958
0.675651
0.608398
0.472787
0.313451
0.172868
0.0746
0.0210597
0.00164538
2.4367e-09
2.11564e-09
1.94849e-09
-4.84822e-09
-7.58838e-09
-3.10037e-09
-4.457e-10
6.99683e-11
4.11863e-11
1.09066e-11
8.7024e-13
-7.63665e-14
-3.02474e-14
0.00785041
0.00784862
0.00784588
0.00785811
0.00787017
0.00782698
0.00778054
0.00789429
0.00806517
0.00784871
0.00730022
0.0074475
0.00885562
0.00971329
0.00756688
0.00334288
0.00274628
0.010171
0.0226565
0.0269998
0.0111233
-0.0275796
-0.069265
-0.0745406
-0.00686275
0.160342
0.405058
0.657635
0.828441
0.857416
0.776987
0.608398
0.406782
0.226596
0.0991537
0.0287624
0.00249895
-4.09662e-08
-9.90234e-08
-1.40426e-07
-1.05642e-07
-4.01949e-08
-5.72066e-09
4.33855e-10
2.92928e-10
1.00248e-10
1.23044e-11
-6.13695e-13
-3.71949e-13
-7.40538e-14
0.00747885
0.00747698
0.00747393
0.00748672
0.00750009
0.00745474
0.00740364
0.00752398
0.00770852
0.00747879
0.00688823
0.00704499
0.00855826
0.00947228
0.00716096
0.00254934
0.00201403
0.0100679
0.0231413
0.0274282
0.0104947
-0.0301077
-0.0739533
-0.079794
-0.00831139
0.169894
0.434142
0.710992
0.902907
0.940879
0.857416
0.675651
0.45478
0.25525
0.112821
0.0333601
0.00311612
-1.46149e-06
-1.4677e-06
-1.03144e-06
-4.51623e-07
-9.54261e-08
-3.7878e-10
1.46973e-09
7.83829e-10
1.72569e-10
1.48175e-12
-2.18786e-12
-1.02131e-12
-1.24208e-13
0.00480865
0.00480711
0.00480404
0.00481457
0.00482798
0.00479062
0.00474142
0.00483913
0.00500954
0.00483091
0.00430441
0.00438862
0.00568964
0.00659328
0.00469334
0.000676449
-9.63917e-05
0.00659785
0.0181755
0.022728
0.00906094
-0.0267931
-0.0678942
-0.0767359
-0.0152315
0.147677
0.396825
0.664752
0.857091
0.902907
0.828441
0.656957
0.444648
0.250849
0.111507
0.0332729
0.00320713
-6.18148e-06
-5.72098e-06
-3.24324e-06
-1.06291e-06
-1.16941e-07
6.06425e-09
4.58753e-09
1.60242e-09
1.7722e-10
-1.04946e-11
-6.81134e-12
-1.87798e-12
-9.59686e-14
0.000963644
0.000962815
0.000960238
0.000965979
0.000977167
0.000957084
0.000918254
0.000967482
0.00109097
0.00101858
0.000666887
0.000621831
0.00138333
0.00214347
0.0012791
-0.00129687
-0.00257316
0.000812003
0.00858724
0.0139919
0.0075119
-0.016527
-0.0497706
-0.0643697
-0.0268656
0.0916795
0.285187
0.502086
0.664752
0.710992
0.657635
0.524694
0.356611
0.201691
0.0897643
0.0267842
0.00257143
-1.71621e-05
-1.45063e-05
-6.70649e-06
-1.56241e-06
-2.98883e-08
2.21396e-08
1.09852e-08
2.17556e-09
-1.15383e-11
-3.41883e-11
-1.42513e-11
-2.08142e-12
5.08254e-14
-0.00207888
-0.00207895
-0.00208062
-0.00208004
-0.00207285
-0.00207418
-0.00209715
-0.0020994
-0.00203908
-0.00200285
-0.0021288
-0.00230532
-0.00216261
-0.00162021
-0.00139121
-0.00228242
-0.00395722
-0.00425697
-0.000901156
0.00495618
0.00664062
-0.00353714
-0.026502
-0.0463396
-0.0366639
0.0261171
0.144006
0.285187
0.396825
0.434142
0.405058
0.324039
0.219718
0.123347
0.0541096
0.015616
0.00128698
-3.88238e-05
-2.62586e-05
-8.96955e-06
-1.02298e-06
1.31699e-07
6.67485e-08
1.48494e-08
7.02347e-10
-1.56092e-10
-8.02356e-11
-1.79292e-11
-4.83054e-13
1.25499e-13
-0.00296582
-0.00296541
-0.00296602
-0.00296883
-0.0029662
-0.00295535
-0.00296158
-0.00299682
-0.00299347
-0.00289478
-0.00284574
-0.00306179
-0.00334705
-0.00308514
-0.0021663
-0.00185591
-0.00349131
-0.00614094
-0.0061733
-0.000997528
0.00625191
0.00649153
-0.00618546
-0.0269139
-0.0375325
-0.0216264
0.0261171
0.0916795
0.147677
0.169894
0.160342
0.127327
0.0843346
0.0453989
0.018504
0.00443243
-3.26014e-05
-7.65427e-05
-2.91615e-05
-4.81397e-06
8.77239e-07
4.52284e-07
9.41188e-08
2.50291e-09
-1.13716e-09
-5.3693e-10
-1.01955e-10
-1.23562e-13
1.01833e-12
2.87499e-13
-0.00186174
-0.00186122
-0.00186087
-0.00186455
-0.00186598
-0.00185242
-0.0018453
-0.00188543
-0.00191936
-0.00182692
-0.00168962
-0.00182925
-0.00226625
-0.00228296
-0.00131787
-0.000369724
-0.001365
-0.00450334
-0.00619737
-0.00279835
0.00501213
0.0100939
0.00577294
-0.00910885
-0.0271412
-0.0375325
-0.0366639
-0.0268656
-0.0152315
-0.00831139
-0.00686275
-0.00761292
-0.00833637
-0.00750684
-0.00526421
-0.00274774
-0.000841379
-0.000125511
6.08472e-06
5.9603e-06
2.72882e-06
5.94702e-07
1.26678e-08
-7.15003e-09
-3.79598e-09
-7.90356e-10
7.52732e-12
1.27356e-11
3.88965e-12
1.90559e-13
-5.13645e-05
-5.10698e-05
-5.0212e-05
-5.23871e-05
-5.60189e-05
-4.82676e-05
-3.54365e-05
-5.54145e-05
-9.7762e-05
-6.39104e-05
6.18996e-05
5.55502e-05
-0.000242883
-0.000444084
1.8096e-05
0.000835431
0.000740921
-0.000974552
-0.00276244
-0.00197619
0.00234947
0.00752782
0.00879677
0.0034686
-0.00910885
-0.0269139
-0.0463396
-0.0643697
-0.0767359
-0.079794
-0.0745406
-0.0616575
-0.0443689
-0.0270597
-0.0133373
-0.00479984
-0.000996205
1.75892e-05
2.69609e-05
1.3468e-05
3.5554e-06
1.69799e-07
-2.79588e-08
-1.72927e-08
-5.17166e-09
-3.35829e-10
4.43591e-11
2.36112e-11
4.35994e-12
-7.59945e-14
0.000785628
0.000785618
0.000786344
0.000786413
0.000783157
0.000782697
0.000793103
0.000797256
0.000770221
0.000746918
0.000801339
0.000887819
0.000833013
0.00060485
0.000521603
0.000861899
0.00137928
0.00138613
0.000476975
-0.000766831
-0.000721931
0.00180622
0.00612244
0.00879677
0.00577294
-0.00618546
-0.026502
-0.0497706
-0.0678942
-0.0739533
-0.069265
-0.0560479
-0.0386732
-0.0222413
-0.0101577
-0.00329857
-0.000409328
3.39527e-05
2.56825e-05
1.14687e-05
2.38958e-06
-4.13992e-08
-4.09032e-08
-1.57488e-08
-2.51659e-09
2.24888e-10
9.04173e-11
1.55243e-11
-7.40491e-13
-2.68537e-13
0.000250627
0.000250392
0.000250706
0.000252283
0.000250835
0.000244922
0.00024846
0.000267099
0.000264076
0.000214514
0.000193587
0.000297512
0.000425037
0.000303616
-0.000101129
-0.000206363
0.000435344
0.00134038
0.00120154
-0.00052676
-0.00247529
-0.00216674
0.00180622
0.00752782
0.0100939
0.00649153
-0.00353714
-0.016527
-0.0267931
-0.0301077
-0.0275796
-0.0210822
-0.0133252
-0.00674861
-0.00251655
-0.000469681
9.64036e-05
4.17382e-05
9.10895e-06
1.71524e-07
-7.74392e-07
-2.25552e-07
-2.37413e-08
3.56212e-09
2.28636e-09
6.92687e-10
8.58993e-11
-7.15541e-12
-3.35568e-12
-5.05522e-13
-0.000950189
-0.00095046
-0.000950494
-0.000948645
-0.000948596
-0.000955173
-0.000956579
-0.000938326
-0.000927476
-0.000968751
-0.00101792
-0.000952758
-0.000799908
-0.000822099
-0.00113636
-0.00136739
-0.00104973
-0.000340169
-0.000163374
-0.00104345
-0.00236422
-0.00247528
-0.000721929
0.00234947
0.00501212
0.0062519
0.00664063
0.00751192
0.00906097
0.0104947
0.0111233
0.0103499
0.00822072
0.00547277
0.00297397
0.00116769
0.000251763
6.1381e-06
-1.27647e-05
-8.32176e-06
-2.73381e-06
-3.48625e-07
2.19977e-08
1.48682e-08
5.36954e-09
7.74486e-10
-2.36507e-11
-1.26063e-11
-3.71266e-12
-2.76919e-13
-0.00166453
-0.00166473
-0.00166476
-0.00166346
-0.00166342
-0.00166772
-0.00166876
-0.00165758
-0.00165066
-0.0016736
-0.00170059
-0.00167263
-0.00160489
-0.00159864
-0.00168335
-0.00177357
-0.00177655
-0.00177154
-0.00178434
-0.00160736
-0.00104344
-0.000526753
-0.000766828
-0.00197619
-0.00279836
-0.000997537
0.00495619
0.013992
0.022728
0.0274282
0.0269998
0.0224883
0.0157002
0.00903503
0.00406723
0.00125391
0.000124716
-2.83303e-05
-2.11039e-05
-9.56268e-06
-2.51753e-06
-1.11415e-07
2.29483e-08
1.44954e-08
4.09462e-09
2.54978e-10
-1.71722e-11
-1.05749e-11
-2.52749e-12
-3.58215e-14
-0.00164697
-0.00164712
-0.00164697
-0.00164616
-0.00164688
-0.0016497
-0.00164793
-0.00164052
-0.00164277
-0.00165941
-0.00165865
-0.00163453
-0.00162559
-0.00165331
-0.00164551
-0.00156708
-0.00162853
-0.00200467
-0.00232613
-0.00178434
-0.00016337
0.00120155
0.000476978
-0.00276245
-0.00619739
-0.00617331
-0.000901148
0.00858727
0.0181755
0.0231413
0.0226565
0.0183005
0.0121153
0.00638901
0.00249206
0.000548803
-2.20608e-05
-3.0029e-05
-1.7951e-05
-6.52308e-06
-1.00874e-06
4.321e-08
2.36631e-08
8.12536e-09
1.32527e-09
-7.4396e-11
-3.09297e-11
-6.40332e-12
-2.22173e-13
3.43683e-14
-0.00138934
-0.00138949
-0.00138917
-0.00138823
-0.00138967
-0.0013929
-0.00138885
-0.00137983
-0.00138732
-0.00141005
-0.00140285
-0.00135386
-0.00134764
-0.00142581
-0.00146187
-0.00134541
-0.0012734
-0.00156344
-0.00200467
-0.00177154
-0.000340165
0.00134038
0.00138614
-0.000974558
-0.00450336
-0.00614095
-0.00425696
0.000812028
0.00659788
0.010068
0.010171
0.00814939
0.00510803
0.00239184
0.000669948
-1.26859e-05
-3.3469e-05
-2.33993e-05
-9.68149e-06
-2.05298e-06
1.01985e-07
6.4335e-08
1.68823e-08
1.31402e-09
-3.77738e-10
-1.57897e-10
-3.10826e-11
1.22115e-13
2.36243e-13
7.91284e-14
-0.00133792
-0.00133811
-0.00133778
-0.00133655
-0.0013379
-0.00134223
-0.00133886
-0.00132622
-0.00133114
-0.00136311
-0.00136507
-0.0013018
-0.00126227
-0.00134534
-0.00145722
-0.00140514
-0.00123635
-0.0012734
-0.00162853
-0.00177655
-0.00104972
0.000435349
0.00137929
0.000740915
-0.00136501
-0.00349132
-0.00395721
-0.00257314
-9.63627e-05
0.00201405
0.00274628
0.00241916
0.00154604
0.000668355
9.46802e-05
-8.12276e-06
-1.69688e-05
-9.56212e-06
-2.67018e-06
8.5874e-08
9.03173e-08
3.39209e-08
2.65588e-09
-6.63793e-10
-3.48253e-10
-9.56117e-11
-8.14868e-12
2.96163e-13
2.0697e-13
5.4924e-14
-0.00143725
-0.00143746
-0.00143723
-0.00143588
-0.0014368
-0.00144156
-0.0014396
-0.00142599
-0.00142683
-0.00145909
-0.00147176
-0.00141433
-0.00135464
-0.00141217
-0.00154617
-0.00155451
-0.00140514
-0.00134541
-0.00156708
-0.00177357
-0.00136739
-0.000206356
0.000861902
0.000835426
-0.000369738
-0.00185592
-0.00228241
-0.00129685
0.000676479
0.00254936
0.00334287
0.00313488
0.00230258
0.00131258
0.000586065
0.000159126
9.66674e-06
-9.18485e-07
-9.13321e-07
-6.03525e-07
-2.23843e-07
-3.43322e-08
-4.92534e-10
1.93408e-12
1.42738e-11
6.6104e-12
1.75313e-12
3.70892e-13
4.74247e-14
-2.09719e-15
-0.00145532
-0.00145552
-0.00145534
-0.00145408
-0.00145481
-0.00145917
-0.00145776
-0.00144552
-0.00144536
-0.00147328
-0.0014866
-0.00143968
-0.00138662
-0.00142697
-0.00153553
-0.00154617
-0.00145722
-0.00146187
-0.00164551
-0.00168335
-0.00113635
-0.000101121
0.000521607
1.809e-05
-0.00131788
-0.00216631
-0.0013912
0.00127913
0.00469337
0.00716097
0.00756687
0.00655742
0.00462911
0.00262397
0.00111056
0.000280647
1.17674e-05
-2.96947e-06
-2.60001e-06
-1.44179e-06
-4.6049e-07
-4.45963e-08
3.23568e-10
2.4527e-10
1.17043e-10
3.31394e-11
2.64396e-12
-1.90978e-13
-1.11167e-13
-2.4126e-14
-0.00136459
-0.00136476
-0.00136456
-0.00136347
-0.0013643
-0.00136808
-0.00136618
-0.00135566
-0.00135717
-0.00138191
-0.00138899
-0.00134559
-0.00130884
-0.00135319
-0.00142697
-0.00141217
-0.00134533
-0.00142581
-0.00165331
-0.00159863
-0.000822094
0.000303623
0.000604853
-0.00044409
-0.00228298
-0.00308514
-0.0016202
0.00214349
0.00659331
0.0094723
0.00971329
0.00819022
0.00560991
0.00304829
0.00121715
0.000273523
5.84147e-07
-5.99772e-06
-4.19727e-06
-1.86722e-06
-4.7707e-07
-2.16162e-08
2.63661e-10
1.89652e-10
7.34404e-11
1.36982e-11
-4.42687e-13
-2.38309e-13
-7.0803e-14
-9.68538e-15
-0.0013106
-0.00131077
-0.00131053
-0.00130945
-0.00131046
-0.00131421
-0.00131177
-0.00130117
-0.00130408
-0.00132989
-0.00133384
-0.00128632
-0.00125271
-0.00130884
-0.00138662
-0.00135464
-0.00126227
-0.00134764
-0.00162558
-0.00160489
-0.000799904
0.000425043
0.000833016
-0.000242888
-0.00226626
-0.00334706
-0.0021626
0.00138335
0.00568967
0.00855828
0.00885561
0.00745459
0.00504679
0.00268744
0.0010352
0.000207682
-4.82541e-06
-6.76148e-06
-4.46767e-06
-1.88883e-06
-4.10158e-07
-6.06364e-09
1.35071e-10
7.27252e-11
1.70636e-11
-1.2722e-12
-5.66414e-13
-6.47e-14
2.42289e-14
6.39515e-15
-0.00135175
-0.00135193
-0.00135169
-0.00135052
-0.00135154
-0.00135561
-0.00135316
-0.00134167
-0.00134428
-0.0013722
-0.00137808
-0.00132667
-0.00128633
-0.00134559
-0.00143968
-0.00141433
-0.0013018
-0.00135386
-0.00163453
-0.00167262
-0.000952753
0.000297519
0.000887822
5.55448e-05
-0.00182926
-0.00306179
-0.00230531
0.000621856
0.00438865
0.00704501
0.0074475
0.00633755
0.00432402
0.00231479
0.000894619
0.000181183
-4.48851e-06
-6.44208e-06
-4.22997e-06
-1.75576e-06
-3.62792e-07
-3.83798e-09
-1.01664e-11
-1.43802e-11
-7.79881e-12
-1.45974e-12
3.39987e-13
2.06804e-13
5.49901e-14
4.43784e-15
-0.00140096
-0.00140114
-0.00140092
-0.00139971
-0.00140067
-0.00140487
-0.00140267
-0.00139085
-0.00139272
-0.00142098
-0.00142889
-0.00137808
-0.00133384
-0.00138899
-0.0014866
-0.00147176
-0.00136507
-0.00140285
-0.00165865
-0.00170059
-0.00101792
0.000193594
0.000801342
6.18944e-05
-0.00168963
-0.00284575
-0.00212879
0.000666911
0.00430444
0.00688824
0.00730021
0.00624187
0.00429058
0.00232124
0.000915604
0.000196417
-2.25897e-06
-5.81086e-06
-3.93597e-06
-1.68267e-06
-3.75936e-07
-7.58961e-09
-1.69848e-11
-3.94662e-12
1.83526e-12
1.95652e-12
9.03019e-13
2.15451e-13
1.03525e-14
-1.3102e-15
-0.00139394
-0.00139412
-0.00139391
-0.00139273
-0.00139365
-0.00139774
-0.00139563
-0.00138416
-0.00138589
-0.0014132
-0.00142098
-0.0013722
-0.00132989
-0.00138191
-0.00147328
-0.00145909
-0.00136311
-0.00141005
-0.00165941
-0.0016736
-0.000968747
0.000214521
0.000746921
-6.39181e-05
-0.00182693
-0.00289478
-0.00200284
0.00101861
0.00483093
0.0074788
0.00784871
0.00668617
0.00459124
0.00248905
0.000986924
0.0002148
-1.22018e-06
-5.54143e-06
-3.82861e-06
-1.6735e-06
-3.92597e-07
-1.07582e-08
2.30452e-11
1.80681e-11
9.38753e-12
3.5647e-12
8.35516e-13
7.42589e-15
-7.27486e-15
-2.34803e-15
-0.00136664
-0.00136682
-0.0013666
-0.00136545
-0.00136638
-0.00137038
-0.00136821
-0.00135697
-0.00135898
-0.00138589
-0.00139272
-0.00134428
-0.00130408
-0.00135717
-0.00144537
-0.00142683
-0.00133114
-0.00138731
-0.00164277
-0.00165066
-0.000927475
0.000264088
0.000770227
-9.77788e-05
-0.00191938
-0.00299348
-0.00203906
0.001091
0.00500957
0.00770853
0.00806517
0.00685383
0.00469359
0.00253589
0.00100004
0.000215031
-1.7992e-06
-5.72566e-06
-3.92288e-06
-1.70369e-06
-3.93945e-07
-9.90202e-09
1.74642e-11
1.34596e-11
7.05956e-12
2.74704e-12
6.24605e-13
2.18735e-14
3.23247e-16
-1.77597e-16
-0.00136462
-0.0013648
-0.00136458
-0.00136342
-0.00136438
-0.0013684
-0.00136616
-0.00135484
-0.00135697
-0.00138416
-0.00139085
-0.00134167
-0.00130117
-0.00135566
-0.00144552
-0.00142599
-0.00132622
-0.00137983
-0.00164052
-0.00165757
-0.000938331
0.000267116
0.000797266
-5.54454e-05
-0.00188547
-0.00299682
-0.00209937
0.000967518
0.00483917
0.007524
0.00789429
0.00671411
0.00459681
0.00248014
0.000974895
0.000207425
-2.35904e-06
-5.85782e-06
-3.9787e-06
-1.71361e-06
-3.88737e-07
-8.62235e-09
1.10999e-11
9.16082e-12
5.39023e-12
2.37807e-12
6.90533e-13
6.07287e-14
-4.92778e-17
-6.3693e-17
-0.00137601
-0.00137619
-0.00137597
-0.0013748
-0.00137575
-0.00137982
-0.00137759
-0.00136616
-0.00136821
-0.00139563
-0.00140267
-0.00135316
-0.00131177
-0.00136618
-0.00145776
-0.00143959
-0.00133885
-0.00138885
-0.00164793
-0.00166875
-0.000956586
0.00024848
0.000793114
-3.5473e-05
-0.00184534
-0.00296158
-0.00209712
0.000918292
0.00474146
0.00740366
0.00778053
0.0066235
0.00453821
0.00245023
0.000964025
0.000205565
-2.29134e-06
-5.82383e-06
-3.95806e-06
-1.70467e-06
-3.86602e-07
-8.56314e-09
1.04556e-11
8.98427e-12
5.65229e-12
2.67602e-12
8.33463e-13
8.9382e-14
-6.86959e-17
-6.36627e-17
-0.00137822
-0.0013784
-0.00137818
-0.00137701
-0.00137795
-0.00138201
-0.00137982
-0.0013684
-0.00137038
-0.00139774
-0.00140487
-0.00135561
-0.00131421
-0.00136808
-0.00145917
-0.00144156
-0.00134223
-0.0013929
-0.0016497
-0.00166772
-0.000955173
0.000244934
0.000782703
-4.82862e-05
-0.00185245
-0.00295535
-0.00207417
0.000957113
0.00479065
0.00745476
0.00782698
0.00666173
0.00456519
0.00246621
0.00097152
0.000207917
-2.10225e-06
-5.77851e-06
-3.93866e-06
-1.70084e-06
-3.88163e-07
-8.96827e-09
1.12792e-11
9.57305e-12
5.91947e-12
2.73406e-12
8.20352e-13
7.91552e-14
-6.09941e-17
-5.66455e-17
-0.00137417
-0.00137435
-0.00137412
-0.00137296
-0.0013739
-0.00137795
-0.00137575
-0.00136438
-0.00136638
-0.00139365
-0.00140067
-0.00135154
-0.00131046
-0.0013643
-0.00145481
-0.00143679
-0.00133789
-0.00138967
-0.00164688
-0.00166342
-0.000948588
0.000250838
0.000783158
-5.60147e-05
-0.00186598
-0.00296621
-0.00207285
0.000977188
0.00482801
0.00750011
0.00787016
0.00669649
0.00458815
0.00247838
0.000976275
0.000208947
-2.08502e-06
-5.77969e-06
-3.94127e-06
-1.70296e-06
-3.89138e-07
-9.06344e-09
1.31969e-11
1.09247e-11
6.38283e-12
2.75417e-12
7.45463e-13
4.86816e-14
-5.91624e-17
-5.46811e-17
-0.00137322
-0.0013734
-0.00137318
-0.00137201
-0.00137296
-0.00137701
-0.0013748
-0.00136342
-0.00136545
-0.00139273
-0.00139971
-0.00135052
-0.00130945
-0.00136347
-0.00145408
-0.00143588
-0.00133655
-0.00138822
-0.00164616
-0.00166346
-0.000948639
0.000252288
0.000786416
-5.23888e-05
-0.00186456
-0.00296884
-0.00208003
0.000966003
0.0048146
0.00748674
0.0078581
0.00668663
0.00458115
0.00247417
0.00097426
0.000208298
-2.13586e-06
-5.78925e-06
-3.94468e-06
-1.70332e-06
-3.8865e-07
-8.96595e-09
1.22989e-11
1.02458e-11
6.09408e-12
2.69377e-12
7.55782e-13
5.72712e-14
-5.70779e-17
-5.35192e-17
-0.00137439
-0.00137457
-0.00137434
-0.00137318
-0.00137412
-0.00137818
-0.00137597
-0.00136458
-0.0013666
-0.00139391
-0.00140092
-0.00135169
-0.00131053
-0.00136456
-0.00145534
-0.00143723
-0.00133778
-0.00138917
-0.00164697
-0.00166475
-0.000950491
0.000250715
0.000786349
-5.02227e-05
-0.00186088
-0.00296603
-0.00208061
0.000960265
0.00480407
0.00747394
0.00784588
0.00667673
0.00457457
0.00247064
0.000972843
0.000207964
-2.14993e-06
-5.79363e-06
-3.94644e-06
-1.70335e-06
-3.88256e-07
-8.89631e-09
1.12858e-11
9.49356e-12
5.77673e-12
2.6354e-12
7.79994e-13
7.08309e-14
-5.60138e-17
-5.27663e-17
-0.00137461
-0.00137479
-0.00137457
-0.0013734
-0.00137435
-0.0013784
-0.00137619
-0.0013648
-0.00136682
-0.00139412
-0.00140114
-0.00135193
-0.00131077
-0.00136476
-0.00145552
-0.00143746
-0.00133811
-0.00138949
-0.00164711
-0.00166473
-0.000950454
0.000250398
0.00078562
-5.10733e-05
-0.00186123
-0.00296541
-0.00207895
0.000962839
0.00480714
0.00747699
0.00784861
0.00667895
0.00457614
0.00247159
0.000973305
0.00020812
-2.13698e-06
-5.79131e-06
-3.94574e-06
-1.70342e-06
-3.88481e-07
-8.93266e-09
1.19817e-11
1.00058e-11
5.99189e-12
2.67907e-12
7.71407e-13
6.46273e-14
-5.60801e-17
-5.27913e-17
-0.00137443
-0.00137461
-0.00137439
-0.00137322
-0.00137417
-0.00137822
-0.00137601
-0.00136462
-0.00136664
-0.00139394
-0.00140096
-0.00135175
-0.0013106
-0.00136459
-0.00145532
-0.00143725
-0.00133792
-0.00138934
-0.00164697
-0.00166453
-0.000950185
0.000250635
0.000785632
-5.13714e-05
-0.00186175
-0.00296583
-0.00207888
0.000963669
0.00480868
0.00747887
0.00785041
0.00668041
0.00457711
0.00247211
0.000973513
0.000208168
-2.13438e-06
-5.78997e-06
-3.94504e-06
-1.70326e-06
-3.88521e-07
-8.94549e-09
1.18212e-11
9.89268e-12
5.94487e-12
2.66842e-12
7.71508e-13
6.52162e-14
-5.61069e-17
-5.2805e-17
)
;

boundaryField
{
    movingWall
    {
        type            zeroGradient;
    }
    fixedWalls
    {
        type            zeroGradient;
    }
    frontAndBack
    {
        type            empty;
    }
}

