0.05	0.00664592
0.1	0.00464833
0.15	0.00345536
0.2	0.00272049
0.25	0.00225291
0.3	0.0019397
0.35	0.00171933
0.4	0.00155788
0.45	0.00143478
0.5	0.00133755
0.55	0.00125846
0.6	0.00119228
0.65	0.00113569
0.7	0.00108675
0.75	0.00104391
0.8	0.00100599
0.85	0.000972118
0.9	0.000941612
0.95	0.000913949
1	0.000888713
1.05	0.000865463
1.1	0.000843908
1.15	0.000823934
1.2	0.000805384
1.25	0.000788097
1.3	0.000771937
1.35	0.000756787
1.4	0.000742547
1.45	0.00072913
1.5	0.00071646
1.55	0.000704471
1.6	0.000693104
1.65	0.000682257
1.7	0.000671872
1.75	0.000661961
1.8	0.000652504
1.85	0.000643467
1.9	0.000634822
1.95	0.00062654
2	0.000618597
2.05	0.000610972
2.1	0.000603643
2.15	0.000596592
2.2	0.000589802
2.25	0.000583257
2.3	0.000576944
2.35	0.000570849
2.4	0.000564932
2.45	0.000559173
2.5	0.000553591
2.55	0.000548187
2.6	0.000542951
2.65	0.000537875
2.7	0.000532951
2.75	0.000528172
2.8	0.00052353
2.85	0.00051902
2.9	0.000514636
2.95	0.000510371
3	0.000506221
3.05	0.000502181
3.1	0.000498245
3.15	0.00049441
3.2	0.000490671
3.25	0.000487025
3.3	0.00048345
3.35	0.000479938
3.4	0.000476503
3.45	0.000473147
3.5	0.000469869
3.55	0.000466665
3.6	0.000463532
3.65	0.000460468
3.7	0.000457471
3.75	0.000454538
3.8	0.000451667
3.85	0.000448856
3.9	0.000446103
3.95	0.000443405
4	0.000440762
4.05	0.000438171
4.1	0.00043563
4.15	0.000433139
4.2	0.000430695
4.25	0.000428297
4.3	0.000425944
4.35	0.000423623
4.4	0.000421328
4.45	0.000419071
4.5	0.000416854
4.55	0.000414675
4.6	0.000412535
4.65	0.000410432
4.7	0.000408364
4.75	0.000406332
4.8	0.000404333
4.85	0.000402368
4.9	0.000400434
4.95	0.000398532
5	0.000396661
5.05	0.000394819
5.1	0.000393006
5.15	0.000391221
5.2	0.000389464
5.25	0.000387733
5.3	0.000386029
5.35	0.00038435
5.4	0.000382696
5.45	0.000381067
5.5	0.000379461
5.55	0.000377871
5.6	0.000376292
5.65	0.000374732
5.7	0.000373195
5.75	0.000371679
5.8	0.000370184
5.85	0.000368709
5.9	0.000367254
5.95	0.000365819
6	0.000364404
6.05	0.000363007
6.1	0.000361628
6.15	0.000360268
6.2	0.000358925
6.25	0.000357599
6.3	0.00035629
6.35	0.000354998
6.4	0.000353722
6.45	0.000352462
6.5	0.000351217
6.55	0.000349988
6.6	0.000348773
6.65	0.000347573
6.7	0.000346388
6.75	0.000345217
6.8	0.000344059
6.85	0.000342916
6.9	0.000341779
6.95	0.000340648
7	0.000339528
7.05	0.00033842
7.1	0.000337324
7.15	0.000336242
7.2	0.000335171
7.25	0.000334112
7.3	0.000333065
7.35	0.000332029
7.4	0.000331004
7.45	0.000329991
7.5	0.000328988
7.55	0.000327996
7.6	0.000327015
7.65	0.000326044
7.7	0.000325083
7.75	0.000324132
7.8	0.000323191
7.85	0.000322259
7.9	0.000321337
7.95	0.000320425
8	0.000319521
8.05	0.000318627
8.1	0.000317742
8.15	0.000316865
8.2	0.000315997
8.25	0.000315137
8.3	0.000314286
8.35	0.000313443
8.4	0.000312604
8.45	0.000311766
8.5	0.000310935
8.55	0.000310112
8.6	0.000309296
8.65	0.000308488
8.7	0.000307687
8.75	0.000306894
8.8	0.000306108
8.85	0.000305329
8.9	0.000304557
8.95	0.000303793
9	0.000303035
9.05	0.000302284
9.1	0.000301539
9.15	0.000300801
9.2	0.00030007
9.25	0.000299345
9.3	0.000298626
9.35	0.000297914
9.4	0.000297207
9.45	0.000296507
9.5	0.000295812
9.55	0.000295124
9.6	0.000294441
9.65	0.000293764
9.7	0.000293093
9.75	0.000292427
9.8	0.000291766
9.85	0.000291111
9.9	0.000290462
9.95	0.000289818
10	0.000289178
