/*--------------------------------*- C++ -*----------------------------------*\
| =========                 |                                                 |
| \\      /  F ield         | OpenFOAM: The Open Source CFD Toolbox           |
|  \\    /   O peration     | Version:  v2006                                 |
|   \\  /    A nd           | Website:  www.openfoam.com                      |
|    \\/     M anipulation  |                                                 |
\*---------------------------------------------------------------------------*/
FoamFile
{
    version     2.0;
    format      ascii;
    class       volScalarField;
    location    "0";
    object      f;
}
// * * * * * * * * * * * * * * * * * * * * * * * * * * * * * * * * * * * * * //

dimensions      [0 0 0 0 0 0 0];


internalField   nonuniform List<scalar> 
2500
(
-2.74021e-17
-2.74046e-17
-2.74109e-17
-2.74638e-17
-2.76962e-17
-3.14926e-17
-3.63251e-17
-3.88482e-17
-3.88162e-17
-5.125e-17
-6.39099e-17
-8.42421e-17
-1.0873e-16
-5.76437e-17
1.21378e-16
3.60427e-16
5.15962e-16
5.6887e-16
4.48696e-16
1.54131e-16
-1.29568e-16
-2.64612e-16
-1.69514e-16
2.95452e-17
3.65248e-16
4.67299e-16
2.81886e-16
2.85314e-17
-1.09306e-16
-1.00477e-16
-2.35231e-17
3.06315e-17
3.75631e-17
2.4422e-17
1.19884e-17
4.9131e-18
1.72488e-18
5.11802e-19
1.28517e-19
4.03275e-20
3.42061e-20
3.88717e-20
3.75411e-20
3.07075e-20
2.20762e-20
1.43126e-20
8.49727e-21
4.65708e-21
2.36153e-21
1.10336e-21
-3.77022e-17
-3.77111e-17
-3.77267e-17
-3.78093e-17
-3.80157e-17
-4.93085e-17
-6.19797e-17
-7.3243e-17
-6.65127e-17
-9.51618e-17
-1.13137e-16
-1.37074e-16
-2.40266e-16
-1.67959e-16
2.00343e-16
8.77734e-16
1.27594e-15
1.40098e-15
1.02689e-15
2.9567e-16
-2.86554e-16
-7.01452e-16
-3.10721e-16
4.99876e-16
1.97872e-15
1.65522e-15
7.42315e-16
1.28741e-17
-3.93532e-16
-3.23856e-16
-7.0448e-17
9.24263e-17
9.91874e-17
5.39856e-17
2.23196e-17
8.01498e-18
2.70589e-18
9.68789e-19
4.51999e-19
2.99478e-19
2.35992e-19
1.86765e-19
1.39309e-19
9.6535e-20
6.2132e-20
3.72407e-20
2.08296e-20
1.08721e-20
5.2778e-21
2.36081e-21
-4.87376e-17
-4.87641e-17
-4.88145e-17
-4.89124e-17
-4.85638e-17
-7.91729e-17
-1.08381e-16
-1.66541e-16
-1.24291e-16
-1.73615e-16
-2.23528e-16
-1.9215e-16
-6.46063e-16
-3.85138e-16
2.09291e-16
2.51956e-15
3.44164e-15
3.82807e-15
2.13585e-15
-1.01913e-14
-1.19145e-14
-3.16284e-15
3.82114e-15
2.02182e-14
1.51071e-14
6.11007e-15
1.50686e-15
-7.32889e-16
-1.91949e-15
-1.07983e-15
-1.89548e-16
3.16465e-16
2.78159e-16
1.11441e-16
3.48413e-17
1.06626e-17
4.05539e-18
2.20896e-18
1.51561e-18
1.11201e-18
8.11459e-19
5.7356e-19
3.87777e-19
2.48879e-19
1.50927e-19
8.62245e-20
4.6288e-20
2.32634e-20
1.08695e-20
4.65442e-21
-5.87074e-17
-5.87698e-17
-5.89758e-17
-5.89842e-17
-5.68124e-17
-1.2667e-16
-1.77036e-16
-4.54957e-16
-2.30349e-16
-2.55323e-16
-8.31423e-16
-4.65981e-15
-4.87871e-15
1.85283e-15
8.56524e-15
1.0947e-14
7.00397e-15
9.0873e-15
-3.7032e-14
-1.46949e-13
-7.89999e-14
-1.12512e-14
1.40359e-13
1.12184e-13
4.24812e-14
1.15639e-14
-8.78814e-15
-1.94618e-14
-1.01354e-14
-2.79436e-15
-3.62674e-16
1.98897e-15
8.89665e-16
1.85479e-16
3.15652e-17
9.76445e-18
7.73487e-18
6.44258e-18
4.78411e-18
3.32109e-18
2.22963e-18
1.46104e-18
9.29694e-19
5.6891e-19
3.31806e-19
1.83192e-19
9.52085e-20
4.62796e-20
2.08205e-20
8.49015e-21
-6.49476e-17
-6.50393e-17
-6.58023e-17
-6.53827e-17
-6.03526e-17
-1.77211e-16
-2.2317e-16
-1.05083e-15
2.60085e-16
1.47634e-14
-6.66099e-15
-5.96049e-14
-2.56746e-14
1.16078e-13
2.03837e-13
5.77879e-14
-1.08247e-13
-6.04421e-13
-9.18763e-13
-4.19572e-13
-1.16472e-13
8.7316e-13
7.26768e-13
2.2936e-13
-4.88235e-14
-3.62498e-13
-2.68571e-13
-1.11629e-13
-2.23927e-14
-5.08273e-16
2.83707e-14
1.4636e-14
2.25324e-15
-1.20119e-18
-5.73837e-17
7.72488e-18
2.47489e-17
2.0651e-17
1.37164e-17
8.56118e-18
5.2935e-18
3.27182e-18
1.9985e-18
1.18591e-18
6.73621e-19
3.62405e-19
1.83166e-19
8.61954e-20
3.72172e-20
1.42962e-20
1.09827e-14
8.9973e-15
6.30796e-15
1.46498e-14
3.24146e-14
3.57462e-15
1.76901e-15
1.31979e-14
9.67974e-14
1.09806e-13
-3.7025e-14
-2.11475e-13
-2.41072e-14
4.82838e-13
6.29031e-13
2.02788e-13
-3.54509e-12
-6.64739e-12
-4.67007e-12
1.28991e-12
6.08807e-12
5.27206e-12
1.70397e-12
-3.35344e-12
-5.40198e-12
-3.279e-12
-1.16516e-12
-2.26526e-13
1.56016e-13
3.7178e-13
1.92174e-13
3.67814e-14
-2.55536e-15
-1.83951e-15
-3.33232e-16
7.66929e-17
9.90791e-17
6.19686e-17
3.4375e-17
1.90888e-17
1.09913e-17
6.53221e-18
3.90627e-18
2.28376e-18
1.27708e-18
6.73545e-19
3.31719e-19
1.50854e-19
6.20798e-20
2.20421e-20
4.89644e-13
4.79115e-13
4.65722e-13
5.22256e-13
5.7979e-13
3.61866e-13
3.8862e-13
5.92798e-13
5.2065e-13
2.517e-13
-1.94282e-13
-3.43009e-13
4.43596e-13
7.01418e-13
-1.6501e-12
-9.08135e-12
-1.46777e-11
-1.62036e-11
-1.036e-11
3.42185e-11
3.1011e-11
1.32824e-11
-3.52281e-11
-4.45054e-11
-2.51019e-11
-7.75847e-12
-1.94751e-12
2.51391e-12
3.85355e-12
1.96625e-12
4.18977e-13
-4.88061e-14
-3.62197e-14
-7.54436e-15
6.06384e-17
7.28228e-16
3.59376e-16
1.54881e-16
7.09621e-17
3.56392e-17
1.96702e-17
1.16108e-17
6.98943e-18
4.10388e-18
2.28355e-18
1.18566e-18
5.68699e-19
2.48722e-19
9.643e-20
3.06418e-20
2.18716e-12
2.19597e-12
2.22517e-12
2.26476e-12
2.11826e-12
2.02223e-12
2.04988e-12
2.4728e-12
1.33642e-12
-2.49864e-13
-5.37808e-13
5.78413e-12
8.77768e-12
-2.18557e-11
-6.35036e-11
-5.60833e-11
-2.68149e-11
2.89027e-11
2.57686e-10
1.09287e-10
6.45644e-11
-1.63245e-10
-2.4765e-10
-1.3614e-10
-4.42504e-11
7.99909e-12
4.23596e-11
3.59466e-11
1.68951e-11
3.86477e-12
-6.35358e-13
-4.91437e-13
-1.19814e-13
-3.62199e-15
1.12437e-14
4.15439e-15
8.58716e-16
2.61384e-16
1.06397e-16
5.18692e-17
2.94102e-17
1.83181e-17
1.15805e-17
6.98891e-18
3.90562e-18
1.99793e-18
9.29258e-19
3.87475e-19
1.39115e-19
3.7423e-20
5.39813e-12
5.4891e-12
5.70117e-12
5.52359e-12
4.48145e-12
5.87363e-12
5.59252e-12
5.76587e-12
1.82024e-12
-2.67859e-12
2.25183e-11
6.04391e-11
3.96308e-11
-1.13432e-10
-2.06411e-10
-1.24927e-10
1.19271e-09
2.16733e-09
1.69594e-09
-4.21681e-11
-1.77955e-09
-2.06011e-09
-7.07422e-10
-9.62347e-11
5.85507e-10
6.18288e-10
3.50551e-10
1.38987e-10
3.09499e-11
-9.18315e-12
-6.41557e-12
-1.5339e-12
-6.64786e-14
1.31371e-13
5.87559e-14
8.66814e-15
5.41663e-16
1.77998e-16
8.83195e-17
5.19068e-17
3.55213e-17
2.6041e-17
1.83169e-17
1.16093e-17
6.53078e-18
3.27069e-18
1.46023e-18
5.73022e-19
1.86429e-19
3.86719e-20
9.57953e-12
9.82354e-12
1.04555e-11
9.69555e-12
6.62201e-12
1.23575e-11
1.12106e-11
8.76099e-12
7.07485e-13
6.10741e-12
1.1443e-10
2.06824e-10
6.90243e-11
-1.91566e-10
-1.81771e-10
3.06621e-09
8.66877e-09
9.45143e-09
3.97849e-09
-6.508e-09
-1.1808e-08
-8.29386e-09
-7.56902e-10
6.54426e-09
5.13912e-09
2.69156e-09
1.01158e-09
2.37795e-10
-1.30181e-10
-8.76802e-11
-2.00416e-11
-7.91735e-13
1.184e-12
5.90649e-13
1.08982e-13
7.79575e-16
-2.53265e-16
-7.24565e-17
5.88285e-18
2.76233e-17
3.46222e-17
3.55188e-17
2.94068e-17
1.96669e-17
1.09885e-17
5.29149e-18
2.22825e-18
8.1057e-19
2.35448e-19
3.38878e-20
1.30123e-11
1.34033e-11
1.45496e-11
1.30742e-11
7.35112e-12
1.94208e-11
1.79903e-11
9.13308e-12
3.07499e-13
5.27126e-11
2.52816e-10
3.92372e-10
-1.82948e-11
1.87702e-10
5.3719e-09
1.56326e-08
2.22088e-08
1.79119e-08
-7.16054e-09
-2.51655e-08
-3.26679e-08
-1.66334e-08
3.73684e-08
3.21715e-08
1.4474e-08
4.62781e-09
1.44628e-09
-1.74042e-09
-1.1763e-09
-2.70429e-10
-1.22982e-11
9.07431e-12
4.84719e-12
1.06491e-12
3.61198e-14
-2.54672e-15
-9.99492e-16
-2.3961e-16
-5.65632e-17
-6.77387e-18
2.76193e-17
5.19005e-17
5.18623e-17
3.56331e-17
1.90842e-17
8.55789e-18
3.31892e-18
1.11064e-18
2.98651e-19
3.98491e-20
1.35936e-11
1.40065e-11
1.52808e-11
1.36561e-11
6.9325e-12
2.11543e-11
2.20833e-11
-1.36011e-11
-3.7676e-12
9.19611e-11
3.25574e-10
-1.59188e-09
-2.40477e-09
2.32348e-09
1.85346e-08
3.07893e-08
3.11736e-08
-2.62326e-08
-1.23573e-07
-4.85107e-08
-4.02756e-08
2.11997e-07
1.93448e-07
6.38807e-08
1.87278e-08
-1.64709e-08
-3.08009e-08
-1.66669e-08
-3.60505e-09
-1.6109e-10
6.15433e-11
3.43584e-11
8.63538e-12
5.71448e-13
-2.42004e-14
-8.47036e-15
-1.11493e-15
9.22274e-17
-1.04706e-17
-5.65691e-17
5.87345e-18
8.83079e-17
1.06384e-16
7.09519e-17
3.43676e-17
1.37114e-17
4.78092e-18
1.51363e-18
4.50818e-19
1.27839e-19
-1.43367e-07
-1.4355e-07
-1.44038e-07
-1.42733e-07
-1.41419e-07
-1.45197e-07
-1.4913e-07
-1.44097e-07
-1.23895e-07
-1.22963e-07
-1.86824e-07
-2.43335e-07
-1.40662e-07
-1.01685e-08
2.96189e-08
-6.08547e-08
-8.31504e-07
-1.41796e-06
-5.88072e-07
7.42619e-07
1.895e-06
1.48764e-06
4.37568e-07
-2.70095e-07
-6.74977e-07
-5.24978e-07
-2.33256e-07
-5.37241e-08
-2.63826e-09
3.71976e-10
2.16472e-10
6.18395e-11
5.92819e-12
-2.38942e-13
-8.41728e-14
-9.82012e-15
5.25655e-15
2.14922e-15
9.22177e-17
-2.39624e-16
-7.24719e-17
1.77981e-16
2.61363e-16
1.54864e-16
6.19578e-17
2.06442e-17
6.43826e-18
2.20629e-18
9.67203e-19
5.10894e-19
-1.19973e-06
-1.19977e-06
-1.2001e-06
-1.19911e-06
-1.1986e-06
-1.20629e-06
-1.20263e-06
-1.18303e-06
-1.19058e-06
-1.26032e-06
-1.31685e-06
-1.20119e-06
-7.41202e-07
-1.13823e-07
-4.12605e-07
-3.4156e-06
-6.70041e-06
-6.23105e-06
-1.24422e-06
6.57678e-06
9.7936e-06
5.01605e-06
-1.39909e-06
-5.26898e-06
-4.29143e-06
-2.13286e-06
-6.57902e-07
-7.62341e-08
1.60191e-09
1.05661e-09
3.8679e-10
6.36564e-11
-1.29822e-12
-5.47645e-13
-7.1442e-14
6.12752e-14
3.19207e-14
5.25654e-15
-1.11494e-15
-9.99517e-16
-2.53285e-16
5.41635e-16
8.58667e-16
3.59348e-16
9.90647e-17
2.47404e-17
7.72952e-18
4.05204e-18
2.70388e-18
1.72373e-18
-3.56065e-06
-3.55935e-06
-3.55682e-06
-3.56337e-06
-3.57223e-06
-3.57138e-06
-3.5246e-06
-3.48888e-06
-3.69051e-06
-3.95967e-06
-3.74944e-06
-2.84676e-06
-1.7772e-06
-1.22441e-06
-5.26209e-06
-1.40714e-05
-1.92059e-05
-1.45799e-05
1.46743e-06
1.98071e-05
2.64634e-05
9.08258e-06
-2.2074e-05
-2.09401e-05
-1.13656e-05
-4.41628e-06
-1.06336e-06
-4.73336e-08
2.14442e-09
1.49108e-09
4.97e-10
4.85034e-11
-6.31166e-13
5.95387e-14
5.28961e-13
3.00119e-13
6.12757e-14
-9.81983e-15
-8.47026e-15
-2.54674e-15
7.79475e-16
8.66771e-15
4.15416e-15
7.28179e-16
7.66785e-17
7.71624e-18
9.75841e-18
1.06586e-17
8.01254e-18
4.9117e-18
-6.34527e-06
-6.34143e-06
-6.33331e-06
-6.35469e-06
-6.38241e-06
-6.35584e-06
-6.22691e-06
-6.19216e-06
-6.74396e-06
-7.31741e-06
-6.57872e-06
-4.27153e-06
-2.45504e-06
-5.00974e-06
-1.68495e-05
-3.08617e-05
-2.88912e-05
-1.91281e-05
1.61976e-05
2.96502e-05
4.29705e-05
-9.21392e-05
-9.38327e-05
-3.98233e-05
-1.53346e-05
-5.18935e-06
-1.10988e-06
-1.30895e-08
2.25982e-09
1.51986e-09
6.11813e-10
6.11977e-11
1.19367e-12
2.64521e-12
1.97842e-12
5.28968e-13
-7.14384e-14
-8.41709e-14
-2.42e-14
3.61181e-14
1.08978e-13
5.87534e-14
1.12431e-14
6.06217e-17
-3.33228e-16
-5.73892e-17
3.15586e-17
3.48366e-17
2.23166e-17
1.19868e-17
-7.07675e-06
-7.0717e-06
-7.06087e-06
-7.08945e-06
-7.12751e-06
-7.08426e-06
-6.91504e-06
-6.88729e-06
-7.61675e-06
-8.31635e-06
-7.30467e-06
-4.34045e-06
-1.36661e-06
-8.97482e-06
-3.6203e-05
-4.05307e-05
8.15076e-06
0.000142047
5.89735e-05
-0.000102435
-0.000516916
-0.000602354
-0.000182454
0.000370702
0.000882115
0.00107513
0.000970542
0.000673332
0.000350374
0.000122922
1.86349e-05
4.50992e-11
1.01503e-11
6.61526e-12
2.64523e-12
5.95508e-14
-5.47635e-13
-2.38937e-13
5.71429e-13
1.06488e-12
5.90628e-13
1.31366e-13
-3.62164e-15
-7.54404e-15
-1.83944e-15
-1.20651e-18
1.85468e-16
1.11434e-16
5.3982e-17
2.44202e-17
0.000104133
0.000104256
0.000104472
0.000103619
0.000102595
0.000105358
0.000109391
0.000104569
8.97061e-05
9.01244e-05
0.000126984
0.000163006
0.000118629
7.35463e-06
-5.47591e-05
0.000153557
0.000749053
0.000913945
3.25173e-05
-0.00211339
-0.00356308
-0.00221882
0.00291457
0.011311
0.0196797
0.0241373
0.0237609
0.0197078
0.0136482
0.00773531
0.00339204
0.000966282
7.84814e-05
1.01504e-11
1.19369e-12
-6.31169e-13
-1.29819e-12
5.92801e-12
8.63511e-12
4.84703e-12
1.18396e-12
-6.64731e-14
-1.1981e-13
-3.62183e-14
-2.55525e-15
2.25314e-15
8.89626e-16
2.78148e-16
9.91833e-17
3.75613e-17
0.000755887
0.00075653
0.000757126
0.000752768
0.000749807
0.000764593
0.000778282
0.000743797
0.000688448
0.000734217
0.000904281
0.00094551
0.000623394
0.00014355
0.000260739
0.00157374
0.00308652
0.00276171
-0.00130577
-0.00781726
-0.0111053
-0.00485183
0.0155799
0.0469719
0.078333
0.0964548
0.096436
0.0826915
0.0599879
0.0362615
0.0175355
0.00606549
0.000966282
4.50977e-11
6.11978e-11
4.85012e-11
6.36544e-11
6.18377e-11
3.43574e-11
9.07402e-12
-7.91674e-13
-1.53385e-12
-4.91422e-13
-4.88044e-14
3.67802e-14
1.46354e-14
1.98889e-15
3.16459e-16
9.24242e-17
3.06305e-17
0.00220976
0.00221148
0.00221248
0.00220095
0.00219575
0.00223561
0.00226331
0.00216179
0.00203816
0.00221069
0.00263246
0.00260092
0.00161577
0.000607674
0.00151025
0.00487016
0.00780779
0.0056386
-0.00452472
-0.0185884
-0.0239745
-0.00684176
0.0422817
0.115984
0.190022
0.234717
0.236475
0.205881
0.152419
0.0946121
0.0474958
0.0175355
0.00339204
1.8635e-05
6.1182e-10
4.96994e-10
3.86782e-10
2.16466e-10
6.15414e-11
-1.22976e-11
-2.00412e-11
-6.41543e-12
-6.35342e-13
4.18964e-13
1.92168e-13
2.83696e-14
-3.62651e-16
-1.89537e-16
-7.04443e-17
-2.3522e-17
0.00441522
0.00441853
0.0044199
0.0043977
0.00439052
0.00446821
0.00451134
0.00430597
0.00409223
0.0044804
0.00526878
0.00503041
0.00299101
0.00143639
0.00373174
0.0101685
0.0146502
0.00918556
-0.010033
-0.0341442
-0.0405985
-0.00677437
0.0831912
0.216448
0.351319
0.435606
0.441686
0.388637
0.29169
0.184188
0.0946121
0.0362615
0.00773531
0.000122922
1.5199e-09
1.49108e-09
1.05659e-09
3.71966e-10
-1.61082e-10
-2.70423e-10
-8.76788e-11
-9.18303e-12
3.86466e-12
1.96619e-12
3.71767e-13
-5.08541e-16
-2.79427e-15
-1.0798e-15
-3.23847e-16
-1.00474e-16
0.00675803
0.00676311
0.00676481
0.00673074
0.00672201
0.00684233
0.00689974
0.00657414
0.00626749
0.00691978
0.00811128
0.00756361
0.00434075
0.00224155
0.0063436
0.0162794
0.022081
0.0122619
-0.0171543
-0.0512798
-0.0574856
-0.0045812
0.130124
0.328639
0.531601
0.662679
0.676363
0.600528
0.45581
0.29169
0.152419
0.0599879
0.0136482
0.000350374
2.25992e-09
2.14444e-09
1.60188e-09
-2.63811e-09
-3.60495e-09
-1.17628e-09
-1.3018e-10
3.09491e-11
1.68947e-11
3.85343e-12
1.56007e-13
-2.23916e-14
-1.01349e-14
-1.91941e-15
-3.93527e-16
-1.09305e-16
0.00816228
0.00816867
0.00817078
0.00812802
0.00811761
0.00826991
0.00833891
0.00792095
0.00754527
0.00840364
0.009904
0.00910675
0.00496164
0.00248137
0.00808454
0.0208425
0.0274025
0.0137477
-0.0235243
-0.0647255
-0.0701382
-0.00222254
0.167406
0.417923
0.677545
0.850865
0.874918
0.783361
0.600528
0.388637
0.205881
0.0826915
0.0197078
0.000673331
-1.30872e-08
-4.73301e-08
-7.62311e-08
-5.37227e-08
-1.66665e-08
-1.7404e-09
2.37791e-10
1.38984e-10
3.59457e-11
2.51381e-12
-2.26514e-13
-1.11623e-13
-1.94607e-14
-7.32882e-16
1.28602e-17
2.85268e-17
0.00786757
0.00787432
0.00787714
0.00783154
0.00781828
0.00798054
0.00805932
0.00761249
0.00719969
0.0081199
0.00974619
0.00889357
0.00430608
0.00165284
0.00787098
0.0215012
0.0282073
0.0132943
-0.0263053
-0.0697358
-0.0752477
-0.00268434
0.179145
0.451278
0.738227
0.935864
0.969992
0.874918
0.676363
0.441686
0.236475
0.096436
0.0237609
0.000970541
-1.10985e-06
-1.06333e-06
-6.57887e-07
-2.33251e-07
-3.08002e-08
1.44626e-09
1.01156e-09
3.50544e-10
4.23584e-11
-1.94743e-12
-1.16511e-12
-2.68556e-13
-8.78735e-15
1.5068e-15
7.42285e-16
2.81876e-16
0.00499501
0.00500074
0.00500499
0.00496626
0.00494717
0.00508536
0.00517601
0.00480053
0.00439114
0.00513751
0.00663563
0.00605728
0.00211359
-0.000528135
0.00447991
0.0165209
0.0231532
0.0113288
-0.0234641
-0.0638715
-0.0723677
-0.0103272
0.155408
0.412164
0.691269
0.891806
0.935864
0.850865
0.662679
0.435606
0.234717
0.0964548
0.0241373
0.00107513
-5.18926e-06
-4.41621e-06
-2.13282e-06
-5.24968e-07
-1.64704e-08
4.62778e-09
2.69153e-09
6.18278e-10
7.99856e-12
-7.7582e-12
-3.27886e-12
-3.62476e-13
1.15636e-14
6.10983e-15
1.65516e-15
4.67288e-16
0.000795072
0.000798439
0.000803783
0.000780899
0.000757417
0.000837489
0.000928387
0.000724142
0.000392203
0.000735182
0.00177119
0.00177178
-0.000504884
-0.00283601
-0.000784944
0.00672657
0.0132563
0.0085455
-0.013565
-0.0456246
-0.0608441
-0.0249834
0.0937088
0.292631
0.5197
0.691269
0.738227
0.677545
0.531601
0.351318
0.190022
0.0783329
0.0196797
0.000882113
-1.53344e-05
-1.13655e-05
-4.29137e-06
-6.74963e-07
1.87277e-08
1.44739e-08
5.13906e-09
5.85496e-10
-4.42492e-11
-2.51011e-11
-5.40175e-12
-4.88102e-14
4.24806e-14
1.51065e-14
1.97862e-15
3.65248e-16
-0.00240205
-0.00240134
-0.00239617
-0.00240115
-0.00242356
-0.00240922
-0.00233604
-0.00235026
-0.00255192
-0.00263688
-0.0022158
-0.00164264
-0.00201134
-0.00376217
-0.00489669
-0.00262129
0.00307993
0.00649642
-0.000934258
-0.0223582
-0.0440121
-0.0381852
0.0223354
0.14332
0.292631
0.412164
0.451278
0.417923
0.328639
0.216448
0.115984
0.0469719
0.011311
0.000370702
-3.9823e-05
-2.09399e-05
-5.26891e-06
-2.70086e-07
6.388e-08
3.21712e-08
6.54418e-09
-9.62356e-11
-1.36137e-10
-4.45039e-11
-3.35323e-12
2.29356e-13
1.12181e-13
2.02174e-14
4.9984e-16
2.95687e-17
-0.00308447
-0.0030856
-0.00308217
-0.00307455
-0.00308929
-0.00312034
-0.00308094
-0.00297117
-0.00302869
-0.00336503
-0.00343589
-0.0026778
-0.00190466
-0.00275251
-0.00565904
-0.00710863
-0.00302906
0.00536954
0.00836282
-0.00277346
-0.0255605
-0.040499
-0.0272464
0.0223354
0.0937088
0.155408
0.179145
0.167406
0.130124
0.0831912
0.0422817
0.0155799
0.00291457
-0.000182453
-9.38321e-05
-2.20738e-05
-1.39904e-06
4.37562e-07
1.93446e-07
3.73679e-08
-7.56893e-10
-7.0741e-10
-2.47644e-10
-3.52268e-11
1.70391e-12
7.2675e-13
1.40355e-13
3.82097e-15
-3.10599e-16
-1.69453e-16
-0.00160695
-0.00160866
-0.00160806
-0.00159616
-0.00159875
-0.0016436
-0.00164476
-0.00150983
-0.00145053
-0.00177027
-0.00211598
-0.00164489
-0.000371494
-0.000389248
-0.00314747
-0.00602526
-0.00404088
0.00387441
0.0107243
0.00762563
-0.00827099
-0.0288903
-0.040499
-0.0381852
-0.0249834
-0.0103272
-0.00268435
-0.00222253
-0.00458119
-0.00677436
-0.00684175
-0.00485182
-0.00221882
-0.000602352
-9.21388e-05
9.08257e-06
5.01603e-06
1.48763e-06
2.11994e-07
-1.66332e-08
-8.29376e-09
-2.06008e-09
-1.6324e-10
1.32819e-11
5.27187e-12
8.73138e-13
-1.12492e-14
-3.16224e-15
-7.01262e-16
-2.64544e-16
0.000337965
0.00033681
0.000335144
0.000342906
0.00035057
0.000323025
0.000292758
0.000363378
0.000476016
0.000356621
-1.0675e-07
6.60613e-05
0.000824835
0.00134784
0.000303558
-0.00179714
-0.00206957
0.00139379
0.00675496
0.00881457
0.00402891
-0.00827099
-0.0255605
-0.0440121
-0.0608441
-0.0723677
-0.0752477
-0.0701382
-0.0574856
-0.0405985
-0.0239744
-0.0111053
-0.00356307
-0.000516914
4.29701e-05
2.64632e-05
9.79352e-06
1.89498e-06
-4.02747e-08
-3.26673e-08
-1.18078e-08
-1.77952e-09
6.45621e-11
3.10099e-11
6.08788e-12
-1.16462e-13
-7.89944e-14
-1.19137e-14
-2.8658e-16
-1.2957e-16
0.000931214
0.000931116
0.000928849
0.000929455
0.000939654
0.00093907
0.000906136
0.000896607
0.000981814
0.0010481
0.000907506
0.000638831
0.000723407
0.00130978
0.0018074
0.00129917
-0.000219367
-0.00117031
0.000440967
0.00481368
0.00881457
0.00762563
-0.00277346
-0.0223582
-0.0456246
-0.0638715
-0.0697358
-0.0647255
-0.0512798
-0.0341442
-0.0185884
-0.00781726
-0.00211339
-0.000102435
2.96498e-05
1.98068e-05
6.5767e-06
7.42611e-07
-4.85097e-08
-2.51648e-08
-6.50783e-09
-4.21677e-11
1.09283e-10
3.42174e-11
1.28986e-12
-4.19559e-13
-1.46944e-13
-1.01909e-14
2.95675e-16
1.54135e-16
5.38657e-05
5.4564e-05
5.30215e-05
4.84762e-05
5.48111e-05
7.19562e-05
5.59353e-05
9.85465e-07
1.72261e-05
0.000173618
0.000226537
-9.06915e-05
-0.000467437
-0.000159239
0.000902644
0.00136278
8.7096e-06
-0.00241539
-0.0029505
0.000440969
0.00675496
0.0107243
0.00836281
-0.000934254
-0.013565
-0.0234641
-0.0263053
-0.0235243
-0.0171543
-0.010033
-0.00452474
-0.00130578
3.25096e-05
5.89721e-05
1.61972e-05
1.46728e-06
-1.24425e-06
-5.88072e-07
-1.2357e-07
-7.15969e-09
3.97845e-09
1.69591e-09
2.57676e-10
-1.03601e-11
-4.67003e-12
-9.18734e-13
-3.70283e-14
2.13586e-15
1.0269e-15
4.48702e-16
-0.00118383
-0.00118308
-0.00118353
-0.00118861
-0.00118672
-0.0011686
-0.00116992
-0.00122181
-0.00123951
-0.00112759
-0.00101549
-0.0011713
-0.00150791
-0.00150112
-0.000941138
-0.000464168
-0.000863612
-0.00198106
-0.00241538
-0.0011703
0.00139379
0.0038744
0.00536953
0.00649642
0.00854552
0.0113289
0.0132943
0.0137477
0.0122619
0.00918553
0.00563857
0.00276169
0.000913936
0.000142043
-1.91284e-05
-1.45801e-05
-6.23109e-06
-1.41796e-06
-2.6229e-08
1.79123e-08
9.45144e-09
2.16728e-09
2.8889e-11
-1.62046e-11
-6.64728e-12
-6.0435e-13
9.08724e-15
3.82812e-15
1.401e-15
5.68879e-16
-0.00165654
-0.00165611
-0.00165648
-0.00165957
-0.00165803
-0.00164775
-0.00164979
-0.00167595
-0.00168302
-0.00163489
-0.00159042
-0.00162779
-0.00171438
-0.00176536
-0.00182401
-0.00189816
-0.00168437
-0.000863609
8.71622e-06
-0.000219362
-0.00206957
-0.00404089
-0.00302907
0.00307993
0.0132564
0.0231533
0.0282073
0.0274025
0.022081
0.0146502
0.00780776
0.0030865
0.000749044
8.14824e-06
-2.88922e-05
-1.92063e-05
-6.70047e-06
-8.31493e-07
3.11736e-08
2.22088e-08
8.66872e-09
1.19268e-09
-2.68142e-11
-1.46777e-11
-3.5451e-12
-1.08238e-13
7.00453e-15
3.44181e-15
1.27597e-15
5.15972e-16
-0.00147456
-0.0014743
-0.00147526
-0.00147705
-0.00147298
-0.00146731
-0.0014783
-0.0014938
-0.00147222
-0.00143772
-0.00146403
-0.0015222
-0.00147698
-0.00139518
-0.00159563
-0.00203347
-0.00189816
-0.000464166
0.00136278
0.00129918
-0.00179714
-0.00602527
-0.00710864
-0.00262129
0.00672659
0.0165209
0.0215013
0.0208425
0.0162794
0.0101685
0.00487013
0.00157372
0.000153549
-4.05322e-05
-3.0863e-05
-1.40719e-05
-3.41569e-06
-6.08494e-08
3.07898e-08
1.56325e-08
3.06612e-09
-1.24928e-10
-5.60823e-11
-9.08125e-12
2.02732e-13
5.77801e-14
1.09478e-14
2.51979e-15
8.77772e-16
3.60442e-16
-0.00130751
-0.00130716
-0.00130863
-0.00131084
-0.00130472
-0.00129685
-0.00131377
-0.00133804
-0.00130522
-0.00123876
-0.00127425
-0.00141069
-0.00141375
-0.00122302
-0.00120375
-0.00159563
-0.00182401
-0.000941137
0.000902649
0.00180741
0.000303554
-0.00314749
-0.00565905
-0.00489668
-0.000784918
0.00447994
0.00787099
0.00808453
0.00634358
0.00373171
0.00151022
0.000260719
-5.47638e-05
-3.62064e-05
-1.68512e-05
-5.26273e-06
-4.12687e-07
2.96191e-08
1.8535e-08
5.37213e-09
-1.81707e-10
-2.0639e-10
-6.35009e-11
-1.65045e-12
6.28975e-13
2.03829e-13
8.56626e-15
2.09361e-16
2.00382e-16
1.214e-16
-0.00140329
-0.00140275
-0.00140419
-0.00140755
-0.00140169
-0.00138984
-0.00140452
-0.00144058
-0.00141767
-0.00132604
-0.00132657
-0.00149308
-0.00159445
-0.00142662
-0.00122302
-0.00139518
-0.00176536
-0.00150112
-0.000159233
0.00130978
0.00134784
-0.000389259
-0.00275252
-0.00376217
-0.00283598
-0.000528103
0.00165286
0.00248137
0.00224152
0.00143635
0.000607638
0.000143529
7.34745e-06
-8.97758e-06
-5.01118e-06
-1.22497e-06
-1.13897e-07
-1.0166e-08
2.3239e-09
1.87778e-10
-1.91549e-10
-1.13426e-10
-2.1856e-11
7.01286e-13
4.82811e-13
1.16079e-13
1.85407e-15
-3.84982e-16
-1.67897e-16
-5.76144e-17
-0.0015075
-0.00150692
-0.00150807
-0.00151174
-0.00150717
-0.0014943
-0.00150494
-0.0015416
-0.00153085
-0.00144366
-0.00141965
-0.00155655
-0.00168577
-0.00159445
-0.00141375
-0.00147697
-0.00171438
-0.00150791
-0.00046743
0.000723411
0.000824831
-0.000371505
-0.00190467
-0.00201134
-0.000504861
0.00211362
0.0043061
0.00496163
0.00434072
0.00299097
0.00161574
0.000623372
0.000118619
-1.36807e-06
-2.45598e-06
-1.77768e-06
-7.41334e-07
-1.40663e-07
-2.40366e-09
-1.82968e-11
6.9018e-11
3.96269e-11
8.77682e-12
4.43564e-13
-2.40951e-14
-2.56702e-14
-4.87728e-15
-6.45821e-16
-2.402e-16
-1.08699e-16
-0.0014318
-0.00143132
-0.00143231
-0.00143542
-0.00143135
-0.00142068
-0.00143008
-0.00146021
-0.00144992
-0.00137951
-0.00136442
-0.00146906
-0.00155655
-0.00149308
-0.00141068
-0.0015222
-0.00162779
-0.00117129
-9.06844e-05
0.000638836
6.60575e-05
-0.0016449
-0.00267781
-0.00164264
0.00177181
0.00605732
0.00889359
0.00910674
0.00756359
0.00503037
0.00260089
0.000945487
0.000162996
-4.3413e-06
-4.2722e-06
-2.84717e-06
-1.20134e-06
-2.43352e-07
-1.59066e-09
3.92365e-10
2.06806e-10
6.04343e-11
5.78382e-12
-3.42971e-13
-2.11457e-13
-5.96021e-14
-4.66017e-15
-1.92141e-16
-1.37049e-16
-8.42183e-17
-0.00131095
-0.00131053
-0.0013116
-0.00131426
-0.00130987
-0.00130064
-0.00131161
-0.00133833
-0.00132216
-0.00125723
-0.001257
-0.00136442
-0.00141965
-0.00132657
-0.00127425
-0.00146403
-0.00159042
-0.00101549
0.000226544
0.000907511
-1.10121e-07
-0.002116
-0.0034359
-0.00221579
0.00177122
0.00663566
0.00974621
0.009904
0.00811126
0.00526874
0.00263242
0.000904259
0.000126975
-7.30564e-06
-6.57954e-06
-3.74987e-06
-1.31698e-06
-1.86839e-07
3.25528e-10
2.52806e-10
1.14427e-10
2.25179e-11
-5.37603e-13
-1.94197e-13
-3.70137e-14
-6.66503e-15
-8.32591e-16
-2.23603e-16
-1.13121e-16
-6.38874e-17
-0.00131489
-0.00131445
-0.00131563
-0.00131842
-0.00131359
-0.00130385
-0.00131608
-0.00134462
-0.00132584
-0.00125545
-0.00125723
-0.00137951
-0.00144366
-0.00132603
-0.00123876
-0.00143771
-0.00163489
-0.00112759
0.000173624
0.00104811
0.000356617
-0.00177029
-0.00336504
-0.00263688
0.000735207
0.00513754
0.00811992
0.00840364
0.00691976
0.00448036
0.00221066
0.000734196
9.01162e-05
-8.31769e-06
-7.31851e-06
-3.96019e-06
-1.26047e-06
-1.22969e-07
9.19647e-11
5.27156e-11
6.11163e-12
-2.67816e-12
-2.49575e-13
2.51756e-13
1.09816e-13
1.47627e-14
-2.55305e-16
-1.73604e-16
-9.51398e-17
-5.12277e-17
-0.00138781
-0.00138734
-0.00138853
-0.0013916
-0.0013867
-0.001376
-0.00138818
-0.00141924
-0.00140177
-0.00132584
-0.00132216
-0.00144992
-0.00153085
-0.00141766
-0.00130522
-0.00147221
-0.00168302
-0.0012395
1.72327e-05
0.000981819
0.000476013
-0.00145055
-0.0030287
-0.00255191
0.000392228
0.00439117
0.00719971
0.00754526
0.00626747
0.00409219
0.00203812
0.000688427
8.96976e-05
-7.61823e-06
-6.74518e-06
-3.6911e-06
-1.19073e-06
-1.23899e-07
-3.77028e-12
3.03861e-13
7.0499e-13
1.81946e-12
1.33622e-12
5.20672e-13
9.68216e-14
2.62786e-16
-2.30276e-16
-1.24254e-16
-6.64826e-17
-3.87918e-17
-0.00140417
-0.00140369
-0.00140482
-0.00140789
-0.00140324
-0.00139257
-0.00140397
-0.00143476
-0.00141924
-0.00134462
-0.00133833
-0.00146021
-0.0015416
-0.00144058
-0.00133804
-0.00149379
-0.00167595
-0.00122181
9.91965e-07
0.000896612
0.000363374
-0.00150985
-0.00297118
-0.00235026
0.000724167
0.00480056
0.0076125
0.00792095
0.00657412
0.00430593
0.00216176
0.000743776
0.000104561
-6.88867e-06
-6.19333e-06
-3.48947e-06
-1.18319e-06
-1.44103e-07
-1.36e-11
9.13441e-12
8.76146e-12
5.7659e-12
2.47278e-12
5.92789e-13
1.31988e-14
-1.05077e-15
-4.54968e-16
-1.66532e-16
-7.32198e-17
-3.88251e-17
-0.00137422
-0.00137375
-0.00137487
-0.00137783
-0.00137325
-0.00136296
-0.00137426
-0.00140397
-0.00138818
-0.00131608
-0.00131161
-0.00143008
-0.00150494
-0.00140452
-0.00131377
-0.0014783
-0.00164979
-0.00116992
5.59417e-05
0.000906141
0.000292755
-0.00164478
-0.00308095
-0.00233603
0.000928412
0.00517604
0.00805933
0.0083389
0.00689972
0.00451131
0.00226328
0.000778261
0.000109382
-6.91629e-06
-6.22797e-06
-3.52513e-06
-1.20278e-06
-1.49138e-07
2.20926e-11
1.79978e-11
1.12143e-11
5.59362e-12
2.04996e-12
3.88517e-13
1.75779e-15
-2.23381e-16
-1.77127e-16
-1.08391e-16
-6.19606e-17
-3.6303e-17
-0.00136265
-0.00136218
-0.00136333
-0.00136627
-0.00136159
-0.00135137
-0.00136296
-0.00139257
-0.001376
-0.00130385
-0.00130064
-0.00142068
-0.0014943
-0.00138983
-0.00129685
-0.00146731
-0.00164775
-0.00116859
7.19626e-05
0.000939075
0.000323021
-0.00164361
-0.00312035
-0.00240921
0.000837515
0.00508539
0.00798055
0.00826991
0.00684231
0.00446818
0.00223558
0.000764571
0.00010535
-7.08535e-06
-6.35676e-06
-3.57184e-06
-1.20642e-06
-1.45206e-07
2.116e-11
1.94255e-11
1.23597e-11
5.87429e-12
2.02231e-12
3.6183e-13
3.57313e-15
-1.77326e-16
-1.26709e-16
-7.91621e-17
-4.92829e-17
-3.14687e-17
-0.001373
-0.00137253
-0.00137368
-0.00137666
-0.00137195
-0.00136159
-0.00137325
-0.00140324
-0.0013867
-0.00131359
-0.00130987
-0.00143135
-0.00150717
-0.00140169
-0.00130471
-0.00147298
-0.00165803
-0.00118671
5.48176e-05
0.000939659
0.000350567
-0.00159876
-0.0030893
-0.00242356
0.000757442
0.0049472
0.00781829
0.0081176
0.00672198
0.00439048
0.00219572
0.000749786
0.000102586
-7.12854e-06
-6.38327e-06
-3.57266e-06
-1.19873e-06
-1.41429e-07
6.9328e-12
7.35122e-12
6.62223e-12
4.48169e-12
2.11841e-12
5.79829e-13
3.24147e-14
-6.02874e-17
-5.67552e-17
-4.85168e-17
-3.79791e-17
-2.76693e-17
-0.00137767
-0.0013772
-0.00137835
-0.00138133
-0.00137666
-0.00136627
-0.00137783
-0.00140789
-0.0013916
-0.00131842
-0.00131426
-0.00143542
-0.00151174
-0.00140755
-0.00131083
-0.00147705
-0.00165957
-0.00118861
4.84827e-05
0.00092946
0.000342903
-0.00159617
-0.00307456
-0.00240114
0.000780924
0.00496629
0.00783156
0.00812801
0.00673071
0.00439766
0.00220092
0.000752746
0.000103611
-7.0905e-06
-6.35557e-06
-3.56381e-06
-1.19924e-06
-1.42743e-07
1.36574e-11
1.30753e-11
9.69625e-12
5.52399e-12
2.26493e-12
5.2229e-13
1.46502e-14
-6.53244e-17
-5.89299e-17
-4.88659e-17
-3.77725e-17
-2.74367e-17
-0.0013747
-0.00137423
-0.00137537
-0.00137835
-0.00137368
-0.00136333
-0.00137487
-0.00140482
-0.00138853
-0.00131563
-0.0013116
-0.00143231
-0.00150807
-0.00140418
-0.00130862
-0.00147526
-0.00165648
-0.00118353
5.3028e-05
0.000928854
0.00033514
-0.00160807
-0.00308219
-0.00239616
0.000803809
0.00500502
0.00787716
0.00817078
0.00676478
0.00441986
0.00221245
0.000757105
0.000104464
-7.06195e-06
-6.33422e-06
-3.55727e-06
-1.20024e-06
-1.44048e-07
1.52849e-11
1.45528e-11
1.04571e-11
5.70174e-12
2.22531e-12
4.65718e-13
6.3038e-15
-6.57462e-17
-5.89218e-17
-4.87681e-17
-3.76899e-17
-2.73837e-17
-0.00137355
-0.00137309
-0.00137423
-0.0013772
-0.00137253
-0.00136218
-0.00137375
-0.00140369
-0.00138734
-0.00131445
-0.00131053
-0.00143132
-0.00150692
-0.00140275
-0.00130716
-0.0014743
-0.00165611
-0.00118307
5.45704e-05
0.000931121
0.000336807
-0.00160867
-0.00308561
-0.00240133
0.000798464
0.00500077
0.00787433
0.00816867
0.00676309
0.00441849
0.00221144
0.000756508
0.000104247
-7.07279e-06
-6.34234e-06
-3.55981e-06
-1.1999e-06
-1.43559e-07
1.40102e-11
1.34062e-11
9.825e-12
5.48965e-12
2.19611e-12
4.79112e-13
8.99262e-15
-6.49835e-17
-5.87161e-17
-4.87177e-17
-3.76743e-17
-2.73775e-17
-0.00137402
-0.00137355
-0.0013747
-0.00137767
-0.001373
-0.00136265
-0.00137422
-0.00140417
-0.00138781
-0.00131489
-0.00131095
-0.0014318
-0.0015075
-0.00140329
-0.00130751
-0.00147456
-0.00165654
-0.00118382
5.38722e-05
0.000931219
0.000337962
-0.00160696
-0.00308448
-0.00240204
0.000795097
0.00499504
0.00786759
0.00816227
0.006758
0.00441518
0.00220973
0.000755866
0.000104125
-7.07783e-06
-6.34618e-06
-3.56111e-06
-1.19986e-06
-1.43376e-07
1.35965e-11
1.30147e-11
9.58079e-12
5.39868e-12
2.18733e-12
4.89654e-13
1.09786e-14
-6.48917e-17
-5.86539e-17
-4.86913e-17
-3.76655e-17
-2.7375e-17
)
;

boundaryField
{
    movingWall
    {
        type            zeroGradient;
    }
    fixedWalls
    {
        type            zeroGradient;
    }
    frontAndBack
    {
        type            empty;
    }
}

