/*--------------------------------*- C++ -*----------------------------------*\
| =========                 |                                                 |
| \\      /  F ield         | OpenFOAM: The Open Source CFD Toolbox           |
|  \\    /   O peration     | Version:  v2006                                 |
|   \\  /    A nd           | Website:  www.openfoam.com                      |
|    \\/     M anipulation  |                                                 |
\*---------------------------------------------------------------------------*/
FoamFile
{
    version     2.0;
    format      ascii;
    class       volVectorField;
    location    "constant/polyMesh";
    object      C;
}
// * * * * * * * * * * * * * * * * * * * * * * * * * * * * * * * * * * * * * //

dimensions      [0 1 0 0 0 0 0];


internalField   nonuniform List<vector> 
2500
(
(0.04 0.04 0.05)
(0.12 0.04 0.05)
(0.2 0.04 0.05)
(0.28 0.04 0.05)
(0.36 0.04 0.05)
(0.44 0.04 0.05)
(0.52 0.04 0.05)
(0.6 0.04 0.05)
(0.68 0.04 0.05)
(0.76 0.04 0.05)
(0.84 0.04 0.05)
(0.92 0.04 0.05)
(1 0.04 0.05)
(1.08 0.04 0.05)
(1.16 0.04 0.05)
(1.24 0.04 0.05)
(1.32 0.04 0.05)
(1.4 0.04 0.05)
(1.48 0.04 0.05)
(1.56 0.04 0.05)
(1.64 0.04 0.05)
(1.72 0.04 0.05)
(1.8 0.04 0.05)
(1.88 0.04 0.05)
(1.96 0.04 0.05)
(2.04 0.04 0.05)
(2.12 0.04 0.05)
(2.2 0.04 0.05)
(2.28 0.04 0.05)
(2.36 0.04 0.05)
(2.44 0.04 0.05)
(2.52 0.04 0.05)
(2.6 0.04 0.05)
(2.68 0.04 0.05)
(2.76 0.04 0.05)
(2.84 0.04 0.05)
(2.92 0.04 0.05)
(3 0.04 0.05)
(3.08 0.04 0.05)
(3.16 0.04 0.05)
(3.24 0.04 0.05)
(3.32 0.04 0.05)
(3.4 0.04 0.05)
(3.48 0.04 0.05)
(3.56 0.04 0.05)
(3.64 0.04 0.05)
(3.72 0.04 0.05)
(3.8 0.04 0.05)
(3.88 0.04 0.05)
(3.96 0.04 0.05)
(0.04 0.12 0.05)
(0.12 0.12 0.05)
(0.2 0.12 0.05)
(0.28 0.12 0.05)
(0.36 0.12 0.05)
(0.44 0.12 0.05)
(0.52 0.12 0.05)
(0.6 0.12 0.05)
(0.68 0.12 0.05)
(0.76 0.12 0.05)
(0.84 0.12 0.05)
(0.92 0.12 0.05)
(1 0.12 0.05)
(1.08 0.12 0.05)
(1.16 0.12 0.05)
(1.24 0.12 0.05)
(1.32 0.12 0.05)
(1.4 0.12 0.05)
(1.48 0.12 0.05)
(1.56 0.12 0.05)
(1.64 0.12 0.05)
(1.72 0.12 0.05)
(1.8 0.12 0.05)
(1.88 0.12 0.05)
(1.96 0.12 0.05)
(2.04 0.12 0.05)
(2.12 0.12 0.05)
(2.2 0.12 0.05)
(2.28 0.12 0.05)
(2.36 0.12 0.05)
(2.44 0.12 0.05)
(2.52 0.12 0.05)
(2.6 0.12 0.05)
(2.68 0.12 0.05)
(2.76 0.12 0.05)
(2.84 0.12 0.05)
(2.92 0.12 0.05)
(3 0.12 0.05)
(3.08 0.12 0.05)
(3.16 0.12 0.05)
(3.24 0.12 0.05)
(3.32 0.12 0.05)
(3.4 0.12 0.05)
(3.48 0.12 0.05)
(3.56 0.12 0.05)
(3.64 0.12 0.05)
(3.72 0.12 0.05)
(3.8 0.12 0.05)
(3.88 0.12 0.05)
(3.96 0.12 0.05)
(0.04 0.2 0.05)
(0.12 0.2 0.05)
(0.2 0.2 0.05)
(0.28 0.2 0.05)
(0.36 0.2 0.05)
(0.44 0.2 0.05)
(0.52 0.2 0.05)
(0.6 0.2 0.05)
(0.68 0.2 0.05)
(0.76 0.2 0.05)
(0.84 0.2 0.05)
(0.92 0.2 0.05)
(1 0.2 0.05)
(1.08 0.2 0.05)
(1.16 0.2 0.05)
(1.24 0.2 0.05)
(1.32 0.2 0.05)
(1.4 0.2 0.05)
(1.48 0.2 0.05)
(1.56 0.2 0.05)
(1.64 0.2 0.05)
(1.72 0.2 0.05)
(1.8 0.2 0.05)
(1.88 0.2 0.05)
(1.96 0.2 0.05)
(2.04 0.2 0.05)
(2.12 0.2 0.05)
(2.2 0.2 0.05)
(2.28 0.2 0.05)
(2.36 0.2 0.05)
(2.44 0.2 0.05)
(2.52 0.2 0.05)
(2.6 0.2 0.05)
(2.68 0.2 0.05)
(2.76 0.2 0.05)
(2.84 0.2 0.05)
(2.92 0.2 0.05)
(3 0.2 0.05)
(3.08 0.2 0.05)
(3.16 0.2 0.05)
(3.24 0.2 0.05)
(3.32 0.2 0.05)
(3.4 0.2 0.05)
(3.48 0.2 0.05)
(3.56 0.2 0.05)
(3.64 0.2 0.05)
(3.72 0.2 0.05)
(3.8 0.2 0.05)
(3.88 0.2 0.05)
(3.96 0.2 0.05)
(0.04 0.28 0.05)
(0.12 0.28 0.05)
(0.2 0.28 0.05)
(0.28 0.28 0.05)
(0.36 0.28 0.05)
(0.44 0.28 0.05)
(0.52 0.28 0.05)
(0.6 0.28 0.05)
(0.68 0.28 0.05)
(0.76 0.28 0.05)
(0.84 0.28 0.05)
(0.92 0.28 0.05)
(1 0.28 0.05)
(1.08 0.28 0.05)
(1.16 0.28 0.05)
(1.24 0.28 0.05)
(1.32 0.28 0.05)
(1.4 0.28 0.05)
(1.48 0.28 0.05)
(1.56 0.28 0.05)
(1.64 0.28 0.05)
(1.72 0.28 0.05)
(1.8 0.28 0.05)
(1.88 0.28 0.05)
(1.96 0.28 0.05)
(2.04 0.28 0.05)
(2.12 0.28 0.05)
(2.2 0.28 0.05)
(2.28 0.28 0.05)
(2.36 0.28 0.05)
(2.44 0.28 0.05)
(2.52 0.28 0.05)
(2.6 0.28 0.05)
(2.68 0.28 0.05)
(2.76 0.28 0.05)
(2.84 0.28 0.05)
(2.92 0.28 0.05)
(3 0.28 0.05)
(3.08 0.28 0.05)
(3.16 0.28 0.05)
(3.24 0.28 0.05)
(3.32 0.28 0.05)
(3.4 0.28 0.05)
(3.48 0.28 0.05)
(3.56 0.28 0.05)
(3.64 0.28 0.05)
(3.72 0.28 0.05)
(3.8 0.28 0.05)
(3.88 0.28 0.05)
(3.96 0.28 0.05)
(0.04 0.36 0.05)
(0.12 0.36 0.05)
(0.2 0.36 0.05)
(0.28 0.36 0.05)
(0.36 0.36 0.05)
(0.44 0.36 0.05)
(0.52 0.36 0.05)
(0.6 0.36 0.05)
(0.68 0.36 0.05)
(0.76 0.36 0.05)
(0.84 0.36 0.05)
(0.92 0.36 0.05)
(1 0.36 0.05)
(1.08 0.36 0.05)
(1.16 0.36 0.05)
(1.24 0.36 0.05)
(1.32 0.36 0.05)
(1.4 0.36 0.05)
(1.48 0.36 0.05)
(1.56 0.36 0.05)
(1.64 0.36 0.05)
(1.72 0.36 0.05)
(1.8 0.36 0.05)
(1.88 0.36 0.05)
(1.96 0.36 0.05)
(2.04 0.36 0.05)
(2.12 0.36 0.05)
(2.2 0.36 0.05)
(2.28 0.36 0.05)
(2.36 0.36 0.05)
(2.44 0.36 0.05)
(2.52 0.36 0.05)
(2.6 0.36 0.05)
(2.68 0.36 0.05)
(2.76 0.36 0.05)
(2.84 0.36 0.05)
(2.92 0.36 0.05)
(3 0.36 0.05)
(3.08 0.36 0.05)
(3.16 0.36 0.05)
(3.24 0.36 0.05)
(3.32 0.36 0.05)
(3.4 0.36 0.05)
(3.48 0.36 0.05)
(3.56 0.36 0.05)
(3.64 0.36 0.05)
(3.72 0.36 0.05)
(3.8 0.36 0.05)
(3.88 0.36 0.05)
(3.96 0.36 0.05)
(0.04 0.44 0.05)
(0.12 0.44 0.05)
(0.2 0.44 0.05)
(0.28 0.44 0.05)
(0.36 0.44 0.05)
(0.44 0.44 0.05)
(0.52 0.44 0.05)
(0.6 0.44 0.05)
(0.68 0.44 0.05)
(0.76 0.44 0.05)
(0.84 0.44 0.05)
(0.92 0.44 0.05)
(1 0.44 0.05)
(1.08 0.44 0.05)
(1.16 0.44 0.05)
(1.24 0.44 0.05)
(1.32 0.44 0.05)
(1.4 0.44 0.05)
(1.48 0.44 0.05)
(1.56 0.44 0.05)
(1.64 0.44 0.05)
(1.72 0.44 0.05)
(1.8 0.44 0.05)
(1.88 0.44 0.05)
(1.96 0.44 0.05)
(2.04 0.44 0.05)
(2.12 0.44 0.05)
(2.2 0.44 0.05)
(2.28 0.44 0.05)
(2.36 0.44 0.05)
(2.44 0.44 0.05)
(2.52 0.44 0.05)
(2.6 0.44 0.05)
(2.68 0.44 0.05)
(2.76 0.44 0.05)
(2.84 0.44 0.05)
(2.92 0.44 0.05)
(3 0.44 0.05)
(3.08 0.44 0.05)
(3.16 0.44 0.05)
(3.24 0.44 0.05)
(3.32 0.44 0.05)
(3.4 0.44 0.05)
(3.48 0.44 0.05)
(3.56 0.44 0.05)
(3.64 0.44 0.05)
(3.72 0.44 0.05)
(3.8 0.44 0.05)
(3.88 0.44 0.05)
(3.96 0.44 0.05)
(0.04 0.52 0.05)
(0.12 0.52 0.05)
(0.2 0.52 0.05)
(0.28 0.52 0.05)
(0.36 0.52 0.05)
(0.44 0.52 0.05)
(0.52 0.52 0.05)
(0.6 0.52 0.05)
(0.68 0.52 0.05)
(0.76 0.52 0.05)
(0.84 0.52 0.05)
(0.92 0.52 0.05)
(1 0.52 0.05)
(1.08 0.52 0.05)
(1.16 0.52 0.05)
(1.24 0.52 0.05)
(1.32 0.52 0.05)
(1.4 0.52 0.05)
(1.48 0.52 0.05)
(1.56 0.52 0.05)
(1.64 0.52 0.05)
(1.72 0.52 0.05)
(1.8 0.52 0.05)
(1.88 0.52 0.05)
(1.96 0.52 0.05)
(2.04 0.52 0.05)
(2.12 0.52 0.05)
(2.2 0.52 0.05)
(2.28 0.52 0.05)
(2.36 0.52 0.05)
(2.44 0.52 0.05)
(2.52 0.52 0.05)
(2.6 0.52 0.05)
(2.68 0.52 0.05)
(2.76 0.52 0.05)
(2.84 0.52 0.05)
(2.92 0.52 0.05)
(3 0.52 0.05)
(3.08 0.52 0.05)
(3.16 0.52 0.05)
(3.24 0.52 0.05)
(3.32 0.52 0.05)
(3.4 0.52 0.05)
(3.48 0.52 0.05)
(3.56 0.52 0.05)
(3.64 0.52 0.05)
(3.72 0.52 0.05)
(3.8 0.52 0.05)
(3.88 0.52 0.05)
(3.96 0.52 0.05)
(0.04 0.6 0.05)
(0.12 0.6 0.05)
(0.2 0.6 0.05)
(0.28 0.6 0.05)
(0.36 0.6 0.05)
(0.44 0.6 0.05)
(0.52 0.6 0.05)
(0.6 0.6 0.05)
(0.68 0.6 0.05)
(0.76 0.6 0.05)
(0.84 0.6 0.05)
(0.92 0.6 0.05)
(1 0.6 0.05)
(1.08 0.6 0.05)
(1.16 0.6 0.05)
(1.24 0.6 0.05)
(1.32 0.6 0.05)
(1.4 0.6 0.05)
(1.48 0.6 0.05)
(1.56 0.6 0.05)
(1.64 0.6 0.05)
(1.72 0.6 0.05)
(1.8 0.6 0.05)
(1.88 0.6 0.05)
(1.96 0.6 0.05)
(2.04 0.6 0.05)
(2.12 0.6 0.05)
(2.2 0.6 0.05)
(2.28 0.6 0.05)
(2.36 0.6 0.05)
(2.44 0.6 0.05)
(2.52 0.6 0.05)
(2.6 0.6 0.05)
(2.68 0.6 0.05)
(2.76 0.6 0.05)
(2.84 0.6 0.05)
(2.92 0.6 0.05)
(3 0.6 0.05)
(3.08 0.6 0.05)
(3.16 0.6 0.05)
(3.24 0.6 0.05)
(3.32 0.6 0.05)
(3.4 0.6 0.05)
(3.48 0.6 0.05)
(3.56 0.6 0.05)
(3.64 0.6 0.05)
(3.72 0.6 0.05)
(3.8 0.6 0.05)
(3.88 0.6 0.05)
(3.96 0.6 0.05)
(0.04 0.68 0.05)
(0.12 0.68 0.05)
(0.2 0.68 0.05)
(0.28 0.68 0.05)
(0.36 0.68 0.05)
(0.44 0.68 0.05)
(0.52 0.68 0.05)
(0.6 0.68 0.05)
(0.68 0.68 0.05)
(0.76 0.68 0.05)
(0.84 0.68 0.05)
(0.92 0.68 0.05)
(1 0.68 0.05)
(1.08 0.68 0.05)
(1.16 0.68 0.05)
(1.24 0.68 0.05)
(1.32 0.68 0.05)
(1.4 0.68 0.05)
(1.48 0.68 0.05)
(1.56 0.68 0.05)
(1.64 0.68 0.05)
(1.72 0.68 0.05)
(1.8 0.68 0.05)
(1.88 0.68 0.05)
(1.96 0.68 0.05)
(2.04 0.68 0.05)
(2.12 0.68 0.05)
(2.2 0.68 0.05)
(2.28 0.68 0.05)
(2.36 0.68 0.05)
(2.44 0.68 0.05)
(2.52 0.68 0.05)
(2.6 0.68 0.05)
(2.68 0.68 0.05)
(2.76 0.68 0.05)
(2.84 0.68 0.05)
(2.92 0.68 0.05)
(3 0.68 0.05)
(3.08 0.68 0.05)
(3.16 0.68 0.05)
(3.24 0.68 0.05)
(3.32 0.68 0.05)
(3.4 0.68 0.05)
(3.48 0.68 0.05)
(3.56 0.68 0.05)
(3.64 0.68 0.05)
(3.72 0.68 0.05)
(3.8 0.68 0.05)
(3.88 0.68 0.05)
(3.96 0.68 0.05)
(0.04 0.76 0.05)
(0.12 0.76 0.05)
(0.2 0.76 0.05)
(0.28 0.76 0.05)
(0.36 0.76 0.05)
(0.44 0.76 0.05)
(0.52 0.76 0.05)
(0.6 0.76 0.05)
(0.68 0.76 0.05)
(0.76 0.76 0.05)
(0.84 0.76 0.05)
(0.92 0.76 0.05)
(1 0.76 0.05)
(1.08 0.76 0.05)
(1.16 0.76 0.05)
(1.24 0.76 0.05)
(1.32 0.76 0.05)
(1.4 0.76 0.05)
(1.48 0.76 0.05)
(1.56 0.76 0.05)
(1.64 0.76 0.05)
(1.72 0.76 0.05)
(1.8 0.76 0.05)
(1.88 0.76 0.05)
(1.96 0.76 0.05)
(2.04 0.76 0.05)
(2.12 0.76 0.05)
(2.2 0.76 0.05)
(2.28 0.76 0.05)
(2.36 0.76 0.05)
(2.44 0.76 0.05)
(2.52 0.76 0.05)
(2.6 0.76 0.05)
(2.68 0.76 0.05)
(2.76 0.76 0.05)
(2.84 0.76 0.05)
(2.92 0.76 0.05)
(3 0.76 0.05)
(3.08 0.76 0.05)
(3.16 0.76 0.05)
(3.24 0.76 0.05)
(3.32 0.76 0.05)
(3.4 0.76 0.05)
(3.48 0.76 0.05)
(3.56 0.76 0.05)
(3.64 0.76 0.05)
(3.72 0.76 0.05)
(3.8 0.76 0.05)
(3.88 0.76 0.05)
(3.96 0.76 0.05)
(0.04 0.84 0.05)
(0.12 0.84 0.05)
(0.2 0.84 0.05)
(0.28 0.84 0.05)
(0.36 0.84 0.05)
(0.44 0.84 0.05)
(0.52 0.84 0.05)
(0.6 0.84 0.05)
(0.68 0.84 0.05)
(0.76 0.84 0.05)
(0.84 0.84 0.05)
(0.92 0.84 0.05)
(1 0.84 0.05)
(1.08 0.84 0.05)
(1.16 0.84 0.05)
(1.24 0.84 0.05)
(1.32 0.84 0.05)
(1.4 0.84 0.05)
(1.48 0.84 0.05)
(1.56 0.84 0.05)
(1.64 0.84 0.05)
(1.72 0.84 0.05)
(1.8 0.84 0.05)
(1.88 0.84 0.05)
(1.96 0.84 0.05)
(2.04 0.84 0.05)
(2.12 0.84 0.05)
(2.2 0.84 0.05)
(2.28 0.84 0.05)
(2.36 0.84 0.05)
(2.44 0.84 0.05)
(2.52 0.84 0.05)
(2.6 0.84 0.05)
(2.68 0.84 0.05)
(2.76 0.84 0.05)
(2.84 0.84 0.05)
(2.92 0.84 0.05)
(3 0.84 0.05)
(3.08 0.84 0.05)
(3.16 0.84 0.05)
(3.24 0.84 0.05)
(3.32 0.84 0.05)
(3.4 0.84 0.05)
(3.48 0.84 0.05)
(3.56 0.84 0.05)
(3.64 0.84 0.05)
(3.72 0.84 0.05)
(3.8 0.84 0.05)
(3.88 0.84 0.05)
(3.96 0.84 0.05)
(0.04 0.92 0.05)
(0.12 0.92 0.05)
(0.2 0.92 0.05)
(0.28 0.92 0.05)
(0.36 0.92 0.05)
(0.44 0.92 0.05)
(0.52 0.92 0.05)
(0.6 0.92 0.05)
(0.68 0.92 0.05)
(0.76 0.92 0.05)
(0.84 0.92 0.05)
(0.92 0.92 0.05)
(1 0.92 0.05)
(1.08 0.92 0.05)
(1.16 0.92 0.05)
(1.24 0.92 0.05)
(1.32 0.92 0.05)
(1.4 0.92 0.05)
(1.48 0.92 0.05)
(1.56 0.92 0.05)
(1.64 0.92 0.05)
(1.72 0.92 0.05)
(1.8 0.92 0.05)
(1.88 0.92 0.05)
(1.96 0.92 0.05)
(2.04 0.92 0.05)
(2.12 0.92 0.05)
(2.2 0.92 0.05)
(2.28 0.92 0.05)
(2.36 0.92 0.05)
(2.44 0.92 0.05)
(2.52 0.92 0.05)
(2.6 0.92 0.05)
(2.68 0.92 0.05)
(2.76 0.92 0.05)
(2.84 0.92 0.05)
(2.92 0.92 0.05)
(3 0.92 0.05)
(3.08 0.92 0.05)
(3.16 0.92 0.05)
(3.24 0.92 0.05)
(3.32 0.92 0.05)
(3.4 0.92 0.05)
(3.48 0.92 0.05)
(3.56 0.92 0.05)
(3.64 0.92 0.05)
(3.72 0.92 0.05)
(3.8 0.92 0.05)
(3.88 0.92 0.05)
(3.96 0.92 0.05)
(0.04 1 0.05)
(0.12 1 0.05)
(0.2 1 0.05)
(0.28 1 0.05)
(0.36 1 0.05)
(0.44 1 0.05)
(0.52 1 0.05)
(0.6 1 0.05)
(0.68 1 0.05)
(0.76 1 0.05)
(0.84 1 0.05)
(0.92 1 0.05)
(1 1 0.05)
(1.08 1 0.05)
(1.16 1 0.05)
(1.24 1 0.05)
(1.32 1 0.05)
(1.4 1 0.05)
(1.48 1 0.05)
(1.56 1 0.05)
(1.64 1 0.05)
(1.72 1 0.05)
(1.8 1 0.05)
(1.88 1 0.05)
(1.96 1 0.05)
(2.04 1 0.05)
(2.12 1 0.05)
(2.2 1 0.05)
(2.28 1 0.05)
(2.36 1 0.05)
(2.44 1 0.05)
(2.52 1 0.05)
(2.6 1 0.05)
(2.68 1 0.05)
(2.76 1 0.05)
(2.84 1 0.05)
(2.92 1 0.05)
(3 1 0.05)
(3.08 1 0.05)
(3.16 1 0.05)
(3.24 1 0.05)
(3.32 1 0.05)
(3.4 1 0.05)
(3.48 1 0.05)
(3.56 1 0.05)
(3.64 1 0.05)
(3.72 1 0.05)
(3.8 1 0.05)
(3.88 1 0.05)
(3.96 1 0.05)
(0.04 1.08 0.05)
(0.12 1.08 0.05)
(0.2 1.08 0.05)
(0.28 1.08 0.05)
(0.36 1.08 0.05)
(0.44 1.08 0.05)
(0.52 1.08 0.05)
(0.6 1.08 0.05)
(0.68 1.08 0.05)
(0.76 1.08 0.05)
(0.84 1.08 0.05)
(0.92 1.08 0.05)
(1 1.08 0.05)
(1.08 1.08 0.05)
(1.16 1.08 0.05)
(1.24 1.08 0.05)
(1.32 1.08 0.05)
(1.4 1.08 0.05)
(1.48 1.08 0.05)
(1.56 1.08 0.05)
(1.64 1.08 0.05)
(1.72 1.08 0.05)
(1.8 1.08 0.05)
(1.88 1.08 0.05)
(1.96 1.08 0.05)
(2.04 1.08 0.05)
(2.12 1.08 0.05)
(2.2 1.08 0.05)
(2.28 1.08 0.05)
(2.36 1.08 0.05)
(2.44 1.08 0.05)
(2.52 1.08 0.05)
(2.6 1.08 0.05)
(2.68 1.08 0.05)
(2.76 1.08 0.05)
(2.84 1.08 0.05)
(2.92 1.08 0.05)
(3 1.08 0.05)
(3.08 1.08 0.05)
(3.16 1.08 0.05)
(3.24 1.08 0.05)
(3.32 1.08 0.05)
(3.4 1.08 0.05)
(3.48 1.08 0.05)
(3.56 1.08 0.05)
(3.64 1.08 0.05)
(3.72 1.08 0.05)
(3.8 1.08 0.05)
(3.88 1.08 0.05)
(3.96 1.08 0.05)
(0.04 1.16 0.05)
(0.12 1.16 0.05)
(0.2 1.16 0.05)
(0.28 1.16 0.05)
(0.36 1.16 0.05)
(0.44 1.16 0.05)
(0.52 1.16 0.05)
(0.6 1.16 0.05)
(0.68 1.16 0.05)
(0.76 1.16 0.05)
(0.84 1.16 0.05)
(0.92 1.16 0.05)
(1 1.16 0.05)
(1.08 1.16 0.05)
(1.16 1.16 0.05)
(1.24 1.16 0.05)
(1.32 1.16 0.05)
(1.4 1.16 0.05)
(1.48 1.16 0.05)
(1.56 1.16 0.05)
(1.64 1.16 0.05)
(1.72 1.16 0.05)
(1.8 1.16 0.05)
(1.88 1.16 0.05)
(1.96 1.16 0.05)
(2.04 1.16 0.05)
(2.12 1.16 0.05)
(2.2 1.16 0.05)
(2.28 1.16 0.05)
(2.36 1.16 0.05)
(2.44 1.16 0.05)
(2.52 1.16 0.05)
(2.6 1.16 0.05)
(2.68 1.16 0.05)
(2.76 1.16 0.05)
(2.84 1.16 0.05)
(2.92 1.16 0.05)
(3 1.16 0.05)
(3.08 1.16 0.05)
(3.16 1.16 0.05)
(3.24 1.16 0.05)
(3.32 1.16 0.05)
(3.4 1.16 0.05)
(3.48 1.16 0.05)
(3.56 1.16 0.05)
(3.64 1.16 0.05)
(3.72 1.16 0.05)
(3.8 1.16 0.05)
(3.88 1.16 0.05)
(3.96 1.16 0.05)
(0.04 1.24 0.05)
(0.12 1.24 0.05)
(0.2 1.24 0.05)
(0.28 1.24 0.05)
(0.36 1.24 0.05)
(0.44 1.24 0.05)
(0.52 1.24 0.05)
(0.6 1.24 0.05)
(0.68 1.24 0.05)
(0.76 1.24 0.05)
(0.84 1.24 0.05)
(0.92 1.24 0.05)
(1 1.24 0.05)
(1.08 1.24 0.05)
(1.16 1.24 0.05)
(1.24 1.24 0.05)
(1.32 1.24 0.05)
(1.4 1.24 0.05)
(1.48 1.24 0.05)
(1.56 1.24 0.05)
(1.64 1.24 0.05)
(1.72 1.24 0.05)
(1.8 1.24 0.05)
(1.88 1.24 0.05)
(1.96 1.24 0.05)
(2.04 1.24 0.05)
(2.12 1.24 0.05)
(2.2 1.24 0.05)
(2.28 1.24 0.05)
(2.36 1.24 0.05)
(2.44 1.24 0.05)
(2.52 1.24 0.05)
(2.6 1.24 0.05)
(2.68 1.24 0.05)
(2.76 1.24 0.05)
(2.84 1.24 0.05)
(2.92 1.24 0.05)
(3 1.24 0.05)
(3.08 1.24 0.05)
(3.16 1.24 0.05)
(3.24 1.24 0.05)
(3.32 1.24 0.05)
(3.4 1.24 0.05)
(3.48 1.24 0.05)
(3.56 1.24 0.05)
(3.64 1.24 0.05)
(3.72 1.24 0.05)
(3.8 1.24 0.05)
(3.88 1.24 0.05)
(3.96 1.24 0.05)
(0.04 1.32 0.05)
(0.12 1.32 0.05)
(0.2 1.32 0.05)
(0.28 1.32 0.05)
(0.36 1.32 0.05)
(0.44 1.32 0.05)
(0.52 1.32 0.05)
(0.6 1.32 0.05)
(0.68 1.32 0.05)
(0.76 1.32 0.05)
(0.84 1.32 0.05)
(0.92 1.32 0.05)
(1 1.32 0.05)
(1.08 1.32 0.05)
(1.16 1.32 0.05)
(1.24 1.32 0.05)
(1.32 1.32 0.05)
(1.4 1.32 0.05)
(1.48 1.32 0.05)
(1.56 1.32 0.05)
(1.64 1.32 0.05)
(1.72 1.32 0.05)
(1.8 1.32 0.05)
(1.88 1.32 0.05)
(1.96 1.32 0.05)
(2.04 1.32 0.05)
(2.12 1.32 0.05)
(2.2 1.32 0.05)
(2.28 1.32 0.05)
(2.36 1.32 0.05)
(2.44 1.32 0.05)
(2.52 1.32 0.05)
(2.6 1.32 0.05)
(2.68 1.32 0.05)
(2.76 1.32 0.05)
(2.84 1.32 0.05)
(2.92 1.32 0.05)
(3 1.32 0.05)
(3.08 1.32 0.05)
(3.16 1.32 0.05)
(3.24 1.32 0.05)
(3.32 1.32 0.05)
(3.4 1.32 0.05)
(3.48 1.32 0.05)
(3.56 1.32 0.05)
(3.64 1.32 0.05)
(3.72 1.32 0.05)
(3.8 1.32 0.05)
(3.88 1.32 0.05)
(3.96 1.32 0.05)
(0.04 1.4 0.05)
(0.12 1.4 0.05)
(0.2 1.4 0.05)
(0.28 1.4 0.05)
(0.36 1.4 0.05)
(0.44 1.4 0.05)
(0.52 1.4 0.05)
(0.6 1.4 0.05)
(0.68 1.4 0.05)
(0.76 1.4 0.05)
(0.84 1.4 0.05)
(0.92 1.4 0.05)
(1 1.4 0.05)
(1.08 1.4 0.05)
(1.16 1.4 0.05)
(1.24 1.4 0.05)
(1.32 1.4 0.05)
(1.4 1.4 0.05)
(1.48 1.4 0.05)
(1.56 1.4 0.05)
(1.64 1.4 0.05)
(1.72 1.4 0.05)
(1.8 1.4 0.05)
(1.88 1.4 0.05)
(1.96 1.4 0.05)
(2.04 1.4 0.05)
(2.12 1.4 0.05)
(2.2 1.4 0.05)
(2.28 1.4 0.05)
(2.36 1.4 0.05)
(2.44 1.4 0.05)
(2.52 1.4 0.05)
(2.6 1.4 0.05)
(2.68 1.4 0.05)
(2.76 1.4 0.05)
(2.84 1.4 0.05)
(2.92 1.4 0.05)
(3 1.4 0.05)
(3.08 1.4 0.05)
(3.16 1.4 0.05)
(3.24 1.4 0.05)
(3.32 1.4 0.05)
(3.4 1.4 0.05)
(3.48 1.4 0.05)
(3.56 1.4 0.05)
(3.64 1.4 0.05)
(3.72 1.4 0.05)
(3.8 1.4 0.05)
(3.88 1.4 0.05)
(3.96 1.4 0.05)
(0.04 1.48 0.05)
(0.12 1.48 0.05)
(0.2 1.48 0.05)
(0.28 1.48 0.05)
(0.36 1.48 0.05)
(0.44 1.48 0.05)
(0.52 1.48 0.05)
(0.6 1.48 0.05)
(0.68 1.48 0.05)
(0.76 1.48 0.05)
(0.84 1.48 0.05)
(0.92 1.48 0.05)
(1 1.48 0.05)
(1.08 1.48 0.05)
(1.16 1.48 0.05)
(1.24 1.48 0.05)
(1.32 1.48 0.05)
(1.4 1.48 0.05)
(1.48 1.48 0.05)
(1.56 1.48 0.05)
(1.64 1.48 0.05)
(1.72 1.48 0.05)
(1.8 1.48 0.05)
(1.88 1.48 0.05)
(1.96 1.48 0.05)
(2.04 1.48 0.05)
(2.12 1.48 0.05)
(2.2 1.48 0.05)
(2.28 1.48 0.05)
(2.36 1.48 0.05)
(2.44 1.48 0.05)
(2.52 1.48 0.05)
(2.6 1.48 0.05)
(2.68 1.48 0.05)
(2.76 1.48 0.05)
(2.84 1.48 0.05)
(2.92 1.48 0.05)
(3 1.48 0.05)
(3.08 1.48 0.05)
(3.16 1.48 0.05)
(3.24 1.48 0.05)
(3.32 1.48 0.05)
(3.4 1.48 0.05)
(3.48 1.48 0.05)
(3.56 1.48 0.05)
(3.64 1.48 0.05)
(3.72 1.48 0.05)
(3.8 1.48 0.05)
(3.88 1.48 0.05)
(3.96 1.48 0.05)
(0.04 1.56 0.05)
(0.12 1.56 0.05)
(0.2 1.56 0.05)
(0.28 1.56 0.05)
(0.36 1.56 0.05)
(0.44 1.56 0.05)
(0.52 1.56 0.05)
(0.6 1.56 0.05)
(0.68 1.56 0.05)
(0.76 1.56 0.05)
(0.84 1.56 0.05)
(0.92 1.56 0.05)
(1 1.56 0.05)
(1.08 1.56 0.05)
(1.16 1.56 0.05)
(1.24 1.56 0.05)
(1.32 1.56 0.05)
(1.4 1.56 0.05)
(1.48 1.56 0.05)
(1.56 1.56 0.05)
(1.64 1.56 0.05)
(1.72 1.56 0.05)
(1.8 1.56 0.05)
(1.88 1.56 0.05)
(1.96 1.56 0.05)
(2.04 1.56 0.05)
(2.12 1.56 0.05)
(2.2 1.56 0.05)
(2.28 1.56 0.05)
(2.36 1.56 0.05)
(2.44 1.56 0.05)
(2.52 1.56 0.05)
(2.6 1.56 0.05)
(2.68 1.56 0.05)
(2.76 1.56 0.05)
(2.84 1.56 0.05)
(2.92 1.56 0.05)
(3 1.56 0.05)
(3.08 1.56 0.05)
(3.16 1.56 0.05)
(3.24 1.56 0.05)
(3.32 1.56 0.05)
(3.4 1.56 0.05)
(3.48 1.56 0.05)
(3.56 1.56 0.05)
(3.64 1.56 0.05)
(3.72 1.56 0.05)
(3.8 1.56 0.05)
(3.88 1.56 0.05)
(3.96 1.56 0.05)
(0.04 1.64 0.05)
(0.12 1.64 0.05)
(0.2 1.64 0.05)
(0.28 1.64 0.05)
(0.36 1.64 0.05)
(0.44 1.64 0.05)
(0.52 1.64 0.05)
(0.6 1.64 0.05)
(0.68 1.64 0.05)
(0.76 1.64 0.05)
(0.84 1.64 0.05)
(0.92 1.64 0.05)
(1 1.64 0.05)
(1.08 1.64 0.05)
(1.16 1.64 0.05)
(1.24 1.64 0.05)
(1.32 1.64 0.05)
(1.4 1.64 0.05)
(1.48 1.64 0.05)
(1.56 1.64 0.05)
(1.64 1.64 0.05)
(1.72 1.64 0.05)
(1.8 1.64 0.05)
(1.88 1.64 0.05)
(1.96 1.64 0.05)
(2.04 1.64 0.05)
(2.12 1.64 0.05)
(2.2 1.64 0.05)
(2.28 1.64 0.05)
(2.36 1.64 0.05)
(2.44 1.64 0.05)
(2.52 1.64 0.05)
(2.6 1.64 0.05)
(2.68 1.64 0.05)
(2.76 1.64 0.05)
(2.84 1.64 0.05)
(2.92 1.64 0.05)
(3 1.64 0.05)
(3.08 1.64 0.05)
(3.16 1.64 0.05)
(3.24 1.64 0.05)
(3.32 1.64 0.05)
(3.4 1.64 0.05)
(3.48 1.64 0.05)
(3.56 1.64 0.05)
(3.64 1.64 0.05)
(3.72 1.64 0.05)
(3.8 1.64 0.05)
(3.88 1.64 0.05)
(3.96 1.64 0.05)
(0.04 1.72 0.05)
(0.12 1.72 0.05)
(0.2 1.72 0.05)
(0.28 1.72 0.05)
(0.36 1.72 0.05)
(0.44 1.72 0.05)
(0.52 1.72 0.05)
(0.6 1.72 0.05)
(0.68 1.72 0.05)
(0.76 1.72 0.05)
(0.84 1.72 0.05)
(0.92 1.72 0.05)
(1 1.72 0.05)
(1.08 1.72 0.05)
(1.16 1.72 0.05)
(1.24 1.72 0.05)
(1.32 1.72 0.05)
(1.4 1.72 0.05)
(1.48 1.72 0.05)
(1.56 1.72 0.05)
(1.64 1.72 0.05)
(1.72 1.72 0.05)
(1.8 1.72 0.05)
(1.88 1.72 0.05)
(1.96 1.72 0.05)
(2.04 1.72 0.05)
(2.12 1.72 0.05)
(2.2 1.72 0.05)
(2.28 1.72 0.05)
(2.36 1.72 0.05)
(2.44 1.72 0.05)
(2.52 1.72 0.05)
(2.6 1.72 0.05)
(2.68 1.72 0.05)
(2.76 1.72 0.05)
(2.84 1.72 0.05)
(2.92 1.72 0.05)
(3 1.72 0.05)
(3.08 1.72 0.05)
(3.16 1.72 0.05)
(3.24 1.72 0.05)
(3.32 1.72 0.05)
(3.4 1.72 0.05)
(3.48 1.72 0.05)
(3.56 1.72 0.05)
(3.64 1.72 0.05)
(3.72 1.72 0.05)
(3.8 1.72 0.05)
(3.88 1.72 0.05)
(3.96 1.72 0.05)
(0.04 1.8 0.05)
(0.12 1.8 0.05)
(0.2 1.8 0.05)
(0.28 1.8 0.05)
(0.36 1.8 0.05)
(0.44 1.8 0.05)
(0.52 1.8 0.05)
(0.6 1.8 0.05)
(0.68 1.8 0.05)
(0.76 1.8 0.05)
(0.84 1.8 0.05)
(0.92 1.8 0.05)
(1 1.8 0.05)
(1.08 1.8 0.05)
(1.16 1.8 0.05)
(1.24 1.8 0.05)
(1.32 1.8 0.05)
(1.4 1.8 0.05)
(1.48 1.8 0.05)
(1.56 1.8 0.05)
(1.64 1.8 0.05)
(1.72 1.8 0.05)
(1.8 1.8 0.05)
(1.88 1.8 0.05)
(1.96 1.8 0.05)
(2.04 1.8 0.05)
(2.12 1.8 0.05)
(2.2 1.8 0.05)
(2.28 1.8 0.05)
(2.36 1.8 0.05)
(2.44 1.8 0.05)
(2.52 1.8 0.05)
(2.6 1.8 0.05)
(2.68 1.8 0.05)
(2.76 1.8 0.05)
(2.84 1.8 0.05)
(2.92 1.8 0.05)
(3 1.8 0.05)
(3.08 1.8 0.05)
(3.16 1.8 0.05)
(3.24 1.8 0.05)
(3.32 1.8 0.05)
(3.4 1.8 0.05)
(3.48 1.8 0.05)
(3.56 1.8 0.05)
(3.64 1.8 0.05)
(3.72 1.8 0.05)
(3.8 1.8 0.05)
(3.88 1.8 0.05)
(3.96 1.8 0.05)
(0.04 1.88 0.05)
(0.12 1.88 0.05)
(0.2 1.88 0.05)
(0.28 1.88 0.05)
(0.36 1.88 0.05)
(0.44 1.88 0.05)
(0.52 1.88 0.05)
(0.6 1.88 0.05)
(0.68 1.88 0.05)
(0.76 1.88 0.05)
(0.84 1.88 0.05)
(0.92 1.88 0.05)
(1 1.88 0.05)
(1.08 1.88 0.05)
(1.16 1.88 0.05)
(1.24 1.88 0.05)
(1.32 1.88 0.05)
(1.4 1.88 0.05)
(1.48 1.88 0.05)
(1.56 1.88 0.05)
(1.64 1.88 0.05)
(1.72 1.88 0.05)
(1.8 1.88 0.05)
(1.88 1.88 0.05)
(1.96 1.88 0.05)
(2.04 1.88 0.05)
(2.12 1.88 0.05)
(2.2 1.88 0.05)
(2.28 1.88 0.05)
(2.36 1.88 0.05)
(2.44 1.88 0.05)
(2.52 1.88 0.05)
(2.6 1.88 0.05)
(2.68 1.88 0.05)
(2.76 1.88 0.05)
(2.84 1.88 0.05)
(2.92 1.88 0.05)
(3 1.88 0.05)
(3.08 1.88 0.05)
(3.16 1.88 0.05)
(3.24 1.88 0.05)
(3.32 1.88 0.05)
(3.4 1.88 0.05)
(3.48 1.88 0.05)
(3.56 1.88 0.05)
(3.64 1.88 0.05)
(3.72 1.88 0.05)
(3.8 1.88 0.05)
(3.88 1.88 0.05)
(3.96 1.88 0.05)
(0.04 1.96 0.05)
(0.12 1.96 0.05)
(0.2 1.96 0.05)
(0.28 1.96 0.05)
(0.36 1.96 0.05)
(0.44 1.96 0.05)
(0.52 1.96 0.05)
(0.6 1.96 0.05)
(0.68 1.96 0.05)
(0.76 1.96 0.05)
(0.84 1.96 0.05)
(0.92 1.96 0.05)
(1 1.96 0.05)
(1.08 1.96 0.05)
(1.16 1.96 0.05)
(1.24 1.96 0.05)
(1.32 1.96 0.05)
(1.4 1.96 0.05)
(1.48 1.96 0.05)
(1.56 1.96 0.05)
(1.64 1.96 0.05)
(1.72 1.96 0.05)
(1.8 1.96 0.05)
(1.88 1.96 0.05)
(1.96 1.96 0.05)
(2.04 1.96 0.05)
(2.12 1.96 0.05)
(2.2 1.96 0.05)
(2.28 1.96 0.05)
(2.36 1.96 0.05)
(2.44 1.96 0.05)
(2.52 1.96 0.05)
(2.6 1.96 0.05)
(2.68 1.96 0.05)
(2.76 1.96 0.05)
(2.84 1.96 0.05)
(2.92 1.96 0.05)
(3 1.96 0.05)
(3.08 1.96 0.05)
(3.16 1.96 0.05)
(3.24 1.96 0.05)
(3.32 1.96 0.05)
(3.4 1.96 0.05)
(3.48 1.96 0.05)
(3.56 1.96 0.05)
(3.64 1.96 0.05)
(3.72 1.96 0.05)
(3.8 1.96 0.05)
(3.88 1.96 0.05)
(3.96 1.96 0.05)
(0.04 2.04 0.05)
(0.12 2.04 0.05)
(0.2 2.04 0.05)
(0.28 2.04 0.05)
(0.36 2.04 0.05)
(0.44 2.04 0.05)
(0.52 2.04 0.05)
(0.6 2.04 0.05)
(0.68 2.04 0.05)
(0.76 2.04 0.05)
(0.84 2.04 0.05)
(0.92 2.04 0.05)
(1 2.04 0.05)
(1.08 2.04 0.05)
(1.16 2.04 0.05)
(1.24 2.04 0.05)
(1.32 2.04 0.05)
(1.4 2.04 0.05)
(1.48 2.04 0.05)
(1.56 2.04 0.05)
(1.64 2.04 0.05)
(1.72 2.04 0.05)
(1.8 2.04 0.05)
(1.88 2.04 0.05)
(1.96 2.04 0.05)
(2.04 2.04 0.05)
(2.12 2.04 0.05)
(2.2 2.04 0.05)
(2.28 2.04 0.05)
(2.36 2.04 0.05)
(2.44 2.04 0.05)
(2.52 2.04 0.05)
(2.6 2.04 0.05)
(2.68 2.04 0.05)
(2.76 2.04 0.05)
(2.84 2.04 0.05)
(2.92 2.04 0.05)
(3 2.04 0.05)
(3.08 2.04 0.05)
(3.16 2.04 0.05)
(3.24 2.04 0.05)
(3.32 2.04 0.05)
(3.4 2.04 0.05)
(3.48 2.04 0.05)
(3.56 2.04 0.05)
(3.64 2.04 0.05)
(3.72 2.04 0.05)
(3.8 2.04 0.05)
(3.88 2.04 0.05)
(3.96 2.04 0.05)
(0.04 2.12 0.05)
(0.12 2.12 0.05)
(0.2 2.12 0.05)
(0.28 2.12 0.05)
(0.36 2.12 0.05)
(0.44 2.12 0.05)
(0.52 2.12 0.05)
(0.6 2.12 0.05)
(0.68 2.12 0.05)
(0.76 2.12 0.05)
(0.84 2.12 0.05)
(0.92 2.12 0.05)
(1 2.12 0.05)
(1.08 2.12 0.05)
(1.16 2.12 0.05)
(1.24 2.12 0.05)
(1.32 2.12 0.05)
(1.4 2.12 0.05)
(1.48 2.12 0.05)
(1.56 2.12 0.05)
(1.64 2.12 0.05)
(1.72 2.12 0.05)
(1.8 2.12 0.05)
(1.88 2.12 0.05)
(1.96 2.12 0.05)
(2.04 2.12 0.05)
(2.12 2.12 0.05)
(2.2 2.12 0.05)
(2.28 2.12 0.05)
(2.36 2.12 0.05)
(2.44 2.12 0.05)
(2.52 2.12 0.05)
(2.6 2.12 0.05)
(2.68 2.12 0.05)
(2.76 2.12 0.05)
(2.84 2.12 0.05)
(2.92 2.12 0.05)
(3 2.12 0.05)
(3.08 2.12 0.05)
(3.16 2.12 0.05)
(3.24 2.12 0.05)
(3.32 2.12 0.05)
(3.4 2.12 0.05)
(3.48 2.12 0.05)
(3.56 2.12 0.05)
(3.64 2.12 0.05)
(3.72 2.12 0.05)
(3.8 2.12 0.05)
(3.88 2.12 0.05)
(3.96 2.12 0.05)
(0.04 2.2 0.05)
(0.12 2.2 0.05)
(0.2 2.2 0.05)
(0.28 2.2 0.05)
(0.36 2.2 0.05)
(0.44 2.2 0.05)
(0.52 2.2 0.05)
(0.6 2.2 0.05)
(0.68 2.2 0.05)
(0.76 2.2 0.05)
(0.84 2.2 0.05)
(0.92 2.2 0.05)
(1 2.2 0.05)
(1.08 2.2 0.05)
(1.16 2.2 0.05)
(1.24 2.2 0.05)
(1.32 2.2 0.05)
(1.4 2.2 0.05)
(1.48 2.2 0.05)
(1.56 2.2 0.05)
(1.64 2.2 0.05)
(1.72 2.2 0.05)
(1.8 2.2 0.05)
(1.88 2.2 0.05)
(1.96 2.2 0.05)
(2.04 2.2 0.05)
(2.12 2.2 0.05)
(2.2 2.2 0.05)
(2.28 2.2 0.05)
(2.36 2.2 0.05)
(2.44 2.2 0.05)
(2.52 2.2 0.05)
(2.6 2.2 0.05)
(2.68 2.2 0.05)
(2.76 2.2 0.05)
(2.84 2.2 0.05)
(2.92 2.2 0.05)
(3 2.2 0.05)
(3.08 2.2 0.05)
(3.16 2.2 0.05)
(3.24 2.2 0.05)
(3.32 2.2 0.05)
(3.4 2.2 0.05)
(3.48 2.2 0.05)
(3.56 2.2 0.05)
(3.64 2.2 0.05)
(3.72 2.2 0.05)
(3.8 2.2 0.05)
(3.88 2.2 0.05)
(3.96 2.2 0.05)
(0.04 2.28 0.05)
(0.12 2.28 0.05)
(0.2 2.28 0.05)
(0.28 2.28 0.05)
(0.36 2.28 0.05)
(0.44 2.28 0.05)
(0.52 2.28 0.05)
(0.6 2.28 0.05)
(0.68 2.28 0.05)
(0.76 2.28 0.05)
(0.84 2.28 0.05)
(0.92 2.28 0.05)
(1 2.28 0.05)
(1.08 2.28 0.05)
(1.16 2.28 0.05)
(1.24 2.28 0.05)
(1.32 2.28 0.05)
(1.4 2.28 0.05)
(1.48 2.28 0.05)
(1.56 2.28 0.05)
(1.64 2.28 0.05)
(1.72 2.28 0.05)
(1.8 2.28 0.05)
(1.88 2.28 0.05)
(1.96 2.28 0.05)
(2.04 2.28 0.05)
(2.12 2.28 0.05)
(2.2 2.28 0.05)
(2.28 2.28 0.05)
(2.36 2.28 0.05)
(2.44 2.28 0.05)
(2.52 2.28 0.05)
(2.6 2.28 0.05)
(2.68 2.28 0.05)
(2.76 2.28 0.05)
(2.84 2.28 0.05)
(2.92 2.28 0.05)
(3 2.28 0.05)
(3.08 2.28 0.05)
(3.16 2.28 0.05)
(3.24 2.28 0.05)
(3.32 2.28 0.05)
(3.4 2.28 0.05)
(3.48 2.28 0.05)
(3.56 2.28 0.05)
(3.64 2.28 0.05)
(3.72 2.28 0.05)
(3.8 2.28 0.05)
(3.88 2.28 0.05)
(3.96 2.28 0.05)
(0.04 2.36 0.05)
(0.12 2.36 0.05)
(0.2 2.36 0.05)
(0.28 2.36 0.05)
(0.36 2.36 0.05)
(0.44 2.36 0.05)
(0.52 2.36 0.05)
(0.6 2.36 0.05)
(0.68 2.36 0.05)
(0.76 2.36 0.05)
(0.84 2.36 0.05)
(0.92 2.36 0.05)
(1 2.36 0.05)
(1.08 2.36 0.05)
(1.16 2.36 0.05)
(1.24 2.36 0.05)
(1.32 2.36 0.05)
(1.4 2.36 0.05)
(1.48 2.36 0.05)
(1.56 2.36 0.05)
(1.64 2.36 0.05)
(1.72 2.36 0.05)
(1.8 2.36 0.05)
(1.88 2.36 0.05)
(1.96 2.36 0.05)
(2.04 2.36 0.05)
(2.12 2.36 0.05)
(2.2 2.36 0.05)
(2.28 2.36 0.05)
(2.36 2.36 0.05)
(2.44 2.36 0.05)
(2.52 2.36 0.05)
(2.6 2.36 0.05)
(2.68 2.36 0.05)
(2.76 2.36 0.05)
(2.84 2.36 0.05)
(2.92 2.36 0.05)
(3 2.36 0.05)
(3.08 2.36 0.05)
(3.16 2.36 0.05)
(3.24 2.36 0.05)
(3.32 2.36 0.05)
(3.4 2.36 0.05)
(3.48 2.36 0.05)
(3.56 2.36 0.05)
(3.64 2.36 0.05)
(3.72 2.36 0.05)
(3.8 2.36 0.05)
(3.88 2.36 0.05)
(3.96 2.36 0.05)
(0.04 2.44 0.05)
(0.12 2.44 0.05)
(0.2 2.44 0.05)
(0.28 2.44 0.05)
(0.36 2.44 0.05)
(0.44 2.44 0.05)
(0.52 2.44 0.05)
(0.6 2.44 0.05)
(0.68 2.44 0.05)
(0.76 2.44 0.05)
(0.84 2.44 0.05)
(0.92 2.44 0.05)
(1 2.44 0.05)
(1.08 2.44 0.05)
(1.16 2.44 0.05)
(1.24 2.44 0.05)
(1.32 2.44 0.05)
(1.4 2.44 0.05)
(1.48 2.44 0.05)
(1.56 2.44 0.05)
(1.64 2.44 0.05)
(1.72 2.44 0.05)
(1.8 2.44 0.05)
(1.88 2.44 0.05)
(1.96 2.44 0.05)
(2.04 2.44 0.05)
(2.12 2.44 0.05)
(2.2 2.44 0.05)
(2.28 2.44 0.05)
(2.36 2.44 0.05)
(2.44 2.44 0.05)
(2.52 2.44 0.05)
(2.6 2.44 0.05)
(2.68 2.44 0.05)
(2.76 2.44 0.05)
(2.84 2.44 0.05)
(2.92 2.44 0.05)
(3 2.44 0.05)
(3.08 2.44 0.05)
(3.16 2.44 0.05)
(3.24 2.44 0.05)
(3.32 2.44 0.05)
(3.4 2.44 0.05)
(3.48 2.44 0.05)
(3.56 2.44 0.05)
(3.64 2.44 0.05)
(3.72 2.44 0.05)
(3.8 2.44 0.05)
(3.88 2.44 0.05)
(3.96 2.44 0.05)
(0.04 2.52 0.05)
(0.12 2.52 0.05)
(0.2 2.52 0.05)
(0.28 2.52 0.05)
(0.36 2.52 0.05)
(0.44 2.52 0.05)
(0.52 2.52 0.05)
(0.6 2.52 0.05)
(0.68 2.52 0.05)
(0.76 2.52 0.05)
(0.84 2.52 0.05)
(0.92 2.52 0.05)
(1 2.52 0.05)
(1.08 2.52 0.05)
(1.16 2.52 0.05)
(1.24 2.52 0.05)
(1.32 2.52 0.05)
(1.4 2.52 0.05)
(1.48 2.52 0.05)
(1.56 2.52 0.05)
(1.64 2.52 0.05)
(1.72 2.52 0.05)
(1.8 2.52 0.05)
(1.88 2.52 0.05)
(1.96 2.52 0.05)
(2.04 2.52 0.05)
(2.12 2.52 0.05)
(2.2 2.52 0.05)
(2.28 2.52 0.05)
(2.36 2.52 0.05)
(2.44 2.52 0.05)
(2.52 2.52 0.05)
(2.6 2.52 0.05)
(2.68 2.52 0.05)
(2.76 2.52 0.05)
(2.84 2.52 0.05)
(2.92 2.52 0.05)
(3 2.52 0.05)
(3.08 2.52 0.05)
(3.16 2.52 0.05)
(3.24 2.52 0.05)
(3.32 2.52 0.05)
(3.4 2.52 0.05)
(3.48 2.52 0.05)
(3.56 2.52 0.05)
(3.64 2.52 0.05)
(3.72 2.52 0.05)
(3.8 2.52 0.05)
(3.88 2.52 0.05)
(3.96 2.52 0.05)
(0.04 2.6 0.05)
(0.12 2.6 0.05)
(0.2 2.6 0.05)
(0.28 2.6 0.05)
(0.36 2.6 0.05)
(0.44 2.6 0.05)
(0.52 2.6 0.05)
(0.6 2.6 0.05)
(0.68 2.6 0.05)
(0.76 2.6 0.05)
(0.84 2.6 0.05)
(0.92 2.6 0.05)
(1 2.6 0.05)
(1.08 2.6 0.05)
(1.16 2.6 0.05)
(1.24 2.6 0.05)
(1.32 2.6 0.05)
(1.4 2.6 0.05)
(1.48 2.6 0.05)
(1.56 2.6 0.05)
(1.64 2.6 0.05)
(1.72 2.6 0.05)
(1.8 2.6 0.05)
(1.88 2.6 0.05)
(1.96 2.6 0.05)
(2.04 2.6 0.05)
(2.12 2.6 0.05)
(2.2 2.6 0.05)
(2.28 2.6 0.05)
(2.36 2.6 0.05)
(2.44 2.6 0.05)
(2.52 2.6 0.05)
(2.6 2.6 0.05)
(2.68 2.6 0.05)
(2.76 2.6 0.05)
(2.84 2.6 0.05)
(2.92 2.6 0.05)
(3 2.6 0.05)
(3.08 2.6 0.05)
(3.16 2.6 0.05)
(3.24 2.6 0.05)
(3.32 2.6 0.05)
(3.4 2.6 0.05)
(3.48 2.6 0.05)
(3.56 2.6 0.05)
(3.64 2.6 0.05)
(3.72 2.6 0.05)
(3.8 2.6 0.05)
(3.88 2.6 0.05)
(3.96 2.6 0.05)
(0.04 2.68 0.05)
(0.12 2.68 0.05)
(0.2 2.68 0.05)
(0.28 2.68 0.05)
(0.36 2.68 0.05)
(0.44 2.68 0.05)
(0.52 2.68 0.05)
(0.6 2.68 0.05)
(0.68 2.68 0.05)
(0.76 2.68 0.05)
(0.84 2.68 0.05)
(0.92 2.68 0.05)
(1 2.68 0.05)
(1.08 2.68 0.05)
(1.16 2.68 0.05)
(1.24 2.68 0.05)
(1.32 2.68 0.05)
(1.4 2.68 0.05)
(1.48 2.68 0.05)
(1.56 2.68 0.05)
(1.64 2.68 0.05)
(1.72 2.68 0.05)
(1.8 2.68 0.05)
(1.88 2.68 0.05)
(1.96 2.68 0.05)
(2.04 2.68 0.05)
(2.12 2.68 0.05)
(2.2 2.68 0.05)
(2.28 2.68 0.05)
(2.36 2.68 0.05)
(2.44 2.68 0.05)
(2.52 2.68 0.05)
(2.6 2.68 0.05)
(2.68 2.68 0.05)
(2.76 2.68 0.05)
(2.84 2.68 0.05)
(2.92 2.68 0.05)
(3 2.68 0.05)
(3.08 2.68 0.05)
(3.16 2.68 0.05)
(3.24 2.68 0.05)
(3.32 2.68 0.05)
(3.4 2.68 0.05)
(3.48 2.68 0.05)
(3.56 2.68 0.05)
(3.64 2.68 0.05)
(3.72 2.68 0.05)
(3.8 2.68 0.05)
(3.88 2.68 0.05)
(3.96 2.68 0.05)
(0.04 2.76 0.05)
(0.12 2.76 0.05)
(0.2 2.76 0.05)
(0.28 2.76 0.05)
(0.36 2.76 0.05)
(0.44 2.76 0.05)
(0.52 2.76 0.05)
(0.6 2.76 0.05)
(0.68 2.76 0.05)
(0.76 2.76 0.05)
(0.84 2.76 0.05)
(0.92 2.76 0.05)
(1 2.76 0.05)
(1.08 2.76 0.05)
(1.16 2.76 0.05)
(1.24 2.76 0.05)
(1.32 2.76 0.05)
(1.4 2.76 0.05)
(1.48 2.76 0.05)
(1.56 2.76 0.05)
(1.64 2.76 0.05)
(1.72 2.76 0.05)
(1.8 2.76 0.05)
(1.88 2.76 0.05)
(1.96 2.76 0.05)
(2.04 2.76 0.05)
(2.12 2.76 0.05)
(2.2 2.76 0.05)
(2.28 2.76 0.05)
(2.36 2.76 0.05)
(2.44 2.76 0.05)
(2.52 2.76 0.05)
(2.6 2.76 0.05)
(2.68 2.76 0.05)
(2.76 2.76 0.05)
(2.84 2.76 0.05)
(2.92 2.76 0.05)
(3 2.76 0.05)
(3.08 2.76 0.05)
(3.16 2.76 0.05)
(3.24 2.76 0.05)
(3.32 2.76 0.05)
(3.4 2.76 0.05)
(3.48 2.76 0.05)
(3.56 2.76 0.05)
(3.64 2.76 0.05)
(3.72 2.76 0.05)
(3.8 2.76 0.05)
(3.88 2.76 0.05)
(3.96 2.76 0.05)
(0.04 2.84 0.05)
(0.12 2.84 0.05)
(0.2 2.84 0.05)
(0.28 2.84 0.05)
(0.36 2.84 0.05)
(0.44 2.84 0.05)
(0.52 2.84 0.05)
(0.6 2.84 0.05)
(0.68 2.84 0.05)
(0.76 2.84 0.05)
(0.84 2.84 0.05)
(0.92 2.84 0.05)
(1 2.84 0.05)
(1.08 2.84 0.05)
(1.16 2.84 0.05)
(1.24 2.84 0.05)
(1.32 2.84 0.05)
(1.4 2.84 0.05)
(1.48 2.84 0.05)
(1.56 2.84 0.05)
(1.64 2.84 0.05)
(1.72 2.84 0.05)
(1.8 2.84 0.05)
(1.88 2.84 0.05)
(1.96 2.84 0.05)
(2.04 2.84 0.05)
(2.12 2.84 0.05)
(2.2 2.84 0.05)
(2.28 2.84 0.05)
(2.36 2.84 0.05)
(2.44 2.84 0.05)
(2.52 2.84 0.05)
(2.6 2.84 0.05)
(2.68 2.84 0.05)
(2.76 2.84 0.05)
(2.84 2.84 0.05)
(2.92 2.84 0.05)
(3 2.84 0.05)
(3.08 2.84 0.05)
(3.16 2.84 0.05)
(3.24 2.84 0.05)
(3.32 2.84 0.05)
(3.4 2.84 0.05)
(3.48 2.84 0.05)
(3.56 2.84 0.05)
(3.64 2.84 0.05)
(3.72 2.84 0.05)
(3.8 2.84 0.05)
(3.88 2.84 0.05)
(3.96 2.84 0.05)
(0.04 2.92 0.05)
(0.12 2.92 0.05)
(0.2 2.92 0.05)
(0.28 2.92 0.05)
(0.36 2.92 0.05)
(0.44 2.92 0.05)
(0.52 2.92 0.05)
(0.6 2.92 0.05)
(0.68 2.92 0.05)
(0.76 2.92 0.05)
(0.84 2.92 0.05)
(0.92 2.92 0.05)
(1 2.92 0.05)
(1.08 2.92 0.05)
(1.16 2.92 0.05)
(1.24 2.92 0.05)
(1.32 2.92 0.05)
(1.4 2.92 0.05)
(1.48 2.92 0.05)
(1.56 2.92 0.05)
(1.64 2.92 0.05)
(1.72 2.92 0.05)
(1.8 2.92 0.05)
(1.88 2.92 0.05)
(1.96 2.92 0.05)
(2.04 2.92 0.05)
(2.12 2.92 0.05)
(2.2 2.92 0.05)
(2.28 2.92 0.05)
(2.36 2.92 0.05)
(2.44 2.92 0.05)
(2.52 2.92 0.05)
(2.6 2.92 0.05)
(2.68 2.92 0.05)
(2.76 2.92 0.05)
(2.84 2.92 0.05)
(2.92 2.92 0.05)
(3 2.92 0.05)
(3.08 2.92 0.05)
(3.16 2.92 0.05)
(3.24 2.92 0.05)
(3.32 2.92 0.05)
(3.4 2.92 0.05)
(3.48 2.92 0.05)
(3.56 2.92 0.05)
(3.64 2.92 0.05)
(3.72 2.92 0.05)
(3.8 2.92 0.05)
(3.88 2.92 0.05)
(3.96 2.92 0.05)
(0.04 3 0.05)
(0.12 3 0.05)
(0.2 3 0.05)
(0.28 3 0.05)
(0.36 3 0.05)
(0.44 3 0.05)
(0.52 3 0.05)
(0.6 3 0.05)
(0.68 3 0.05)
(0.76 3 0.05)
(0.84 3 0.05)
(0.92 3 0.05)
(1 3 0.05)
(1.08 3 0.05)
(1.16 3 0.05)
(1.24 3 0.05)
(1.32 3 0.05)
(1.4 3 0.05)
(1.48 3 0.05)
(1.56 3 0.05)
(1.64 3 0.05)
(1.72 3 0.05)
(1.8 3 0.05)
(1.88 3 0.05)
(1.96 3 0.05)
(2.04 3 0.05)
(2.12 3 0.05)
(2.2 3 0.05)
(2.28 3 0.05)
(2.36 3 0.05)
(2.44 3 0.05)
(2.52 3 0.05)
(2.6 3 0.05)
(2.68 3 0.05)
(2.76 3 0.05)
(2.84 3 0.05)
(2.92 3 0.05)
(3 3 0.05)
(3.08 3 0.05)
(3.16 3 0.05)
(3.24 3 0.05)
(3.32 3 0.05)
(3.4 3 0.05)
(3.48 3 0.05)
(3.56 3 0.05)
(3.64 3 0.05)
(3.72 3 0.05)
(3.8 3 0.05)
(3.88 3 0.05)
(3.96 3 0.05)
(0.04 3.08 0.05)
(0.12 3.08 0.05)
(0.2 3.08 0.05)
(0.28 3.08 0.05)
(0.36 3.08 0.05)
(0.44 3.08 0.05)
(0.52 3.08 0.05)
(0.6 3.08 0.05)
(0.68 3.08 0.05)
(0.76 3.08 0.05)
(0.84 3.08 0.05)
(0.92 3.08 0.05)
(1 3.08 0.05)
(1.08 3.08 0.05)
(1.16 3.08 0.05)
(1.24 3.08 0.05)
(1.32 3.08 0.05)
(1.4 3.08 0.05)
(1.48 3.08 0.05)
(1.56 3.08 0.05)
(1.64 3.08 0.05)
(1.72 3.08 0.05)
(1.8 3.08 0.05)
(1.88 3.08 0.05)
(1.96 3.08 0.05)
(2.04 3.08 0.05)
(2.12 3.08 0.05)
(2.2 3.08 0.05)
(2.28 3.08 0.05)
(2.36 3.08 0.05)
(2.44 3.08 0.05)
(2.52 3.08 0.05)
(2.6 3.08 0.05)
(2.68 3.08 0.05)
(2.76 3.08 0.05)
(2.84 3.08 0.05)
(2.92 3.08 0.05)
(3 3.08 0.05)
(3.08 3.08 0.05)
(3.16 3.08 0.05)
(3.24 3.08 0.05)
(3.32 3.08 0.05)
(3.4 3.08 0.05)
(3.48 3.08 0.05)
(3.56 3.08 0.05)
(3.64 3.08 0.05)
(3.72 3.08 0.05)
(3.8 3.08 0.05)
(3.88 3.08 0.05)
(3.96 3.08 0.05)
(0.04 3.16 0.05)
(0.12 3.16 0.05)
(0.2 3.16 0.05)
(0.28 3.16 0.05)
(0.36 3.16 0.05)
(0.44 3.16 0.05)
(0.52 3.16 0.05)
(0.6 3.16 0.05)
(0.68 3.16 0.05)
(0.76 3.16 0.05)
(0.84 3.16 0.05)
(0.92 3.16 0.05)
(1 3.16 0.05)
(1.08 3.16 0.05)
(1.16 3.16 0.05)
(1.24 3.16 0.05)
(1.32 3.16 0.05)
(1.4 3.16 0.05)
(1.48 3.16 0.05)
(1.56 3.16 0.05)
(1.64 3.16 0.05)
(1.72 3.16 0.05)
(1.8 3.16 0.05)
(1.88 3.16 0.05)
(1.96 3.16 0.05)
(2.04 3.16 0.05)
(2.12 3.16 0.05)
(2.2 3.16 0.05)
(2.28 3.16 0.05)
(2.36 3.16 0.05)
(2.44 3.16 0.05)
(2.52 3.16 0.05)
(2.6 3.16 0.05)
(2.68 3.16 0.05)
(2.76 3.16 0.05)
(2.84 3.16 0.05)
(2.92 3.16 0.05)
(3 3.16 0.05)
(3.08 3.16 0.05)
(3.16 3.16 0.05)
(3.24 3.16 0.05)
(3.32 3.16 0.05)
(3.4 3.16 0.05)
(3.48 3.16 0.05)
(3.56 3.16 0.05)
(3.64 3.16 0.05)
(3.72 3.16 0.05)
(3.8 3.16 0.05)
(3.88 3.16 0.05)
(3.96 3.16 0.05)
(0.04 3.24 0.05)
(0.12 3.24 0.05)
(0.2 3.24 0.05)
(0.28 3.24 0.05)
(0.36 3.24 0.05)
(0.44 3.24 0.05)
(0.52 3.24 0.05)
(0.6 3.24 0.05)
(0.68 3.24 0.05)
(0.76 3.24 0.05)
(0.84 3.24 0.05)
(0.92 3.24 0.05)
(1 3.24 0.05)
(1.08 3.24 0.05)
(1.16 3.24 0.05)
(1.24 3.24 0.05)
(1.32 3.24 0.05)
(1.4 3.24 0.05)
(1.48 3.24 0.05)
(1.56 3.24 0.05)
(1.64 3.24 0.05)
(1.72 3.24 0.05)
(1.8 3.24 0.05)
(1.88 3.24 0.05)
(1.96 3.24 0.05)
(2.04 3.24 0.05)
(2.12 3.24 0.05)
(2.2 3.24 0.05)
(2.28 3.24 0.05)
(2.36 3.24 0.05)
(2.44 3.24 0.05)
(2.52 3.24 0.05)
(2.6 3.24 0.05)
(2.68 3.24 0.05)
(2.76 3.24 0.05)
(2.84 3.24 0.05)
(2.92 3.24 0.05)
(3 3.24 0.05)
(3.08 3.24 0.05)
(3.16 3.24 0.05)
(3.24 3.24 0.05)
(3.32 3.24 0.05)
(3.4 3.24 0.05)
(3.48 3.24 0.05)
(3.56 3.24 0.05)
(3.64 3.24 0.05)
(3.72 3.24 0.05)
(3.8 3.24 0.05)
(3.88 3.24 0.05)
(3.96 3.24 0.05)
(0.04 3.32 0.05)
(0.12 3.32 0.05)
(0.2 3.32 0.05)
(0.28 3.32 0.05)
(0.36 3.32 0.05)
(0.44 3.32 0.05)
(0.52 3.32 0.05)
(0.6 3.32 0.05)
(0.68 3.32 0.05)
(0.76 3.32 0.05)
(0.84 3.32 0.05)
(0.92 3.32 0.05)
(1 3.32 0.05)
(1.08 3.32 0.05)
(1.16 3.32 0.05)
(1.24 3.32 0.05)
(1.32 3.32 0.05)
(1.4 3.32 0.05)
(1.48 3.32 0.05)
(1.56 3.32 0.05)
(1.64 3.32 0.05)
(1.72 3.32 0.05)
(1.8 3.32 0.05)
(1.88 3.32 0.05)
(1.96 3.32 0.05)
(2.04 3.32 0.05)
(2.12 3.32 0.05)
(2.2 3.32 0.05)
(2.28 3.32 0.05)
(2.36 3.32 0.05)
(2.44 3.32 0.05)
(2.52 3.32 0.05)
(2.6 3.32 0.05)
(2.68 3.32 0.05)
(2.76 3.32 0.05)
(2.84 3.32 0.05)
(2.92 3.32 0.05)
(3 3.32 0.05)
(3.08 3.32 0.05)
(3.16 3.32 0.05)
(3.24 3.32 0.05)
(3.32 3.32 0.05)
(3.4 3.32 0.05)
(3.48 3.32 0.05)
(3.56 3.32 0.05)
(3.64 3.32 0.05)
(3.72 3.32 0.05)
(3.8 3.32 0.05)
(3.88 3.32 0.05)
(3.96 3.32 0.05)
(0.04 3.4 0.05)
(0.12 3.4 0.05)
(0.2 3.4 0.05)
(0.28 3.4 0.05)
(0.36 3.4 0.05)
(0.44 3.4 0.05)
(0.52 3.4 0.05)
(0.6 3.4 0.05)
(0.68 3.4 0.05)
(0.76 3.4 0.05)
(0.84 3.4 0.05)
(0.92 3.4 0.05)
(1 3.4 0.05)
(1.08 3.4 0.05)
(1.16 3.4 0.05)
(1.24 3.4 0.05)
(1.32 3.4 0.05)
(1.4 3.4 0.05)
(1.48 3.4 0.05)
(1.56 3.4 0.05)
(1.64 3.4 0.05)
(1.72 3.4 0.05)
(1.8 3.4 0.05)
(1.88 3.4 0.05)
(1.96 3.4 0.05)
(2.04 3.4 0.05)
(2.12 3.4 0.05)
(2.2 3.4 0.05)
(2.28 3.4 0.05)
(2.36 3.4 0.05)
(2.44 3.4 0.05)
(2.52 3.4 0.05)
(2.6 3.4 0.05)
(2.68 3.4 0.05)
(2.76 3.4 0.05)
(2.84 3.4 0.05)
(2.92 3.4 0.05)
(3 3.4 0.05)
(3.08 3.4 0.05)
(3.16 3.4 0.05)
(3.24 3.4 0.05)
(3.32 3.4 0.05)
(3.4 3.4 0.05)
(3.48 3.4 0.05)
(3.56 3.4 0.05)
(3.64 3.4 0.05)
(3.72 3.4 0.05)
(3.8 3.4 0.05)
(3.88 3.4 0.05)
(3.96 3.4 0.05)
(0.04 3.48 0.05)
(0.12 3.48 0.05)
(0.2 3.48 0.05)
(0.28 3.48 0.05)
(0.36 3.48 0.05)
(0.44 3.48 0.05)
(0.52 3.48 0.05)
(0.6 3.48 0.05)
(0.68 3.48 0.05)
(0.76 3.48 0.05)
(0.84 3.48 0.05)
(0.92 3.48 0.05)
(1 3.48 0.05)
(1.08 3.48 0.05)
(1.16 3.48 0.05)
(1.24 3.48 0.05)
(1.32 3.48 0.05)
(1.4 3.48 0.05)
(1.48 3.48 0.05)
(1.56 3.48 0.05)
(1.64 3.48 0.05)
(1.72 3.48 0.05)
(1.8 3.48 0.05)
(1.88 3.48 0.05)
(1.96 3.48 0.05)
(2.04 3.48 0.05)
(2.12 3.48 0.05)
(2.2 3.48 0.05)
(2.28 3.48 0.05)
(2.36 3.48 0.05)
(2.44 3.48 0.05)
(2.52 3.48 0.05)
(2.6 3.48 0.05)
(2.68 3.48 0.05)
(2.76 3.48 0.05)
(2.84 3.48 0.05)
(2.92 3.48 0.05)
(3 3.48 0.05)
(3.08 3.48 0.05)
(3.16 3.48 0.05)
(3.24 3.48 0.05)
(3.32 3.48 0.05)
(3.4 3.48 0.05)
(3.48 3.48 0.05)
(3.56 3.48 0.05)
(3.64 3.48 0.05)
(3.72 3.48 0.05)
(3.8 3.48 0.05)
(3.88 3.48 0.05)
(3.96 3.48 0.05)
(0.04 3.56 0.05)
(0.12 3.56 0.05)
(0.2 3.56 0.05)
(0.28 3.56 0.05)
(0.36 3.56 0.05)
(0.44 3.56 0.05)
(0.52 3.56 0.05)
(0.6 3.56 0.05)
(0.68 3.56 0.05)
(0.76 3.56 0.05)
(0.84 3.56 0.05)
(0.92 3.56 0.05)
(1 3.56 0.05)
(1.08 3.56 0.05)
(1.16 3.56 0.05)
(1.24 3.56 0.05)
(1.32 3.56 0.05)
(1.4 3.56 0.05)
(1.48 3.56 0.05)
(1.56 3.56 0.05)
(1.64 3.56 0.05)
(1.72 3.56 0.05)
(1.8 3.56 0.05)
(1.88 3.56 0.05)
(1.96 3.56 0.05)
(2.04 3.56 0.05)
(2.12 3.56 0.05)
(2.2 3.56 0.05)
(2.28 3.56 0.05)
(2.36 3.56 0.05)
(2.44 3.56 0.05)
(2.52 3.56 0.05)
(2.6 3.56 0.05)
(2.68 3.56 0.05)
(2.76 3.56 0.05)
(2.84 3.56 0.05)
(2.92 3.56 0.05)
(3 3.56 0.05)
(3.08 3.56 0.05)
(3.16 3.56 0.05)
(3.24 3.56 0.05)
(3.32 3.56 0.05)
(3.4 3.56 0.05)
(3.48 3.56 0.05)
(3.56 3.56 0.05)
(3.64 3.56 0.05)
(3.72 3.56 0.05)
(3.8 3.56 0.05)
(3.88 3.56 0.05)
(3.96 3.56 0.05)
(0.04 3.64 0.05)
(0.12 3.64 0.05)
(0.2 3.64 0.05)
(0.28 3.64 0.05)
(0.36 3.64 0.05)
(0.44 3.64 0.05)
(0.52 3.64 0.05)
(0.6 3.64 0.05)
(0.68 3.64 0.05)
(0.76 3.64 0.05)
(0.84 3.64 0.05)
(0.92 3.64 0.05)
(1 3.64 0.05)
(1.08 3.64 0.05)
(1.16 3.64 0.05)
(1.24 3.64 0.05)
(1.32 3.64 0.05)
(1.4 3.64 0.05)
(1.48 3.64 0.05)
(1.56 3.64 0.05)
(1.64 3.64 0.05)
(1.72 3.64 0.05)
(1.8 3.64 0.05)
(1.88 3.64 0.05)
(1.96 3.64 0.05)
(2.04 3.64 0.05)
(2.12 3.64 0.05)
(2.2 3.64 0.05)
(2.28 3.64 0.05)
(2.36 3.64 0.05)
(2.44 3.64 0.05)
(2.52 3.64 0.05)
(2.6 3.64 0.05)
(2.68 3.64 0.05)
(2.76 3.64 0.05)
(2.84 3.64 0.05)
(2.92 3.64 0.05)
(3 3.64 0.05)
(3.08 3.64 0.05)
(3.16 3.64 0.05)
(3.24 3.64 0.05)
(3.32 3.64 0.05)
(3.4 3.64 0.05)
(3.48 3.64 0.05)
(3.56 3.64 0.05)
(3.64 3.64 0.05)
(3.72 3.64 0.05)
(3.8 3.64 0.05)
(3.88 3.64 0.05)
(3.96 3.64 0.05)
(0.04 3.72 0.05)
(0.12 3.72 0.05)
(0.2 3.72 0.05)
(0.28 3.72 0.05)
(0.36 3.72 0.05)
(0.44 3.72 0.05)
(0.52 3.72 0.05)
(0.6 3.72 0.05)
(0.68 3.72 0.05)
(0.76 3.72 0.05)
(0.84 3.72 0.05)
(0.92 3.72 0.05)
(1 3.72 0.05)
(1.08 3.72 0.05)
(1.16 3.72 0.05)
(1.24 3.72 0.05)
(1.32 3.72 0.05)
(1.4 3.72 0.05)
(1.48 3.72 0.05)
(1.56 3.72 0.05)
(1.64 3.72 0.05)
(1.72 3.72 0.05)
(1.8 3.72 0.05)
(1.88 3.72 0.05)
(1.96 3.72 0.05)
(2.04 3.72 0.05)
(2.12 3.72 0.05)
(2.2 3.72 0.05)
(2.28 3.72 0.05)
(2.36 3.72 0.05)
(2.44 3.72 0.05)
(2.52 3.72 0.05)
(2.6 3.72 0.05)
(2.68 3.72 0.05)
(2.76 3.72 0.05)
(2.84 3.72 0.05)
(2.92 3.72 0.05)
(3 3.72 0.05)
(3.08 3.72 0.05)
(3.16 3.72 0.05)
(3.24 3.72 0.05)
(3.32 3.72 0.05)
(3.4 3.72 0.05)
(3.48 3.72 0.05)
(3.56 3.72 0.05)
(3.64 3.72 0.05)
(3.72 3.72 0.05)
(3.8 3.72 0.05)
(3.88 3.72 0.05)
(3.96 3.72 0.05)
(0.04 3.8 0.05)
(0.12 3.8 0.05)
(0.2 3.8 0.05)
(0.28 3.8 0.05)
(0.36 3.8 0.05)
(0.44 3.8 0.05)
(0.52 3.8 0.05)
(0.6 3.8 0.05)
(0.68 3.8 0.05)
(0.76 3.8 0.05)
(0.84 3.8 0.05)
(0.92 3.8 0.05)
(1 3.8 0.05)
(1.08 3.8 0.05)
(1.16 3.8 0.05)
(1.24 3.8 0.05)
(1.32 3.8 0.05)
(1.4 3.8 0.05)
(1.48 3.8 0.05)
(1.56 3.8 0.05)
(1.64 3.8 0.05)
(1.72 3.8 0.05)
(1.8 3.8 0.05)
(1.88 3.8 0.05)
(1.96 3.8 0.05)
(2.04 3.8 0.05)
(2.12 3.8 0.05)
(2.2 3.8 0.05)
(2.28 3.8 0.05)
(2.36 3.8 0.05)
(2.44 3.8 0.05)
(2.52 3.8 0.05)
(2.6 3.8 0.05)
(2.68 3.8 0.05)
(2.76 3.8 0.05)
(2.84 3.8 0.05)
(2.92 3.8 0.05)
(3 3.8 0.05)
(3.08 3.8 0.05)
(3.16 3.8 0.05)
(3.24 3.8 0.05)
(3.32 3.8 0.05)
(3.4 3.8 0.05)
(3.48 3.8 0.05)
(3.56 3.8 0.05)
(3.64 3.8 0.05)
(3.72 3.8 0.05)
(3.8 3.8 0.05)
(3.88 3.8 0.05)
(3.96 3.8 0.05)
(0.04 3.88 0.05)
(0.12 3.88 0.05)
(0.2 3.88 0.05)
(0.28 3.88 0.05)
(0.36 3.88 0.05)
(0.44 3.88 0.05)
(0.52 3.88 0.05)
(0.6 3.88 0.05)
(0.68 3.88 0.05)
(0.76 3.88 0.05)
(0.84 3.88 0.05)
(0.92 3.88 0.05)
(1 3.88 0.05)
(1.08 3.88 0.05)
(1.16 3.88 0.05)
(1.24 3.88 0.05)
(1.32 3.88 0.05)
(1.4 3.88 0.05)
(1.48 3.88 0.05)
(1.56 3.88 0.05)
(1.64 3.88 0.05)
(1.72 3.88 0.05)
(1.8 3.88 0.05)
(1.88 3.88 0.05)
(1.96 3.88 0.05)
(2.04 3.88 0.05)
(2.12 3.88 0.05)
(2.2 3.88 0.05)
(2.28 3.88 0.05)
(2.36 3.88 0.05)
(2.44 3.88 0.05)
(2.52 3.88 0.05)
(2.6 3.88 0.05)
(2.68 3.88 0.05)
(2.76 3.88 0.05)
(2.84 3.88 0.05)
(2.92 3.88 0.05)
(3 3.88 0.05)
(3.08 3.88 0.05)
(3.16 3.88 0.05)
(3.24 3.88 0.05)
(3.32 3.88 0.05)
(3.4 3.88 0.05)
(3.48 3.88 0.05)
(3.56 3.88 0.05)
(3.64 3.88 0.05)
(3.72 3.88 0.05)
(3.8 3.88 0.05)
(3.88 3.88 0.05)
(3.96 3.88 0.05)
(0.04 3.96 0.05)
(0.12 3.96 0.05)
(0.2 3.96 0.05)
(0.28 3.96 0.05)
(0.36 3.96 0.05)
(0.44 3.96 0.05)
(0.52 3.96 0.05)
(0.6 3.96 0.05)
(0.68 3.96 0.05)
(0.76 3.96 0.05)
(0.84 3.96 0.05)
(0.92 3.96 0.05)
(1 3.96 0.05)
(1.08 3.96 0.05)
(1.16 3.96 0.05)
(1.24 3.96 0.05)
(1.32 3.96 0.05)
(1.4 3.96 0.05)
(1.48 3.96 0.05)
(1.56 3.96 0.05)
(1.64 3.96 0.05)
(1.72 3.96 0.05)
(1.8 3.96 0.05)
(1.88 3.96 0.05)
(1.96 3.96 0.05)
(2.04 3.96 0.05)
(2.12 3.96 0.05)
(2.2 3.96 0.05)
(2.28 3.96 0.05)
(2.36 3.96 0.05)
(2.44 3.96 0.05)
(2.52 3.96 0.05)
(2.6 3.96 0.05)
(2.68 3.96 0.05)
(2.76 3.96 0.05)
(2.84 3.96 0.05)
(2.92 3.96 0.05)
(3 3.96 0.05)
(3.08 3.96 0.05)
(3.16 3.96 0.05)
(3.24 3.96 0.05)
(3.32 3.96 0.05)
(3.4 3.96 0.05)
(3.48 3.96 0.05)
(3.56 3.96 0.05)
(3.64 3.96 0.05)
(3.72 3.96 0.05)
(3.8 3.96 0.05)
(3.88 3.96 0.05)
(3.96 3.96 0.05)
)
;

boundaryField
{
    movingWall
    {
        type            sliced;
        value           nonuniform List<vector> 
50
(
(0.04 4 0.05)
(0.12 4 0.05)
(0.2 4 0.05)
(0.28 4 0.05)
(0.36 4 0.05)
(0.44 4 0.05)
(0.52 4 0.05)
(0.6 4 0.05)
(0.68 4 0.05)
(0.76 4 0.05)
(0.84 4 0.05)
(0.92 4 0.05)
(1 4 0.05)
(1.08 4 0.05)
(1.16 4 0.05)
(1.24 4 0.05)
(1.32 4 0.05)
(1.4 4 0.05)
(1.48 4 0.05)
(1.56 4 0.05)
(1.64 4 0.05)
(1.72 4 0.05)
(1.8 4 0.05)
(1.88 4 0.05)
(1.96 4 0.05)
(2.04 4 0.05)
(2.12 4 0.05)
(2.2 4 0.05)
(2.28 4 0.05)
(2.36 4 0.05)
(2.44 4 0.05)
(2.52 4 0.05)
(2.6 4 0.05)
(2.68 4 0.05)
(2.76 4 0.05)
(2.84 4 0.05)
(2.92 4 0.05)
(3 4 0.05)
(3.08 4 0.05)
(3.16 4 0.05)
(3.24 4 0.05)
(3.32 4 0.05)
(3.4 4 0.05)
(3.48 4 0.05)
(3.56 4 0.05)
(3.64 4 0.05)
(3.72 4 0.05)
(3.8 4 0.05)
(3.88 4 0.05)
(3.96 4 0.05)
)
;
    }
    fixedWalls
    {
        type            sliced;
        value           nonuniform List<vector> 
150
(
(0 0.04 0.05)
(0 0.12 0.05)
(0 0.2 0.05)
(0 0.28 0.05)
(0 0.36 0.05)
(0 0.44 0.05)
(0 0.52 0.05)
(0 0.6 0.05)
(0 0.68 0.05)
(0 0.76 0.05)
(0 0.84 0.05)
(0 0.92 0.05)
(0 1 0.05)
(0 1.08 0.05)
(0 1.16 0.05)
(0 1.24 0.05)
(0 1.32 0.05)
(0 1.4 0.05)
(0 1.48 0.05)
(0 1.56 0.05)
(0 1.64 0.05)
(0 1.72 0.05)
(0 1.8 0.05)
(0 1.88 0.05)
(0 1.96 0.05)
(0 2.04 0.05)
(0 2.12 0.05)
(0 2.2 0.05)
(0 2.28 0.05)
(0 2.36 0.05)
(0 2.44 0.05)
(0 2.52 0.05)
(0 2.6 0.05)
(0 2.68 0.05)
(0 2.76 0.05)
(0 2.84 0.05)
(0 2.92 0.05)
(0 3 0.05)
(0 3.08 0.05)
(0 3.16 0.05)
(0 3.24 0.05)
(0 3.32 0.05)
(0 3.4 0.05)
(0 3.48 0.05)
(0 3.56 0.05)
(0 3.64 0.05)
(0 3.72 0.05)
(0 3.8 0.05)
(0 3.88 0.05)
(0 3.96 0.05)
(4 0.04 0.05)
(4 0.12 0.05)
(4 0.2 0.05)
(4 0.28 0.05)
(4 0.36 0.05)
(4 0.44 0.05)
(4 0.52 0.05)
(4 0.6 0.05)
(4 0.68 0.05)
(4 0.76 0.05)
(4 0.84 0.05)
(4 0.92 0.05)
(4 1 0.05)
(4 1.08 0.05)
(4 1.16 0.05)
(4 1.24 0.05)
(4 1.32 0.05)
(4 1.4 0.05)
(4 1.48 0.05)
(4 1.56 0.05)
(4 1.64 0.05)
(4 1.72 0.05)
(4 1.8 0.05)
(4 1.88 0.05)
(4 1.96 0.05)
(4 2.04 0.05)
(4 2.12 0.05)
(4 2.2 0.05)
(4 2.28 0.05)
(4 2.36 0.05)
(4 2.44 0.05)
(4 2.52 0.05)
(4 2.6 0.05)
(4 2.68 0.05)
(4 2.76 0.05)
(4 2.84 0.05)
(4 2.92 0.05)
(4 3 0.05)
(4 3.08 0.05)
(4 3.16 0.05)
(4 3.24 0.05)
(4 3.32 0.05)
(4 3.4 0.05)
(4 3.48 0.05)
(4 3.56 0.05)
(4 3.64 0.05)
(4 3.72 0.05)
(4 3.8 0.05)
(4 3.88 0.05)
(4 3.96 0.05)
(0.04 0 0.05)
(0.12 0 0.05)
(0.2 0 0.05)
(0.28 0 0.05)
(0.36 0 0.05)
(0.44 0 0.05)
(0.52 0 0.05)
(0.6 0 0.05)
(0.68 0 0.05)
(0.76 0 0.05)
(0.84 0 0.05)
(0.92 0 0.05)
(1 0 0.05)
(1.08 0 0.05)
(1.16 0 0.05)
(1.24 0 0.05)
(1.32 0 0.05)
(1.4 0 0.05)
(1.48 0 0.05)
(1.56 0 0.05)
(1.64 0 0.05)
(1.72 0 0.05)
(1.8 0 0.05)
(1.88 0 0.05)
(1.96 0 0.05)
(2.04 0 0.05)
(2.12 0 0.05)
(2.2 0 0.05)
(2.28 0 0.05)
(2.36 0 0.05)
(2.44 0 0.05)
(2.52 0 0.05)
(2.6 0 0.05)
(2.68 0 0.05)
(2.76 0 0.05)
(2.84 0 0.05)
(2.92 0 0.05)
(3 0 0.05)
(3.08 0 0.05)
(3.16 0 0.05)
(3.24 0 0.05)
(3.32 0 0.05)
(3.4 0 0.05)
(3.48 0 0.05)
(3.56 0 0.05)
(3.64 0 0.05)
(3.72 0 0.05)
(3.8 0 0.05)
(3.88 0 0.05)
(3.96 0 0.05)
)
;
    }
    frontAndBack
    {
        type            sliced;
        value           nonuniform List<vector> 0();
    }
}

