/*--------------------------------*- C++ -*----------------------------------*\
| =========                 |                                                 |
| \\      /  F ield         | OpenFOAM: The Open Source CFD Toolbox           |
|  \\    /   O peration     | Version:  v2006                                 |
|   \\  /    A nd           | Website:  www.openfoam.com                      |
|    \\/     M anipulation  |                                                 |
\*---------------------------------------------------------------------------*/
FoamFile
{
    version     2.0;
    format      ascii;
    class       volScalarField;
    location    "0";
    object      f;
}
// * * * * * * * * * * * * * * * * * * * * * * * * * * * * * * * * * * * * * //

dimensions      [0 0 0 0 0 0 0];


internalField   nonuniform List<scalar> 
2500
(
4.35722e-42
-8.15118e-34
3.18474e-29
-8.27971e-27
-1.55951e-23
1.43956e-21
-2.54196e-21
-2.04716e-19
-1.10729e-18
2.86864e-18
1.06562e-16
-1.5494e-16
-1.17152e-15
3.66847e-14
-1.10039e-13
-4.08237e-13
3.63921e-11
-1.0958e-10
-7.23207e-10
1.28547e-08
1.88139e-08
-1.54264e-08
-7.00132e-07
-7.23851e-07
-5.9814e-07
-3.23717e-07
1.84077e-06
1.01853e-06
-1.11265e-08
-1.71697e-07
-1.98842e-08
6.1839e-08
4.28821e-08
8.24422e-09
-9.06744e-10
-6.49731e-10
-7.93825e-11
2.86636e-11
1.42073e-11
3.81421e-13
-3.96742e-13
-9.90756e-14
9.53078e-16
1.63414e-15
7.74441e-16
2.94753e-16
1.00231e-16
3.126e-17
9.12269e-18
6.49093e-19
6.69155e-40
-3.20499e-32
5.91022e-28
-8.89865e-27
-1.59479e-22
8.73548e-21
1.91487e-20
-6.83575e-19
-9.54963e-18
4.58685e-18
4.03043e-16
-2.11048e-16
-3.21891e-15
2.93341e-13
-7.90583e-12
9.88064e-12
1.48363e-10
-4.82931e-09
-1.1986e-09
1.21689e-07
2.85884e-08
-2.53194e-06
-2.85652e-06
-1.18662e-06
-4.94527e-07
5.85931e-06
1.80881e-05
8.07607e-07
-9.57749e-07
-6.99788e-07
-7.0505e-08
9.02671e-08
5.66763e-08
9.96561e-09
-8.38859e-10
-5.70849e-10
-4.6271e-11
3.84202e-11
1.28451e-11
-2.16398e-14
-3.46932e-13
-7.39972e-14
6.23577e-16
6.76766e-16
3.37532e-16
1.329e-16
4.54071e-17
1.39756e-17
3.97614e-18
3.77218e-19
8.2043e-38
-1.0226e-30
8.51447e-27
1.2223e-24
-1.34831e-21
4.17954e-20
2.55414e-19
-1.06921e-18
-4.93628e-17
-4.63149e-18
1.86016e-15
-4.69589e-14
8.71153e-14
6.32192e-13
-3.67505e-11
7.45904e-10
2.54984e-10
-2.08829e-08
1.58921e-07
3.6625e-07
-3.11153e-06
-1.25051e-05
-6.24232e-06
-1.56938e-06
0.000146333
0.000242127
7.01326e-05
-6.59762e-07
-3.60512e-06
-2.02689e-06
-2.19958e-07
1.69537e-07
1.06177e-07
1.78439e-08
-2.10509e-09
-1.28881e-09
-6.93412e-11
8.01435e-11
2.61725e-11
-3.1453e-13
-7.61637e-13
-1.37479e-13
8.8511e-16
8.71421e-16
4.24605e-16
1.63391e-16
5.50033e-17
1.67341e-17
4.70042e-18
4.92059e-19
9.29461e-36
-3.07729e-29
1.11479e-25
2.73138e-23
-1.06364e-20
1.70996e-19
1.83176e-18
5.4513e-18
-2.10162e-16
-4.95455e-17
7.1004e-15
-3.08949e-13
7.00432e-12
-3.17099e-11
-6.77524e-11
3.49155e-09
-3.73903e-08
-3.87075e-08
1.51701e-06
6.01881e-07
-3.24615e-05
-3.11565e-05
-9.64596e-06
0.000845016
0.00174022
0.00109844
0.000209603
-8.58368e-06
-1.00894e-05
-5.04964e-06
-5.51394e-07
2.85582e-07
1.7427e-07
2.61995e-08
-4.10478e-09
-2.17269e-09
-2.7949e-11
1.49737e-10
4.02374e-11
-1.2501e-12
-1.19608e-12
-1.87271e-13
1.12009e-15
9.84143e-16
4.98486e-16
1.93869e-16
6.50288e-17
1.95916e-17
5.42281e-18
6.14493e-19
9.87956e-34
-8.74593e-28
1.30536e-24
4.30268e-22
-7.81593e-20
5.0052e-19
9.97604e-18
6.99536e-17
-1.85275e-15
1.34884e-14
-3.42954e-15
-6.74127e-13
3.40759e-11
-7.06404e-10
3.56952e-09
6.67041e-09
-2.48483e-07
5.21928e-07
4.85163e-06
-2.59243e-05
-0.000109119
-4.6685e-05
0.00191219
0.00601215
0.00628893
0.00312711
0.000519487
-2.48538e-05
-2.40563e-05
-1.11566e-05
-1.16813e-06
4.61742e-07
2.71923e-07
3.41553e-08
-8.15144e-09
-3.65153e-09
1.17249e-10
2.71204e-10
5.99437e-11
-2.63772e-12
-1.81517e-12
-2.49364e-13
1.00724e-15
1.08287e-15
5.79209e-16
2.27309e-16
7.5644e-17
2.24668e-17
6.09912e-18
7.35397e-19
9.91482e-32
-2.34352e-26
1.30603e-23
5.79235e-21
-5.30671e-19
-1.51739e-19
4.07536e-17
4.75653e-16
-1.83597e-14
3.61556e-13
-5.28469e-12
2.75381e-11
6.58356e-11
-2.75241e-09
4.00005e-08
-8.54284e-08
-7.2063e-07
8.7798e-06
7.92552e-06
-0.000198122
-0.000214693
0.00175538
0.0118836
0.0188982
0.0159283
0.0071663
0.00111873
-5.50103e-05
-5.11519e-05
-2.21875e-05
-2.0881e-06
7.31507e-07
4.03305e-07
3.70281e-08
-1.5809e-08
-5.71009e-09
4.47483e-10
4.68806e-10
8.32298e-11
-4.43771e-12
-2.45759e-12
-3.03112e-13
5.643e-16
1.17159e-15
6.68344e-16
2.63741e-16
8.65578e-17
2.52e-17
6.66947e-18
8.42136e-19
9.40823e-30
-5.89431e-25
9.5111e-23
7.04867e-20
-3.26523e-18
-1.87465e-17
1.26913e-16
1.41363e-15
-5.28626e-14
1.43108e-12
-2.821e-11
3.82836e-10
-2.16429e-09
-4.65714e-09
1.32458e-07
-1.28087e-06
-1.02072e-06
3.30627e-05
-5.86089e-05
-0.000620611
-4.10363e-05
0.0139607
0.0356626
0.0441942
0.0332404
0.0141067
0.00212266
-0.00011022
-9.88851e-05
-3.98963e-05
-3.11703e-06
1.1612e-06
5.72348e-07
2.4144e-08
-2.97749e-08
-8.14601e-09
1.08174e-09
7.66262e-10
1.06877e-10
-5.88786e-12
-2.94521e-12
-3.42212e-13
-4.58877e-16
1.25005e-15
7.67689e-16
3.02967e-16
9.73163e-17
2.75798e-17
7.0624e-18
9.18811e-19
8.42838e-28
-1.3808e-23
2.0858e-24
7.90986e-19
-1.73523e-17
-2.30694e-16
5.90478e-15
-6.59674e-14
3.15251e-13
2.15618e-12
-5.3649e-11
1.37423e-09
-1.93836e-08
9.09428e-08
2.11283e-07
-4.70648e-06
2.14681e-05
7.30577e-05
-0.000642566
-0.00126444
0.00804887
0.0439384
0.0806928
0.0867339
0.0602443
0.0244238
0.00353799
-0.000204482
-0.000175739
-6.48792e-05
-3.75184e-06
1.87954e-06
7.72813e-07
-2.11644e-08
-5.37321e-08
-1.0302e-08
2.11192e-09
1.15386e-09
1.25397e-10
-6.33004e-12
-3.08934e-12
-3.60498e-13
-3.698e-15
1.28302e-15
8.75185e-16
3.44026e-16
1.07199e-16
2.93327e-17
7.19733e-18
9.47108e-19
7.10422e-26
-2.97208e-22
-1.92019e-20
8.23486e-18
-7.15019e-17
-1.80938e-15
6.00096e-14
-1.27446e-12
1.82061e-11
-1.93154e-10
9.94298e-10
1.89496e-09
-6.16716e-08
7.77429e-07
-2.25992e-06
-8.94095e-06
0.000116837
7.28873e-05
-0.00217754
-0.00129445
0.0333817
0.101037
0.153415
0.14932
0.097007
0.0375638
0.00513937
-0.000353381
-0.000288286
-9.47741e-05
-3.07384e-06
3.11526e-06
9.67759e-07
-1.07532e-07
-9.11655e-08
-1.15626e-08
3.47276e-09
1.57536e-09
1.33164e-10
-5.96122e-12
-2.73586e-12
-3.62228e-13
-1.62368e-14
1.16021e-15
9.82831e-16
3.84527e-16
1.151e-16
3.01175e-17
6.98959e-18
9.07905e-19
5.61089e-24
-5.72372e-21
-5.41474e-19
8.26698e-17
-8.1107e-16
-4.03841e-15
1.47608e-13
-3.71891e-12
7.9067e-11
-1.1129e-09
1.04858e-08
-5.46733e-08
-8.0161e-08
2.43789e-06
-1.82517e-05
1.56791e-06
0.000321833
-0.000845764
-0.00506882
0.00869937
0.0840075
0.193232
0.255649
0.230311
0.140142
0.0514561
0.00642109
-0.000574788
-0.000436261
-0.000122385
1.72214e-06
5.21526e-06
1.06793e-06
-2.53354e-07
-1.42268e-07
-1.08265e-08
4.91078e-09
1.93638e-09
1.25228e-10
-3.75933e-12
-1.8155e-12
-3.72772e-13
-5.03954e-14
5.1937e-16
1.08163e-15
4.20177e-16
1.19425e-16
2.95337e-17
6.35952e-18
7.83816e-19
4.13914e-22
-9.29677e-20
-1.07188e-17
8.91054e-16
-1.84067e-14
2.64168e-13
-2.58973e-12
7.27052e-12
1.28503e-10
-2.13205e-09
3.23401e-08
-2.81553e-07
1.06608e-06
3.83887e-06
-5.63695e-05
0.000181752
0.000551703
-0.00381934
-0.00820507
0.0371419
0.168726
0.322614
0.383237
0.319623
0.182331
0.0626458
0.00670973
-0.000887513
-0.000604605
-0.000135386
1.10158e-05
8.48121e-06
9.71024e-07
-4.67202e-07
-1.95408e-07
-5.7465e-09
6.34885e-09
2.12084e-09
1.05771e-10
3.79657e-13
-8.61471e-13
-4.41392e-13
-1.1162e-13
-1.802e-15
1.16986e-15
4.44289e-16
1.18088e-16
2.71546e-17
5.24722e-18
5.62662e-19
2.85208e-20
-1.10989e-18
-1.01247e-16
4.40929e-15
-8.70205e-14
1.51316e-12
-2.3875e-11
2.85842e-10
-2.48039e-09
8.20902e-09
4.39147e-08
-6.37303e-07
5.28022e-06
-5.38452e-06
-0.000102906
0.000674849
0.000416968
-0.0100357
-0.00826406
0.0880983
0.290221
0.481425
0.520201
0.402704
0.213938
0.0674855
0.00522752
-0.00131008
-0.000754718
-0.000113644
2.65464e-05
1.25986e-05
2.87547e-07
-7.38918e-07
-2.33483e-07
1.46495e-09
7.38121e-09
2.01673e-09
9.30278e-11
7.35742e-12
-4.95826e-13
-5.59945e-13
-1.78806e-13
-5.30197e-15
1.23392e-15
4.44975e-16
1.08576e-16
2.26057e-17
3.63382e-18
2.41599e-19
1.85829e-18
-9.66565e-18
-2.46814e-16
7.64737e-15
-1.11562e-13
2.74013e-12
-5.59893e-11
1.01298e-09
-1.58181e-08
1.32391e-07
-5.4085e-07
-5.01633e-07
1.38096e-05
-7.19461e-05
-9.39305e-05
0.00163973
-0.00239106
-0.0199951
0.00490319
0.167063
0.441752
0.649361
0.643626
0.461865
0.226418
0.0631379
0.00187307
-0.00184969
-0.000816034
-2.7302e-05
4.94551e-05
1.54601e-05
-8.9606e-07
-1.08539e-06
-2.4117e-07
8.91509e-09
7.44667e-09
1.59904e-09
1.03929e-10
1.98001e-11
-4.65091e-13
-7.39951e-13
-2.31002e-13
-6.39959e-15
1.25155e-15
4.08336e-16
8.83854e-17
1.57007e-17
1.56829e-18
-1.68883e-19
1.54262e-16
-4.77182e-15
9.84964e-14
-1.47648e-12
1.65819e-11
-1.35406e-10
6.36687e-10
7.5335e-10
-3.23051e-08
4.39706e-07
-2.91475e-06
8.81359e-06
1.93894e-05
-0.000237169
0.000457461
0.00287581
-0.00874087
-0.0314495
0.0318945
0.271711
0.605568
0.793886
0.732388
0.483093
0.213874
0.046082
-0.0022118
-0.00245583
-0.000666162
0.000104136
8.2092e-05
1.49223e-05
-2.42967e-06
-1.44493e-06
-2.11177e-07
1.08554e-08
5.47424e-09
9.95368e-10
1.72234e-10
4.17151e-11
1.25919e-13
-9.75711e-13
-2.72262e-13
-4.69559e-15
1.19115e-15
3.19682e-16
5.59627e-17
6.64374e-18
-8.04955e-19
-6.42568e-19
4.49234e-15
-5.65933e-14
7.85878e-13
-9.00174e-12
8.89818e-11
-7.66954e-10
5.4676e-09
-2.94246e-08
3.17179e-08
6.7534e-07
-7.02972e-06
3.71638e-05
-4.1381e-05
-0.000490317
0.00184913
0.00339883
-0.0195032
-0.0398503
0.0731922
0.390116
0.754477
0.894714
0.760931
0.45673
0.169122
0.0220724
-0.00521104
-0.00284771
-0.000245244
0.000259093
0.000116072
8.81286e-06
-3.69137e-06
-1.58762e-06
-1.38002e-07
3.20748e-09
1.25809e-09
4.17825e-10
2.56086e-10
7.33749e-11
9.50182e-13
-1.25522e-12
-3.00574e-13
-8.04964e-16
1.0074e-15
1.66393e-16
1.20659e-17
-3.72678e-18
-3.22897e-18
-1.13903e-18
2.10419e-14
-1.56902e-13
1.70765e-12
-1.69566e-11
1.59471e-10
-1.46804e-09
1.38507e-08
-1.34508e-07
7.97431e-07
-1.83713e-06
-8.72208e-06
8.86308e-05
-0.000264603
-0.000612302
0.00423489
0.00157283
-0.0340652
-0.0419686
0.128942
0.504801
0.860206
0.928859
0.721546
0.373076
0.10623
-0.000527254
-0.00635433
-0.00226704
0.000382441
0.000415595
0.000119895
-9.31704e-07
-4.48795e-06
-1.3527e-06
-6.15938e-08
-7.32044e-09
-2.80438e-09
1.57289e-10
3.29226e-10
9.50378e-11
6.69368e-13
-1.58023e-12
-2.93119e-13
2.77995e-15
6.38682e-16
-5.17315e-17
-3.84016e-17
-1.37269e-17
-5.34862e-18
-1.61218e-18
1.84527e-14
3.65902e-13
-1.02756e-11
1.4398e-10
-1.24583e-09
6.04386e-09
1.44377e-09
-2.5151e-07
2.69891e-06
-1.30889e-05
1.83077e-05
0.000139761
-0.00072759
-5.86273e-05
0.0072042
-0.0037129
-0.0495716
-0.0356813
0.190392
0.594369
0.901674
0.885576
0.60312
0.25736
0.0426799
-0.0125836
-0.00724077
-0.000535783
0.00106887
0.000561008
8.9271e-05
-9.01211e-06
-5.09921e-06
-8.72477e-07
-2.07097e-08
-1.98652e-08
-5.98119e-09
2.59734e-10
3.90587e-10
8.89478e-11
-2.91904e-12
-1.8917e-12
-1.82361e-13
4.5151e-15
-1.81929e-16
-3.15712e-16
-8.45424e-17
-2.08283e-17
-6.79114e-18
-2.02851e-18
-3.21892e-12
2.73337e-11
-3.00617e-10
2.69094e-09
-1.94858e-08
1.08951e-07
-4.19591e-07
5.64755e-07
4.28912e-06
-3.40608e-05
0.000100895
0.00013939
-0.00140643
0.00165546
0.00958069
-0.0122143
-0.0629153
-0.0211588
0.246097
0.641312
0.86098
0.759901
0.437991
0.137343
-0.00516607
-0.0148372
-0.00542328
0.00145796
0.00157909
0.000568534
3.71346e-05
-9.86718e-06
-4.09321e-06
-3.69824e-07
-4.8342e-08
-3.32326e-08
-7.44081e-09
6.01472e-10
4.10071e-10
5.09613e-11
-6.03308e-12
-1.93785e-12
-3.45047e-14
6.74655e-15
-1.4703e-15
-5.75662e-16
-1.0802e-16
-2.2433e-17
-7.34587e-18
-2.39275e-18
-2.07118e-11
1.23009e-10
-1.15088e-09
9.30734e-09
-6.49243e-08
3.74192e-07
-1.71646e-06
4.87929e-06
-2.03571e-06
-5.30332e-05
0.000251527
-0.000174917
-0.00201692
0.00448903
0.010285
-0.0234903
-0.0724372
-0.00101238
0.285833
0.6415
0.745854
0.566278
0.261388
0.0387437
-0.0261948
-0.0147376
-1.55161e-05
0.00335657
0.00190413
0.000411172
-1.15628e-05
-8.98141e-06
-1.51533e-06
5.74006e-08
-6.58341e-08
-4.41431e-08
-6.8844e-09
8.07706e-10
3.43481e-10
7.60306e-12
-7.13802e-12
-1.11653e-12
9.95656e-14
1.14655e-14
-3.4592e-15
-7.22208e-16
-9.2295e-17
-1.74883e-17
-7.18753e-18
-2.77051e-18
-4.12211e-11
2.05133e-10
-1.78207e-09
1.39949e-08
-1.00421e-07
6.5559e-07
-3.72323e-06
1.44284e-05
-3.05777e-05
-3.99647e-05
0.000420697
-0.000781209
-0.00214566
0.0080231
0.00877147
-0.0353353
-0.0768306
0.019401
0.30263
0.573637
0.568644
0.359126
0.109347
-0.0230847
-0.0266646
-0.00776564
0.00451654
0.00426448
0.00172881
0.000193302
-2.17751e-05
-7.12031e-06
6.02403e-07
1.41102e-07
-8.82953e-08
-4.81106e-08
-4.10556e-09
7.47511e-10
1.88451e-10
-2.35042e-11
-8.88363e-12
4.32993e-14
1.45932e-13
1.0011e-15
-5.00194e-15
-5.66905e-16
-3.24447e-17
-7.95504e-18
-7.00771e-18
-3.28781e-18
1.20569e-10
-6.50818e-10
4.96261e-09
-2.58024e-08
6.23274e-08
3.52021e-07
-4.58274e-06
2.6182e-05
-8.80458e-05
9.04628e-05
0.00050601
-0.00170034
-0.00112496
0.0109142
0.00543886
-0.0462163
-0.0765521
0.0350957
0.291946
0.438816
0.375727
0.1737
0.00216764
-0.0433801
-0.0211125
0.00288206
0.00745716
0.00438234
0.00106584
-6.52086e-06
-1.05718e-05
2.86982e-06
2.177e-06
1.53279e-07
-1.42661e-07
-4.76752e-08
-3.93455e-10
7.24162e-10
3.2616e-11
-3.84527e-11
-6.9332e-12
7.16399e-13
1.5257e-13
-2.79759e-14
-6.01468e-15
4.96481e-17
5.38669e-17
5.63899e-19
-7.89859e-18
-4.08815e-18
1.22828e-09
-5.1615e-09
3.65494e-08
-2.10024e-07
9.51737e-07
-2.83023e-06
2.04688e-06
2.93177e-05
-0.000149433
0.00031309
0.000334886
-0.00259213
0.000717718
0.0133328
0.000220062
-0.0549597
-0.0724045
0.0438812
0.23317
0.289453
0.190228
0.0330351
-0.0528384
-0.0394646
-0.00810414
0.00881033
0.0076319
0.00309196
0.000374129
-5.34295e-05
-4.86336e-06
8.43106e-06
2.65376e-06
-1.4824e-07
-1.61202e-07
-2.68214e-08
2.24325e-09
6.63456e-10
-1.00438e-10
-4.17036e-11
9.5666e-13
9.66442e-13
1.83524e-15
-3.73885e-14
-2.42834e-15
7.86919e-16
1.20123e-16
-2.59161e-19
-1.08828e-17
-5.24622e-18
2.37326e-09
-1.03991e-08
7.4143e-08
-4.49447e-07
2.29714e-06
-8.90705e-06
2.17541e-05
-8.34003e-06
-0.000169135
0.000564528
-0.000166677
-0.00311216
0.00323368
0.0145025
-0.00531592
-0.0596852
-0.0645834
0.0414425
0.151281
0.143953
0.0458957
-0.0477642
-0.0599376
-0.026462
0.00453004
0.0101574
0.00579036
0.00124635
-0.000122324
-2.2262e-05
1.98912e-05
1.08065e-05
1.24476e-06
-4.38721e-07
-1.70161e-07
-5.32872e-09
2.69356e-09
2.41866e-10
-1.36712e-10
-2.39055e-11
5.41927e-12
1.09315e-12
-1.51312e-13
-3.5374e-14
6.93151e-15
1.38592e-15
9.65019e-17
-1.62676e-17
-1.61123e-17
-6.67287e-18
-7.44317e-09
-4.85087e-11
2.94482e-08
-3.86682e-07
2.63405e-06
-1.35246e-05
4.91961e-05
-9.35965e-05
-6.58524e-05
0.000783111
-0.00101649
-0.00307323
0.00583612
0.0147962
-0.0096663
-0.0585446
-0.0537093
0.0190794
0.0634669
0.0319628
-0.0388308
-0.0706361
-0.0447768
-0.00702246
0.0102249
0.00786363
0.00243109
-0.000117903
-0.000161786
4.999e-06
3.35441e-05
1.05495e-05
-4.44585e-07
-4.88529e-07
-8.31511e-08
1.0347e-08
3.07216e-09
-3.12586e-10
-1.22908e-10
2.00014e-11
9.281e-12
4.49087e-13
-9.37392e-14
2.24082e-14
1.28104e-14
1.19486e-15
-3.16492e-17
-4.43388e-17
-2.23087e-17
-8.09194e-18
-3.93441e-08
6.63153e-08
-3.66491e-07
1.32402e-06
-2.45573e-06
-6.67766e-06
6.52562e-05
-0.000204202
0.000162298
0.000848532
-0.00199895
-0.00261421
0.00813456
0.0146059
-0.0117972
-0.0493049
-0.0413948
-0.00418123
0.00114356
-0.0337583
-0.0675032
-0.0561238
-0.0202527
0.00674811
0.00946544
0.00373675
-0.000249149
-0.000591327
-7.57034e-05
7.57858e-05
3.62938e-05
3.19583e-06
-1.31884e-06
-4.63706e-07
1.80685e-08
1.45906e-08
1.31966e-09
-5.33312e-10
-3.88194e-11
4.06555e-11
9.60079e-12
-2.09248e-13
5.88375e-14
8.44548e-14
1.48497e-14
-2.79454e-16
-2.00012e-16
-7.16502e-17
-2.71344e-17
-9.16024e-18
-3.56128e-08
1.46373e-07
-9.34653e-07
4.63981e-06
-1.44453e-05
2.17078e-05
4.31639e-05
-0.000291793
0.000502223
0.000635416
-0.00276544
-0.00211581
0.00968257
0.0138045
-0.0109667
-0.0341015
-0.0289382
-0.018287
-0.0288511
-0.0520835
-0.0537116
-0.0264352
0.00185185
0.0100623
0.00458269
-0.000662021
-0.00141985
-0.000418111
8.75099e-05
9.03112e-05
2.45641e-05
-1.78072e-06
-1.14605e-06
-4.7807e-08
7.15697e-08
1.59086e-08
-1.96468e-09
-5.90345e-10
9.52865e-11
4.27067e-11
8.4422e-13
-4.33227e-13
1.93999e-13
9.23266e-14
3.84333e-15
-1.35641e-15
-3.12276e-16
-8.21989e-17
-2.88609e-17
-9.70435e-18
5.91424e-07
6.04498e-08
-6.79249e-07
6.73347e-06
-2.67915e-05
6.46703e-05
-3.45378e-05
-0.000307317
0.000820079
0.000319087
-0.00341097
-0.0016455
0.0100089
0.0121338
-0.00430567
-0.0163399
-0.0153163
-0.0188849
-0.0310478
-0.0373116
-0.0219145
0.000337641
0.0107716
0.00562523
-0.00107434
-0.00285633
-0.00135832
-5.26291e-05
0.000174731
7.02553e-05
-4.10358e-07
-3.86985e-06
-7.25419e-07
2.28495e-07
8.39289e-08
1.03147e-09
-2.46027e-09
-2.10609e-10
1.17003e-10
1.70598e-11
-5.84797e-12
-7.38527e-13
2.16818e-13
4.31696e-14
-9.44221e-15
-1.89079e-15
-2.6731e-16
-7.32354e-17
-2.81697e-17
-9.87951e-18
2.04018e-06
-6.04703e-07
2.34421e-06
1.65196e-06
-3.03862e-05
0.000107136
-0.000165107
-0.000219292
0.00111298
1.46248e-06
-0.00384033
-0.00150902
0.00852629
0.0103972
0.00384902
8.42463e-05
-0.00181727
-0.00802202
-0.0149938
-0.00996272
0.00366461
0.0122886
0.00780065
-0.000889844
-0.00446122
-0.00283686
-0.000542151
0.000231923
0.000128637
9.3742e-06
-1.14368e-05
-3.31884e-06
4.51743e-07
2.65415e-07
2.95309e-08
-1.18752e-08
-2.86229e-09
2.26217e-10
5.64029e-11
-2.93212e-11
-9.06099e-12
-1.51986e-13
3.06887e-14
-4.97534e-14
-1.49511e-14
-1.29769e-15
-1.49144e-16
-6.10487e-17
-2.79581e-17
-1.00271e-17
2.48037e-06
-2.75886e-06
8.07213e-06
-1.575e-05
-7.19171e-06
0.000131587
-0.000299133
-9.28631e-05
0.00131343
-0.000149913
-0.00390613
-0.00187029
0.00525402
0.00918683
0.0105154
0.0109024
0.00814883
0.00298012
0.00242566
0.0087383
0.0140475
0.0103555
0.000505587
-0.00516293
-0.00423219
-0.00133239
0.00021299
0.00022402
3.40678e-05
-2.93755e-05
-1.13289e-05
1.96853e-07
9.17588e-07
2.22873e-07
-3.57115e-08
-1.43293e-08
-5.42674e-10
2.1867e-10
-3.87656e-11
-3.72938e-11
-5.18183e-12
5.47138e-13
-5.09402e-14
-7.36554e-14
-1.27465e-14
-5.38187e-17
-8.85832e-17
-6.58961e-17
-3.07393e-17
-1.02518e-17
-5.26031e-06
-7.9739e-06
1.22037e-05
-3.98962e-05
3.70032e-05
0.000122056
-0.000416992
2.68628e-05
0.00143862
-0.000114841
-0.00356988
-0.00288051
0.00193449
0.00810168
0.0135023
0.0146293
0.0115855
0.00838186
0.00975263
0.012707
0.0106647
0.00237718
-0.00426088
-0.00485264
-0.00190255
0.000199029
0.000388186
6.67223e-05
-6.46356e-05
-3.08738e-05
-2.10912e-06
2.69069e-06
8.62171e-07
-7.63023e-08
-5.44963e-08
-9.16949e-09
1.30778e-09
2.29572e-10
-6.98703e-11
-1.84925e-11
4.58725e-12
8.76092e-13
-1.00238e-13
-3.78035e-14
5.03077e-16
2.5402e-17
-1.77075e-16
-9.65836e-17
-3.56915e-17
-1.0072e-17
-2.19502e-05
-1.19976e-05
1.08855e-05
-5.79681e-05
9.27613e-05
9.03985e-05
-0.000503492
0.00010582
0.00149242
9.90851e-05
-0.00319272
-0.00371142
-6.41659e-06
0.00710854
0.0125582
0.0121312
0.00832356
0.00668691
0.00750497
0.00710214
0.00259898
-0.00261467
-0.00403134
-0.00160109
0.00046431
0.00066582
0.000124878
-0.000119139
-7.46994e-05
-1.15811e-05
6.19183e-06
2.56162e-06
3.53647e-08
-1.76241e-07
-4.25762e-08
6.21238e-09
2.19003e-09
1.18533e-10
1.92033e-11
2.73126e-11
8.56782e-12
6.54449e-13
-1.40551e-14
1.95802e-14
4.8341e-15
-5.32361e-16
-3.98452e-16
-1.3436e-16
-3.76162e-17
-8.56526e-18
-2.59867e-05
4.95582e-06
1.19968e-05
-5.72444e-05
0.000150316
4.71923e-05
-0.000560587
0.000145542
0.00148495
0.000279938
-0.00287627
-0.00375403
-3.75497e-05
0.00633274
0.00866338
0.00587235
0.00179353
0.000622277
0.000949411
0.000162408
-0.0017972
-0.00243165
-0.00045019
0.00120038
0.00114767
0.00027315
-0.000190677
-0.00015432
-3.47867e-05
1.19711e-05
6.3399e-06
5.34289e-07
-5.2986e-07
-1.51642e-07
1.90139e-08
1.10309e-08
1.92579e-09
2.06002e-11
7.38012e-11
4.01304e-11
5.91747e-12
-4.15028e-13
1.65834e-14
3.27656e-14
1.27206e-15
-2.05944e-15
-6.05805e-16
-1.40774e-16
-3.06018e-17
-5.16426e-18
3.39953e-05
6.69324e-05
2.84372e-05
-4.37816e-05
0.000190143
-7.89545e-06
-0.000576216
0.000193927
0.00128816
0.00010756
-0.00243475
-0.00215716
0.00192361
0.00548935
0.00426999
-4.25207e-05
-0.00326194
-0.0037551
-0.00327774
-0.00269273
-0.0016035
0.000557482
0.00206742
0.00179778
0.000549946
-0.000236508
-0.000253804
-7.05145e-05
2.04087e-05
1.44196e-05
2.10632e-06
-1.25973e-06
-4.24357e-07
3.43354e-08
4.06693e-08
9.1529e-09
-5.51577e-10
-5.14417e-11
6.56993e-11
1.6852e-11
-2.63871e-12
-5.66394e-13
1.45849e-14
1.74521e-15
-7.27648e-15
-2.59259e-15
-5.10816e-16
-9.41572e-17
-1.43245e-17
-5.33152e-19
0.000113582
0.000126357
1.2314e-05
-5.34034e-05
0.000183354
-6.39639e-05
-0.00048849
0.000260827
0.000696685
-0.000517699
-0.00127213
0.00100919
0.00462576
0.00442451
0.00111923
-0.00257956
-0.00450416
-0.00472509
-0.0041529
-0.00252446
4.06192e-05
0.00204962
0.00207051
0.000814012
-0.000193496
-0.000317821
-9.53452e-05
3.63521e-05
2.96219e-05
5.00287e-06
-2.92358e-06
-1.19181e-06
1.47942e-09
1.16508e-07
2.84421e-08
-3.34914e-09
-1.31864e-09
-1.18144e-10
-6.87684e-12
-1.57556e-11
-5.70345e-12
-5.17935e-13
4.1225e-14
-1.13642e-14
-7.94853e-15
-1.78256e-15
-2.26761e-16
-2.13196e-17
3.91472e-18
3.4928e-18
5.08636e-05
4.9107e-05
-0.00011011
-0.000110209
0.000153603
-7.77508e-05
-0.000271643
4.68683e-05
-0.000287484
-0.000901202
0.000944694
0.00445902
0.00580606
0.00331657
-0.000160904
-0.00217337
-0.00311304
-0.00412908
-0.0040615
-0.00252586
-8.74299e-05
0.000993029
0.000568577
-0.000163162
-0.00030128
-6.71236e-05
7.73112e-05
5.56576e-05
8.99608e-06
-6.48e-06
-3.0772e-06
-1.87502e-07
2.82797e-07
6.99882e-08
-1.31737e-08
-7.11316e-09
-1.20673e-09
5.67175e-12
-4.50777e-11
-2.61977e-11
-3.71563e-12
5.36281e-13
7.79213e-14
-1.4039e-14
-4.4415e-15
-2.14005e-16
5.51543e-17
3.57102e-17
1.48598e-17
5.12997e-18
-0.000112415
-0.00010581
-0.000233985
-0.000102735
0.000206185
6.23188e-05
-0.000154671
-0.000529089
-0.00116106
6.29981e-05
0.00393882
0.00642592
0.00499463
0.00156982
-0.000182147
-0.000651905
-0.00234329
-0.00497233
-0.0063667
-0.00497199
-0.00244528
-0.000913071
-0.000463701
-0.000245025
3.34402e-05
0.000148884
9.39754e-05
1.35866e-05
-1.29416e-05
-6.74737e-06
-5.56353e-07
6.69799e-07
1.91276e-07
-2.68564e-08
-2.13878e-08
-4.10811e-09
4.14866e-10
4.81444e-12
-4.7974e-11
-1.09246e-11
2.49085e-12
7.95534e-13
5.81184e-14
-2.49833e-15
7.42763e-16
4.30021e-16
1.55595e-16
4.85163e-17
1.42786e-17
3.99102e-18
-9.44708e-05
-0.000103084
-0.000116809
0.000137209
0.000364818
0.000127971
-0.000584085
-0.00135441
-0.00121079
0.00242142
0.0062592
0.00606205
0.00246299
0.000154985
0.000293779
-0.000607934
-0.00543845
-0.0105489
-0.0116682
-0.0088174
-0.00474463
-0.00178934
-0.000379149
0.000163972
0.000252126
0.000141868
1.52843e-05
-2.41446e-05
-1.27792e-05
-9.02132e-07
1.57341e-06
5.24319e-07
-3.53031e-08
-5.23435e-08
-9.14765e-09
2.77798e-09
7.74171e-10
5.03824e-12
-7.85927e-12
9.19989e-12
4.53482e-12
6.68964e-13
-4.74715e-14
-5.28381e-15
8.97432e-16
3.85871e-16
1.04869e-16
2.5323e-17
5.79923e-18
1.29498e-18
0.00038009
0.000344206
0.000318712
0.00035596
0.00018166
-0.000696472
-0.00140645
-0.00147243
0.0012697
0.00523237
0.00640415
0.00344109
-2.75891e-05
-2.93568e-05
-0.000428215
-0.0064107
-0.0156068
-0.0200562
-0.0181613
-0.011873
-0.00543004
-0.00143652
0.000117366
0.00032727
0.000176864
9.35865e-06
-4.0815e-05
-2.08146e-05
-7.67141e-07
3.31767e-06
1.16144e-06
-6.51799e-08
-1.2913e-07
-2.17087e-08
8.75828e-09
3.26117e-09
2.72972e-10
-6.28805e-11
1.06377e-11
1.41548e-11
2.91649e-12
-2.94404e-13
-6.78755e-14
-1.04411e-15
2.95461e-16
5.53011e-17
-3.18359e-18
-6.85351e-18
-3.35419e-18
-1.17864e-18
0.000715578
0.000475005
7.22215e-05
-0.000627213
-0.00139967
-0.00184147
-0.00132482
0.00140784
0.00500413
0.00612306
0.0035876
0.000950732
7.4348e-06
0.000259042
-0.00747587
-0.0212185
-0.0324703
-0.0324773
-0.0246195
-0.0135575
-0.00489394
-0.000648861
0.000258583
0.000143294
-1.13991e-05
-5.5619e-05
-2.53917e-05
1.51255e-06
6.17749e-06
2.00568e-06
-2.51583e-07
-3.18397e-07
-5.90247e-08
1.89986e-08
8.00253e-09
4.31707e-10
-4.45246e-10
-5.86477e-11
2.0808e-11
5.00304e-12
-1.52725e-12
-4.70093e-13
-4.32839e-14
3.61349e-15
9.14329e-17
-1.36223e-16
-6.81413e-17
-2.50438e-17
-8.02964e-18
-2.32661e-18
-0.00256637
-0.00262688
-0.0028842
-0.00283329
-0.00220079
-0.000345534
0.00278375
0.0055157
0.00614798
0.00310456
0.0003652
0.000971733
0.00235264
-0.00430706
-0.0246983
-0.0465664
-0.0546166
-0.0473353
-0.0305914
-0.0141942
-0.00388392
-0.000121963
1.5716e-05
-4.54853e-05
-6.33277e-05
-2.27806e-05
7.8722e-06
1.05153e-05
3.10306e-06
-6.79548e-07
-6.58911e-07
-1.30008e-07
4.20913e-08
1.7865e-08
2.84206e-10
-1.72144e-09
-4.02078e-10
1.33776e-11
-6.90986e-13
-6.008e-12
-2.22884e-12
-2.08203e-13
5.42373e-14
7.11059e-15
-3.53149e-16
-2.01245e-16
-7.81843e-17
-2.59655e-17
-7.80458e-18
-2.16845e-18
-0.00311619
-0.00274834
-0.00167842
0.000190071
0.00264779
0.00491938
0.00622245
0.00593392
0.0025498
-0.00122505
-0.000140444
0.00520105
0.00378571
-0.0200336
-0.056417
-0.0825151
-0.0815247
-0.061518
-0.0347189
-0.0136545
-0.00270684
-5.02312e-05
-4.98291e-05
-5.32168e-05
-1.10854e-05
1.69541e-05
1.44477e-05
3.45067e-06
-1.63836e-06
-1.15141e-06
-1.74585e-07
1.12695e-07
4.58744e-08
1.2282e-09
-4.18131e-09
-1.01114e-09
7.13216e-11
2.33118e-11
-5.32465e-12
-4.17914e-12
-2.86771e-13
3.07597e-13
5.79905e-14
-1.19168e-15
-5.78327e-16
-1.85204e-16
-5.82876e-17
-1.77825e-17
-5.10405e-18
-1.37693e-18
0.00491014
0.00534753
0.00594864
0.00662376
0.00652347
0.00572694
0.00377937
0.00101841
-0.00229184
-0.00217368
0.00449984
0.00884328
-0.0105458
-0.0569124
-0.105018
-0.123904
-0.108627
-0.0721476
-0.035663
-0.0116648
-0.00139401
-6.17145e-05
-2.20811e-05
1.34361e-05
2.71891e-05
1.62753e-05
1.55582e-06
-3.43768e-06
-1.85314e-06
-1.5236e-07
2.50694e-07
9.60842e-08
-2.58461e-10
-9.5383e-09
-1.8919e-09
4.3787e-10
1.82191e-10
1.47044e-11
-4.92849e-12
6.65036e-13
1.22529e-12
2.55378e-13
-6.68054e-15
-4.34366e-15
-7.59558e-16
-1.28909e-16
-3.13166e-17
-8.5067e-18
-2.29063e-18
-5.89791e-19
0.00352276
0.00355637
0.00333488
0.00268756
0.00162423
-1.08571e-05
-0.000868653
-0.00184359
-0.00255561
0.00250839
0.0087527
-0.0063085
-0.0523178
-0.118608
-0.166944
-0.165134
-0.127423
-0.0750348
-0.0322672
-0.00833048
-0.000434259
5.42885e-05
4.65708e-05
3.24708e-05
1.2696e-05
-2.32246e-06
-5.64926e-06
-2.5184e-06
2.32419e-08
4.65338e-07
1.48978e-07
-1.6076e-08
-2.20484e-08
-4.27106e-09
1.08169e-09
4.64874e-10
4.52751e-11
-1.45117e-11
1.97949e-12
2.84678e-12
5.94543e-13
-7.47918e-14
-3.23884e-14
-4.7803e-15
-1.77975e-16
-2.1536e-17
-5.16839e-18
-1.46949e-18
-3.92442e-19
-8.9723e-20
0.000476221
0.000378447
8.68887e-05
-0.00021698
-0.00074656
-0.00129601
1.73649e-06
-0.000313595
0.00277586
0.00762544
-0.0187674
-0.0739427
-0.145255
-0.207841
-0.228253
-0.196635
-0.132524
-0.0685773
-0.0252774
-0.00472239
7.80165e-05
4.46323e-05
1.78467e-05
2.32702e-06
-6.722e-06
-6.53701e-06
-2.10476e-06
6.28076e-07
7.53513e-07
1.90196e-07
-5.66204e-08
-4.12824e-08
-6.62616e-09
2.97123e-09
1.09675e-09
1.85848e-11
-8.31433e-11
-1.58741e-11
1.4793e-12
1.197e-13
-3.41022e-13
-1.0907e-13
-1.13241e-14
1.71405e-15
2.49418e-16
4.25922e-17
8.8062e-18
1.90573e-18
4.38527e-19
1.13928e-19
-0.000368731
-0.000378452
-0.00055753
-0.000232238
-0.000826807
7.85661e-05
0.00160767
0.00459389
0.0107251
-0.0563658
-0.156423
-0.247004
-0.303176
-0.314016
-0.277254
-0.203304
-0.119667
-0.0541929
-0.0168008
-0.0018286
-1.82284e-06
1.61937e-06
-4.41175e-06
-8.61388e-06
-5.70753e-06
-6.23518e-07
1.52032e-06
9.79359e-07
1.50866e-07
-1.27436e-07
-6.36846e-08
-3.97614e-09
7.77085e-09
2.516e-09
-7.23636e-11
-2.16002e-10
-4.67694e-11
4.67424e-13
-1.52068e-12
-1.11959e-12
-2.59247e-13
1.40328e-14
1.52105e-14
2.40456e-15
2.21591e-16
4.1621e-17
9.27863e-18
2.14072e-18
5.08758e-19
1.29167e-19
-0.000166266
2.12269e-05
-0.00036649
0.00092806
-0.00162011
0.00372452
0.00200188
0.0159229
-0.118366
-0.338238
-0.501856
-0.554228
-0.50868
-0.41112
-0.295395
-0.183185
-0.0933101
-0.0367557
-0.00948243
-0.000531103
-6.31593e-06
-7.77423e-06
-7.19419e-06
-2.78292e-06
1.25077e-06
2.10982e-06
9.56503e-07
-3.28733e-08
-2.32141e-07
-8.5866e-08
5.18443e-09
1.42794e-08
3.50371e-09
-6.44462e-10
-4.80437e-10
-9.51482e-11
6.53753e-12
-1.02388e-12
-1.39583e-12
-2.97796e-13
1.1066e-13
5.11137e-14
8.80063e-15
3.33141e-16
3.09032e-17
8.74076e-18
2.84954e-18
8.83697e-19
2.55724e-19
7.2791e-20
-0.000318542
0.000110986
-0.000635955
0.00256624
-0.00533739
0.00828527
-0.0203015
-0.276813
-0.674786
-1.00889
-1.09678
-0.955987
-0.705183
-0.461081
-0.27376
-0.144362
-0.0640633
-0.0222697
-0.00483279
-0.000115511
-2.54477e-06
1.29519e-06
3.21737e-06
3.54214e-06
2.14773e-06
4.69843e-07
-3.34787e-07
-3.04913e-07
-8.12222e-08
2.43004e-08
2.03161e-08
3.67601e-09
-1.72625e-09
-7.61567e-10
-6.65308e-11
5.7442e-11
1.32174e-11
7.64744e-13
5.06635e-13
3.81949e-13
1.04413e-13
3.15451e-15
-4.07462e-15
-6.89634e-16
-9.34261e-17
-1.48872e-17
-2.01399e-18
-1.35478e-19
3.72592e-20
2.25131e-20
-0.000981452
-0.000369799
-0.00110025
0.00657382
-0.120246
-0.439951
-0.905087
-1.45382
-1.94732
-2.09326
-1.83748
-1.32873
-0.813639
-0.441613
-0.220134
-0.100233
-0.0395929
-0.0124401
-0.00227368
4.98499e-06
5.7914e-06
3.69706e-06
2.31998e-06
9.43657e-07
-1.23315e-07
-4.69541e-07
-2.59814e-07
-1.52151e-08
5.34465e-08
2.40539e-08
1.50533e-10
-3.70971e-09
-1.0874e-09
1.49617e-10
1.75886e-10
5.2023e-11
3.38864e-12
5.68939e-13
5.61295e-13
1.3707e-13
-2.35947e-14
-1.35315e-14
-2.81381e-15
-3.58325e-16
-6.71881e-17
-1.344e-17
-2.39903e-18
-3.53477e-19
-3.57593e-20
8.90054e-22
-0.0653145
-0.262787
-0.700512
-1.54531
-2.48531
-3.19182
-3.62042
-3.89906
-3.83685
-3.34197
-2.45579
-1.50546
-0.785416
-0.363417
-0.155851
-0.0624896
-0.0222761
-0.00639331
-0.00100024
-2.07582e-06
-1.77431e-07
2.08764e-07
4.91883e-08
-2.38198e-07
-2.74994e-07
-8.75162e-08
5.14542e-08
5.98963e-08
1.86819e-08
-3.63097e-09
-4.34464e-09
-9.66036e-10
3.06725e-10
1.71727e-10
2.44977e-11
-1.11776e-11
-3.37922e-12
-4.49628e-13
-1.75796e-13
-9.70251e-14
-2.176e-14
-3.20884e-16
2.43512e-16
-1.69158e-17
-1.61534e-17
-4.92699e-18
-1.09407e-18
-1.94204e-19
-2.71413e-20
-2.42201e-21
-4.62071
-5.72735
-6.98899
-8.43396
-9.17335
-8.82095
-7.88571
-6.83155
-5.65152
-4.20559
-2.68448
-1.44623
-0.666289
-0.272976
-0.104465
-0.037927
-0.0124018
-0.00327289
-0.000441958
-2.46588e-06
-1.00623e-06
-5.47334e-07
-2.45429e-07
-6.30481e-08
4.08975e-08
6.47129e-08
3.79556e-08
5.61095e-09
-6.22534e-09
-3.53623e-09
-4.82078e-10
3.97064e-10
1.50933e-10
8.24435e-12
-1.88774e-11
-7.12473e-12
-1.82306e-12
-5.35043e-13
-1.53615e-13
-1.43748e-14
8.52586e-15
2.48483e-15
3.37336e-16
4.04891e-17
2.3473e-18
-5.80554e-19
-2.41954e-19
-5.34788e-20
-8.62327e-21
-9.91282e-22
)
;

boundaryField
{
    movingWall
    {
        type            zeroGradient;
    }
    fixedWalls
    {
        type            zeroGradient;
    }
    frontAndBack
    {
        type            empty;
    }
}

