/*--------------------------------*- C++ -*----------------------------------*\
| =========                 |                                                 |
| \\      /  F ield         | OpenFOAM: The Open Source CFD Toolbox           |
|  \\    /   O peration     | Version:  v2006                                 |
|   \\  /    A nd           | Website:  www.openfoam.com                      |
|    \\/     M anipulation  |                                                 |
\*---------------------------------------------------------------------------*/
FoamFile
{
    version     2.0;
    format      ascii;
    class       volScalarField;
    location    "0";
    object      f;
}
// * * * * * * * * * * * * * * * * * * * * * * * * * * * * * * * * * * * * * //

dimensions      [0 0 0 0 0 0 0];


internalField   nonuniform List<scalar> 
2500
(
1.00992e-53
-5.71447e-54
-7.5814e-53
1.10774e-50
4.48668e-50
8.24343e-50
1.07145e-49
1.00062e-49
7.09153e-50
3.9507e-50
1.77444e-50
6.57697e-51
2.05635e-51
5.53146e-52
1.30221e-52
2.72242e-53
5.11725e-54
8.73948e-55
1.36833e-55
1.97923e-56
2.66243e-57
3.35003e-58
3.96281e-59
4.42663e-60
4.68783e-61
4.723e-62
4.54122e-63
4.17883e-64
3.68942e-65
3.13238e-66
2.5627e-67
2.02413e-68
1.54609e-69
1.14383e-70
8.20774e-72
5.7199e-73
3.87585e-74
2.5564e-75
1.6429e-76
1.0297e-77
6.29936e-79
3.76453e-80
2.19923e-81
1.25682e-82
7.03055e-84
3.85195e-85
2.06817e-86
1.08877e-87
5.62269e-89
2.84978e-90
2.3138e-52
-1.15151e-52
-1.77765e-51
2.39528e-49
9.68292e-49
1.77397e-48
2.30065e-48
2.14225e-48
1.51604e-48
8.44156e-49
3.78923e-49
1.40284e-49
4.37811e-50
1.17487e-50
2.75808e-51
5.74815e-52
1.0769e-52
1.83293e-53
2.85996e-54
4.12269e-55
5.52724e-56
6.93213e-57
8.17449e-58
9.10397e-59
9.61377e-60
9.65995e-61
9.26477e-62
8.50534e-63
7.49274e-64
6.34846e-65
5.18401e-66
4.08735e-67
3.11693e-68
2.30243e-69
1.6498e-70
1.14819e-71
7.77033e-73
5.11889e-74
3.28586e-75
2.05709e-76
1.25705e-77
7.50384e-79
4.37882e-80
2.49957e-81
1.39663e-82
7.64283e-84
4.09852e-85
2.15488e-86
1.11136e-87
5.62499e-89
5.17962e-51
-2.20527e-51
-4.0647e-50
5.05105e-48
2.03804e-47
3.72313e-47
4.81783e-47
4.47288e-47
3.1614e-47
1.75992e-47
7.89724e-48
2.92085e-48
9.10033e-49
2.43651e-49
5.70421e-50
1.18521e-50
2.21328e-51
3.75458e-52
5.83874e-53
8.38876e-54
1.12103e-54
1.40157e-55
1.64781e-56
1.82996e-57
1.92726e-58
1.93167e-59
1.84832e-60
1.69315e-61
1.4886e-62
1.25895e-63
1.0263e-64
8.07936e-66
6.15239e-67
4.53873e-68
3.24825e-69
2.25806e-70
1.5265e-71
1.00458e-72
6.44213e-74
4.02914e-75
2.45976e-76
1.4669e-77
8.55159e-79
4.87658e-80
2.72191e-81
1.4879e-82
7.96981e-84
4.18525e-85
2.15578e-86
1.08967e-87
1.13189e-49
-3.95665e-50
-9.05589e-49
1.03772e-46
4.17939e-46
7.61312e-46
9.82985e-46
9.09894e-46
6.42432e-46
3.57668e-46
1.60487e-46
5.93125e-47
1.84514e-47
4.9294e-48
1.15099e-48
2.38442e-49
4.43868e-50
7.5053e-51
1.16335e-51
1.66607e-52
2.2195e-53
2.76664e-54
3.24346e-55
3.59238e-56
3.77396e-57
3.77386e-58
3.60337e-59
3.29445e-60
2.89133e-61
2.44136e-62
1.98732e-63
1.56243e-64
1.18837e-65
8.75733e-67
6.26116e-68
4.34852e-69
2.93714e-70
1.93133e-71
1.23751e-72
7.73366e-74
4.71755e-75
2.81105e-76
1.63736e-77
9.32876e-79
5.20203e-80
2.84078e-81
1.52003e-82
7.97323e-84
4.10199e-85
2.07076e-86
2.41222e-48
-6.47328e-49
-1.96407e-47
2.07487e-45
8.3416e-45
1.51514e-44
1.95198e-44
1.80146e-44
1.27089e-44
7.07868e-45
3.17708e-45
1.17356e-45
3.64582e-46
9.72004e-47
2.26379e-47
4.67624e-48
8.67829e-49
1.46278e-49
2.26022e-50
3.22693e-51
4.28606e-52
5.32748e-53
6.22902e-54
6.88201e-55
7.21336e-56
7.19813e-57
6.85997e-58
6.26122e-59
5.48676e-60
4.62665e-61
3.76171e-62
2.95434e-63
2.24494e-64
1.65296e-65
1.18092e-66
8.19608e-68
5.53233e-69
3.63555e-70
2.32807e-71
1.454e-72
8.86376e-74
5.2781e-75
3.07214e-76
1.74898e-77
9.74477e-79
5.31671e-80
2.84203e-81
1.48919e-82
7.65261e-84
3.8584e-85
5.008e-47
-9.07223e-48
-4.14253e-46
4.03288e-44
1.61855e-43
2.93145e-43
3.76832e-43
3.4673e-43
2.44481e-43
1.36286e-43
6.12058e-44
2.26023e-44
7.01332e-45
1.8662e-45
4.33575e-46
8.93129e-47
1.65257e-47
2.77703e-48
4.27795e-49
6.08967e-50
8.0656e-51
9.99876e-52
1.1662e-52
1.28554e-53
1.34468e-54
1.33938e-55
1.27439e-56
1.1615e-57
1.01658e-58
8.5631e-60
6.95594e-61
5.45879e-62
4.14529e-63
3.05047e-64
2.17825e-65
1.51113e-66
1.01958e-67
6.69741e-69
4.28702e-70
2.6763e-71
1.63073e-72
9.70545e-74
5.6458e-75
3.21208e-76
1.78835e-77
9.74919e-79
5.20667e-80
2.72548e-81
1.39903e-82
7.04533e-84
1.01164e-45
-8.75997e-47
-8.48734e-45
7.61065e-43
3.04943e-42
5.50715e-42
7.0637e-42
6.47989e-42
4.56799e-42
2.54969e-42
1.14619e-42
4.23269e-43
1.31206e-43
3.48507e-44
8.07793e-45
1.65953e-45
3.06187e-46
5.13024e-47
7.8802e-48
1.11862e-48
1.47768e-49
1.82737e-50
2.12658e-51
2.33948e-52
2.44276e-53
2.42937e-54
2.30842e-55
2.1016e-56
1.83768e-57
1.54681e-58
1.25575e-59
9.85008e-61
7.47724e-62
5.50087e-63
3.92713e-64
2.72387e-65
1.83752e-66
1.20681e-67
7.72321e-69
4.82024e-70
2.9362e-71
1.74686e-72
1.01571e-73
5.7756e-75
3.21357e-76
1.75059e-77
9.34134e-79
4.88518e-80
2.50496e-81
1.26e-82
1.98578e-44
3.43449e-46
-1.68708e-43
1.39263e-41
5.57124e-41
1.00326e-40
1.28399e-40
1.1743e-40
8.27936e-41
4.62945e-41
2.08407e-41
7.69839e-42
2.38445e-42
6.32315e-43
1.46238e-43
2.99661e-44
5.51368e-45
9.21262e-46
1.41123e-46
1.99807e-47
2.63303e-48
3.24894e-49
3.77345e-50
4.1441e-51
4.32067e-52
4.29172e-53
4.07402e-54
3.70614e-55
3.23886e-56
2.7251e-57
2.21176e-58
1.73467e-59
1.31674e-60
9.68726e-62
6.9163e-63
4.79757e-64
3.23668e-65
2.12583e-66
1.36047e-67
8.49051e-69
5.17121e-70
3.07586e-71
1.78789e-72
1.0162e-73
5.65112e-75
3.0764e-76
1.64032e-77
8.57052e-79
4.39018e-80
2.20572e-81
3.78198e-43
5.04349e-44
-3.249e-42
2.46737e-40
9.85625e-40
1.76982e-39
2.26004e-39
2.06071e-39
1.45368e-39
8.14735e-40
3.67461e-40
1.35821e-40
4.2044e-41
1.11328e-41
2.56936e-42
5.25214e-43
9.63867e-44
1.60627e-44
2.4543e-45
3.46661e-46
4.5583e-47
5.61369e-48
6.5091e-49
7.13847e-50
7.43427e-51
7.3781e-52
6.99952e-53
6.36498e-54
5.56139e-55
4.6791e-56
3.79811e-57
2.9795e-58
2.26233e-59
1.66498e-60
1.18917e-61
8.25181e-63
5.56895e-64
3.65869e-65
2.34196e-66
1.46178e-67
8.90337e-69
5.29534e-70
3.07738e-71
1.74855e-72
9.71929e-74
5.28792e-75
2.81743e-76
1.47081e-77
7.52653e-79
3.77719e-80
6.97649e-42
1.85451e-42
-6.05239e-41
4.22618e-39
1.6859e-38
3.01859e-38
3.84623e-38
3.49629e-38
2.46889e-38
1.38784e-38
6.27435e-39
2.32137e-39
7.18338e-40
1.89958e-40
4.37558e-41
8.92382e-42
1.6337e-42
2.7159e-43
4.14011e-44
5.83527e-45
7.65836e-46
9.41628e-47
1.09038e-47
1.19459e-48
1.24318e-49
1.23323e-50
1.16973e-51
1.06372e-52
9.29634e-54
7.82456e-55
6.3546e-56
4.98802e-57
3.78993e-58
2.79116e-59
1.99488e-60
1.38519e-61
9.35392e-63
6.14856e-64
3.93744e-65
2.45841e-66
1.49765e-67
8.9079e-69
5.17638e-70
2.94051e-71
1.63385e-72
8.88444e-74
4.73042e-75
2.46738e-76
1.26138e-77
6.32307e-79
1.24388e-40
5.23835e-41
-1.08862e-39
6.98622e-38
2.78346e-37
4.96955e-37
6.31817e-37
5.72574e-37
4.0495e-37
2.28476e-37
1.03598e-37
3.83806e-38
1.18755e-38
3.13682e-39
7.21262e-40
1.46786e-40
2.68116e-41
4.44732e-42
6.76542e-43
9.51792e-44
1.24721e-44
1.53158e-45
1.7719e-46
1.94009e-47
2.01845e-48
2.00232e-49
1.89973e-50
1.72843e-51
1.5116e-52
1.27335e-53
1.03512e-54
8.1334e-56
6.18632e-57
4.56081e-58
3.263e-59
2.2679e-60
1.53281e-61
1.00832e-62
6.46127e-64
4.03623e-65
2.4597e-66
1.46329e-67
8.50335e-69
4.82973e-70
2.68272e-71
1.45808e-72
7.75825e-74
4.04336e-75
2.06502e-76
1.03397e-77
2.13814e-39
1.30274e-39
-1.88656e-38
1.11255e-36
4.42776e-36
7.88278e-36
9.99996e-36
9.03441e-36
6.40353e-36
3.62924e-36
1.65151e-36
6.12916e-37
1.89677e-37
5.00548e-38
1.14908e-38
2.33397e-39
4.25447e-40
7.04308e-41
1.06951e-41
1.50238e-42
1.96636e-43
2.41273e-44
2.79003e-45
3.05455e-46
3.17866e-47
3.15495e-48
2.9957e-49
2.72836e-50
2.38895e-51
2.0151e-52
1.64041e-53
1.29082e-54
9.83242e-56
7.25921e-57
5.20061e-58
3.61917e-59
2.4489e-60
1.61257e-61
1.0342e-62
6.46478e-64
3.94163e-65
2.34561e-66
1.36323e-67
7.74227e-69
4.29936e-70
2.33567e-71
1.24199e-72
6.46754e-74
3.2998e-75
1.65032e-76
3.53161e-38
2.9891e-38
-3.14195e-37
1.70338e-35
6.77273e-35
1.20234e-34
1.52192e-34
1.37072e-34
9.74396e-35
5.55255e-35
2.53755e-35
9.43823e-36
2.92215e-36
7.70583e-37
1.76649e-37
3.58178e-38
6.51727e-39
1.07709e-39
1.63324e-40
2.29173e-41
2.99732e-42
3.67652e-43
4.25177e-44
4.65703e-45
4.85018e-46
4.81941e-47
4.58248e-48
4.1802e-49
3.6666e-50
3.09856e-51
2.52723e-52
1.99248e-53
1.52057e-54
1.12466e-55
8.07099e-57
5.62554e-58
3.81188e-59
2.51317e-60
1.61347e-61
1.00943e-62
6.15845e-64
3.66633e-65
2.13123e-66
1.21038e-67
6.71985e-69
3.64903e-70
1.93913e-71
1.00894e-72
5.14249e-74
2.56882e-75
5.58012e-37
6.4692e-37
-5.01307e-36
2.50181e-34
9.93974e-34
1.7596e-33
2.22242e-33
1.99542e-33
1.42383e-33
8.16652e-34
3.75107e-34
1.39893e-34
4.33451e-35
1.14246e-35
2.61586e-36
5.29604e-37
9.62184e-38
1.58804e-38
2.40555e-39
3.37327e-40
4.41096e-41
5.41186e-42
6.26298e-43
6.8675e-44
7.16284e-45
7.13008e-46
6.79336e-47
6.2108e-48
5.46054e-49
4.62578e-50
3.78207e-51
2.98898e-52
2.28636e-53
1.6948e-54
1.21876e-55
8.51081e-57
5.77662e-58
3.81409e-59
2.45168e-60
1.53536e-61
9.37409e-63
5.58353e-64
3.24654e-65
1.84385e-66
1.02346e-67
5.55522e-69
2.95018e-70
1.53369e-71
7.80882e-73
3.89589e-74
8.37993e-36
1.33715e-35
-7.63253e-35
3.51634e-33
1.39628e-32
2.46487e-32
3.1064e-32
2.78041e-32
1.99343e-32
1.15222e-32
5.32388e-33
1.99188e-33
6.1785e-34
1.6281e-34
3.72425e-35
7.53084e-36
1.36659e-36
2.25339e-37
3.41153e-38
4.78356e-39
6.25773e-40
7.68479e-41
8.90587e-42
9.78344e-43
1.02268e-43
1.02057e-44
9.75048e-46
8.94032e-47
7.88398e-48
6.699e-49
5.49359e-50
4.35424e-51
3.33996e-52
2.48227e-53
1.78934e-54
1.25225e-55
8.51593e-57
5.63215e-58
3.62539e-59
2.27295e-60
1.38893e-61
8.2777e-63
4.81455e-64
2.73452e-65
1.51753e-66
8.2333e-68
4.36944e-69
2.26947e-70
1.15423e-71
5.7511e-73
1.18409e-34
2.65964e-34
-1.1032e-33
4.71681e-32
1.87238e-31
3.29618e-31
4.14503e-31
3.69842e-31
2.6674e-31
1.55595e-31
7.23906e-32
2.7187e-32
8.44522e-33
2.22548e-33
5.08727e-34
1.02778e-34
1.8636e-35
3.07154e-36
4.65031e-37
6.5243e-38
8.54475e-39
1.05113e-39
1.22086e-40
1.34476e-41
1.40999e-42
1.41178e-43
1.3536e-44
1.24568e-45
1.10257e-46
9.40291e-48
7.73858e-49
6.1547e-50
4.73633e-51
3.53065e-52
2.55207e-53
1.79045e-54
1.22024e-55
8.08534e-57
5.21258e-58
3.27209e-59
2.00133e-60
1.1935e-61
6.94405e-63
3.9442e-64
2.18837e-65
1.18672e-66
6.29342e-68
3.26566e-69
1.65895e-70
8.25456e-72
1.54715e-33
5.1145e-33
-1.50328e-32
6.02028e-31
2.38972e-30
4.19541e-30
5.2644e-30
4.68243e-30
3.4019e-30
2.00591e-30
9.40746e-31
3.54868e-31
1.10437e-31
2.9112e-32
6.65233e-33
1.34327e-33
2.43489e-34
4.01368e-35
6.08106e-36
8.54322e-37
1.12114e-37
1.3828e-38
1.61119e-39
1.78115e-40
1.87501e-41
1.88538e-42
1.81565e-43
1.67837e-44
1.49215e-45
1.27807e-46
1.05625e-47
8.43396e-49
6.51436e-50
4.87261e-51
3.53294e-52
2.4854e-53
1.69793e-54
1.12734e-55
7.28011e-57
4.57602e-58
2.80162e-59
1.67185e-60
9.73044e-62
5.52704e-63
3.06578e-64
1.66165e-65
8.80512e-67
4.5643e-68
2.31576e-69
1.15059e-70
1.80598e-32
9.53199e-32
-1.91238e-31
7.28647e-30
2.89322e-29
5.06569e-29
6.34277e-29
5.62379e-29
4.12258e-29
2.46194e-29
1.16533e-29
4.41832e-30
1.3781e-30
3.6352e-31
8.30669e-32
1.67721e-32
3.04101e-33
5.01701e-34
7.61292e-35
1.07199e-35
1.41105e-36
1.74681e-37
2.04402e-38
2.27031e-39
2.40203e-40
2.42801e-41
2.35072e-42
2.18457e-43
1.95235e-44
1.68068e-45
1.39565e-46
1.11941e-47
8.68226e-49
6.51876e-50
4.74255e-51
3.34635e-52
2.292e-53
1.52509e-54
9.86626e-56
6.21021e-57
3.80599e-58
2.27268e-59
1.32315e-60
7.5156e-62
4.16749e-63
2.25741e-64
1.19517e-65
6.18847e-67
3.13558e-68
1.5555e-69
1.7264e-31
1.72276e-30
-2.23885e-30
8.33027e-29
3.3102e-28
5.78063e-28
7.22257e-28
6.3836e-28
4.73086e-28
2.86779e-28
1.37196e-28
5.23227e-29
1.63638e-29
4.32099e-30
9.8779e-31
1.99539e-31
3.6214e-32
5.98465e-33
9.10435e-34
1.28638e-34
1.70043e-35
2.11547e-36
2.48908e-37
2.7811e-38
2.96077e-39
3.01183e-40
2.93449e-41
2.74412e-42
2.46724e-43
2.13616e-44
1.78349e-45
1.43768e-46
1.1202e-47
8.4455e-49
6.16694e-50
4.36539e-51
2.99819e-52
1.99956e-53
1.29596e-54
8.16885e-56
5.01142e-57
2.99435e-58
1.74376e-59
9.90387e-61
5.48963e-62
2.9715e-63
1.57172e-64
8.12826e-66
4.11245e-67
2.03671e-68
9.19186e-31
3.0162e-29
-2.35945e-29
8.9548e-28
3.56361e-27
6.20767e-27
7.74006e-27
6.8193e-27
5.12095e-27
3.15954e-27
1.53018e-27
5.87476e-28
1.84317e-28
4.87412e-29
1.11526e-29
2.25544e-30
4.10078e-31
6.79545e-32
1.03767e-32
1.47315e-33
1.95835e-34
2.45193e-35
2.90504e-36
3.26966e-37
3.50706e-38
3.59446e-39
3.5282e-40
3.32308e-41
3.00834e-42
2.62153e-43
2.20193e-44
1.7848e-45
1.39764e-46
1.05844e-47
7.75915e-49
5.51114e-50
3.79597e-51
2.5376e-52
1.64776e-53
1.0401e-54
6.38704e-56
3.81844e-57
2.22407e-58
1.26296e-59
6.99693e-61
3.78434e-62
1.99947e-63
1.03266e-64
5.21643e-66
2.57884e-67
-1.18383e-29
5.10252e-28
-2.16074e-28
9.00028e-27
3.59181e-26
6.24265e-26
7.76839e-26
6.82256e-26
5.20584e-26
3.27969e-26
1.61095e-26
6.23194e-27
1.96249e-27
5.19963e-28
1.19154e-28
2.41441e-29
4.40244e-30
7.32478e-31
1.12438e-31
1.60644e-32
2.15123e-33
2.71521e-34
3.24461e-35
3.68421e-36
3.987e-37
4.1224e-38
4.08105e-39
3.87527e-40
3.53534e-41
3.10296e-42
2.62355e-43
2.13934e-44
1.68431e-45
1.2816e-46
9.43407e-48
6.72449e-49
4.64538e-50
3.11286e-51
2.02506e-52
1.28001e-53
7.86733e-55
4.70562e-56
2.741e-57
1.55605e-58
8.6152e-60
4.6552e-61
2.45659e-62
1.26686e-63
6.38856e-65
3.15223e-66
-5.30125e-28
8.30858e-27
-1.62814e-27
8.39385e-26
3.36926e-25
5.84547e-25
7.26156e-25
6.35736e-25
4.94502e-25
3.19363e-25
1.59443e-25
6.22119e-26
1.96748e-26
5.22568e-27
1.20019e-27
2.43916e-28
4.46627e-29
7.47299e-30
1.15525e-30
1.66431e-31
2.24952e-32
2.86773e-33
3.46259e-34
3.97321e-35
4.34468e-36
4.53788e-37
4.53609e-38
4.34696e-39
3.99965e-40
3.53819e-41
3.01303e-42
2.4728e-43
1.95797e-44
1.49729e-45
1.10691e-46
7.91849e-48
5.4865e-49
3.68521e-50
2.40173e-51
1.52004e-52
9.34999e-54
5.59435e-55
3.25846e-56
1.84898e-57
1.0229e-58
5.52118e-60
2.90956e-61
1.49802e-62
7.54018e-64
3.71277e-65
-1.21735e-26
1.29576e-25
-9.82344e-27
7.17919e-25
2.9198e-24
5.06223e-24
6.28116e-24
5.48218e-24
4.36363e-24
2.903e-24
1.47687e-24
5.81848e-25
1.84908e-25
4.92636e-26
1.135e-26
2.3165e-27
4.26667e-28
7.19378e-29
1.12246e-29
1.63433e-30
2.23474e-31
2.88376e-32
3.52533e-33
4.0953e-34
4.53222e-35
4.78851e-36
4.83893e-37
4.68444e-38
4.35065e-39
3.88161e-40
3.33091e-41
2.75237e-42
2.19239e-43
1.68522e-44
1.25131e-45
8.9841e-47
6.24317e-48
4.20309e-49
2.7439e-50
1.73858e-51
1.07011e-52
6.40393e-54
3.72912e-55
2.11475e-56
1.16882e-57
6.30078e-59
3.31528e-60
1.70384e-61
8.55891e-63
4.20504e-64
-2.22913e-25
1.92376e-24
-8.21245e-26
5.5089e-24
2.31484e-23
4.02117e-23
4.99011e-23
4.34334e-23
3.55285e-23
2.44964e-23
1.2737e-23
5.07277e-24
1.62095e-24
4.33502e-25
1.00304e-25
2.05929e-26
3.82349e-27
6.51243e-28
1.02842e-28
1.51759e-29
2.10489e-30
2.7562e-31
3.41893e-32
4.02868e-33
4.51985e-34
4.83752e-35
4.94771e-36
4.84325e-37
4.5439e-38
4.09114e-39
3.53928e-40
2.94544e-41
2.36069e-42
1.82414e-43
1.36043e-44
9.80265e-46
6.83142e-47
4.60908e-48
3.01357e-49
1.9113e-50
1.17696e-51
7.04324e-53
4.09963e-54
2.32299e-55
1.28243e-56
6.90323e-58
3.62602e-59
1.85989e-60
9.32239e-62
4.56926e-63
-3.54834e-24
2.69943e-23
-2.15734e-24
3.59998e-23
1.65463e-22
2.89898e-22
3.60975e-22
3.13674e-22
2.64792e-22
1.90678e-22
1.0169e-22
4.09907e-23
1.31782e-23
3.54081e-24
8.23993e-25
1.70542e-25
3.20087e-26
5.52521e-27
8.86016e-28
1.32941e-28
1.87602e-29
2.4995e-30
3.15357e-31
3.77701e-32
4.30317e-33
4.67213e-34
4.84209e-35
4.7972e-36
4.54967e-37
4.13596e-38
3.60844e-39
3.02509e-40
2.43976e-41
1.89518e-42
1.41953e-43
1.02641e-44
7.17224e-46
4.84858e-47
3.17438e-48
2.0148e-49
1.24098e-50
7.42459e-52
4.31879e-53
2.44466e-54
1.34778e-55
7.24304e-57
3.79724e-58
1.94354e-59
9.7188e-61
4.75149e-62
-5.04747e-23
3.54929e-22
-6.17378e-23
1.67558e-22
1.03898e-21
1.86858e-21
2.35404e-21
2.05081e-21
1.78995e-21
1.35933e-21
7.46645e-22
3.04971e-22
9.87003e-23
2.66713e-23
6.25474e-24
1.30884e-24
2.49229e-25
4.37749e-26
7.15721e-27
1.09609e-27
1.57912e-28
2.14709e-29
2.76224e-30
3.36969e-31
3.90537e-32
4.30749e-33
4.52852e-34
4.54463e-35
4.35967e-36
4.0032e-37
3.52312e-38
2.97559e-39
2.41489e-40
1.88557e-41
1.41824e-42
1.02883e-43
7.20677e-45
4.88033e-46
3.19858e-47
2.03115e-48
1.25101e-49
7.481e-51
4.34771e-52
2.45795e-53
1.35298e-54
7.25748e-56
3.79682e-57
1.9388e-58
9.6707e-60
4.71525e-61
-6.4673e-22
4.32691e-21
-1.35444e-21
-7.05881e-23
5.40238e-21
1.04997e-20
1.36809e-20
1.21426e-20
1.08646e-20
8.80183e-21
5.00388e-21
2.073e-21
6.75672e-22
1.83874e-22
4.35715e-23
9.25492e-24
1.79657e-24
3.22715e-25
5.40598e-26
8.48709e-27
1.25299e-27
1.74408e-28
2.29387e-29
2.85631e-30
3.37329e-31
3.7847e-32
4.04033e-33
4.11016e-34
3.9901e-35
3.70177e-36
3.2866e-37
2.79643e-38
2.28341e-39
1.79177e-40
1.35297e-41
9.8441e-43
6.91048e-44
4.68631e-45
3.07377e-46
1.95227e-47
1.20205e-48
7.18273e-50
4.16956e-51
2.35372e-52
1.29327e-53
6.9229e-55
3.61345e-56
1.84055e-57
9.15594e-59
4.45155e-60
-7.45292e-21
4.82618e-20
-2.3397e-20
-1.46399e-20
1.90693e-20
4.85785e-20
6.98187e-20
6.70778e-20
5.8681e-20
5.12204e-20
3.03347e-20
1.27546e-20
4.18773e-21
1.14978e-21
2.76372e-22
5.99184e-23
1.1933e-23
2.20607e-24
3.80796e-25
6.15846e-26
9.35457e-27
1.33737e-27
1.80302e-28
2.29649e-29
2.76823e-30
3.16323e-31
3.432e-32
3.54103e-33
3.47977e-34
3.26201e-35
2.92152e-36
2.50378e-37
2.05643e-38
1.62115e-39
1.2285e-40
8.96182e-42
6.30235e-43
4.27842e-44
2.80741e-45
1.78284e-46
1.09705e-47
6.54845e-49
3.79598e-50
2.1391e-51
1.17297e-52
6.26464e-54
3.26173e-55
1.65694e-56
8.21909e-58
3.98409e-59
-7.66697e-20
4.83835e-19
-3.24987e-19
-2.30776e-19
-1.22779e-20
1.49719e-19
3.04504e-19
3.88519e-19
2.81952e-19
2.62705e-19
1.64344e-19
7.02089e-20
2.3222e-20
6.45019e-21
1.58189e-21
3.52816e-22
7.26941e-23
1.39385e-23
2.49539e-24
4.17927e-25
6.55908e-26
9.66358e-27
1.33901e-27
1.74812e-28
2.15408e-29
2.50959e-30
2.76907e-31
2.89866e-32
2.88365e-33
2.73104e-34
2.46672e-35
2.12851e-36
1.75772e-37
1.39148e-38
1.05773e-39
7.73288e-41
5.44549e-42
3.69914e-43
2.4274e-44
1.54077e-45
9.47198e-47
5.6464e-48
3.26756e-49
1.83767e-50
1.00542e-51
5.35651e-53
2.78145e-54
1.40894e-55
6.96797e-57
3.36705e-58
-6.95106e-19
4.24331e-18
-3.5818e-18
-2.37035e-18
-9.21723e-19
-2.18392e-19
1.04974e-18
2.93139e-18
1.25073e-18
1.10874e-18
7.79054e-19
3.40385e-19
1.13466e-19
3.203e-20
8.08791e-21
1.87673e-21
4.04423e-22
8.11627e-23
1.51784e-23
2.64708e-24
4.31099e-25
6.56775e-26
9.37783e-27
1.25733e-27
1.58587e-28
1.88522e-29
2.11622e-30
2.24756e-31
2.26298e-32
2.16445e-33
1.97056e-34
1.71111e-35
1.41992e-36
1.12815e-37
8.5977e-39
6.29607e-40
4.43762e-41
3.01516e-42
1.97787e-43
1.25438e-44
7.70163e-46
4.58358e-47
2.64736e-48
1.48557e-49
8.10785e-51
4.30809e-52
2.23069e-53
1.12657e-54
5.55407e-56
2.67511e-57
-5.44425e-18
3.07656e-17
-2.9622e-17
-1.51574e-17
-8.50606e-18
-9.70363e-18
2.12932e-18
3.07655e-17
5.9115e-18
2.22886e-18
3.06724e-18
1.42135e-18
4.78736e-19
1.38477e-19
3.65365e-20
8.96272e-21
2.04749e-21
4.34457e-22
8.55067e-23
1.56166e-23
2.65088e-24
4.19046e-25
6.1813e-26
8.5255e-27
1.10173e-27
1.33685e-28
1.52657e-29
1.64433e-30
1.67468e-31
1.61653e-32
1.4824e-33
1.29441e-34
1.07861e-35
8.59529e-37
6.56344e-38
4.81175e-39
3.39277e-40
2.30472e-41
1.51072e-42
9.56969e-44
5.86635e-45
3.48469e-46
2.00827e-47
1.12421e-48
6.11947e-50
3.2424e-51
1.67389e-52
8.42736e-54
4.14128e-55
1.98798e-56
-3.56232e-17
1.76673e-16
-1.775e-16
-1.13534e-16
-4.06107e-17
-1.42708e-16
-9.81621e-19
5.02359e-16
3.45823e-17
-3.96216e-17
8.6187e-18
4.97518e-18
1.69974e-18
5.11221e-19
1.44348e-19
3.82564e-20
9.40875e-21
2.13293e-21
4.45132e-22
8.564e-23
1.52223e-23
2.50531e-24
3.82624e-25
5.43518e-26
7.19882e-27
8.914e-28
1.03482e-28
1.12951e-29
1.16251e-30
1.13139e-31
1.04406e-32
9.15951e-34
7.65818e-35
6.11646e-36
4.6768e-37
3.43053e-38
2.41863e-39
1.64192e-40
1.07506e-41
6.79969e-43
4.16059e-44
2.46617e-45
1.41789e-46
7.9166e-48
4.29728e-49
2.2702e-50
1.16838e-51
5.86345e-53
2.87182e-54
1.37389e-55
-1.84854e-16
5.22684e-15
-2.4967e-15
-5.70759e-14
1.57989e-15
-1.84338e-15
6.9975e-14
6.38618e-15
-2.0316e-14
-1.05818e-15
2.56726e-17
1.50844e-17
4.95377e-18
1.58145e-18
4.95834e-19
1.45709e-19
3.91632e-20
9.57929e-21
2.13656e-21
4.35821e-22
8.15087e-23
1.40094e-23
2.21854e-24
3.24654e-25
4.40465e-26
5.55994e-27
6.55336e-28
7.23857e-29
7.51881e-30
7.36882e-31
6.83539e-32
6.01897e-33
5.04506e-34
4.03553e-35
3.08782e-36
2.26502e-37
1.59602e-38
1.08236e-39
7.07665e-41
4.46798e-42
2.7282e-43
1.61337e-44
9.25233e-46
5.15183e-47
2.78845e-48
1.46866e-49
7.53479e-51
3.76901e-52
1.83982e-53
8.77166e-55
2.46443e-13
9.58693e-14
-4.70407e-12
-1.0492e-12
2.82146e-11
9.09798e-12
6.69432e-13
-5.4928e-12
-3.48676e-13
3.2711e-16
2.83718e-16
4.73696e-17
1.15666e-17
4.0545e-18
1.48617e-18
4.95437e-19
1.47202e-19
3.92358e-20
9.44075e-21
2.05685e-21
4.06596e-22
7.31214e-23
1.20065e-23
1.80784e-24
2.50793e-25
3.22073e-26
3.84678e-27
4.29204e-28
4.49212e-29
4.42719e-30
4.12315e-31
3.64056e-32
3.05661e-33
2.44701e-34
1.87259e-35
1.37299e-36
9.66563e-38
6.5461e-39
4.27276e-40
2.69238e-41
1.64035e-42
9.67694e-44
5.53502e-45
3.07343e-46
1.65866e-47
8.70953e-49
4.4543e-50
2.2209e-51
1.08052e-52
5.1341e-54
5.63695e-11
-5.20231e-10
-7.61973e-11
1.25262e-09
2.13794e-10
5.55775e-11
-9.12567e-10
-7.35874e-11
1.09781e-13
3.89484e-14
3.10239e-15
2.12411e-17
1.49257e-17
8.55494e-18
3.93233e-18
1.49771e-18
4.9643e-19
1.46244e-19
3.84427e-20
9.0131e-21
1.88806e-21
3.55006e-22
6.02914e-23
9.31183e-24
1.31671e-24
1.71538e-25
2.07094e-26
2.32916e-27
2.45203e-28
2.4267e-29
2.26652e-30
2.00486e-31
1.6849e-32
1.34922e-33
1.03219e-34
7.56216e-36
5.3174e-37
3.5958e-38
2.34284e-39
1.47328e-40
8.9559e-42
5.27052e-43
3.00683e-44
1.66505e-45
8.96026e-47
4.69105e-48
2.3918e-49
1.1888e-50
5.76516e-52
2.7303e-53
2.76086e-10
-4.62047e-09
9.27037e-08
1.25946e-08
-1.44514e-07
-1.09877e-07
-9.286e-09
3.02704e-11
1.57148e-11
3.31358e-12
3.31921e-14
2.42981e-17
2.48112e-17
1.75217e-17
9.24141e-18
3.94037e-18
1.49199e-18
4.98384e-19
1.45182e-19
3.67571e-20
8.13706e-21
1.59137e-21
2.77986e-22
4.38176e-23
6.28878e-24
8.28303e-25
1.00808e-25
1.14048e-26
1.20575e-27
1.19684e-28
1.12003e-29
9.91866e-31
8.33975e-32
6.67789e-33
5.10617e-34
3.73763e-35
2.62497e-36
1.77246e-37
1.15285e-38
7.2356e-40
4.38913e-41
2.5771e-42
1.46668e-43
8.10107e-45
4.34786e-46
2.26997e-47
1.15406e-48
5.71907e-50
2.7651e-51
1.30545e-52
-1.49474e-06
1.95075e-06
8.13006e-07
-1.10229e-05
-8.51001e-06
-8.5967e-07
4.80927e-09
3.29554e-09
1.44194e-09
2.81385e-10
1.34557e-12
1.52668e-16
3.58225e-17
2.91792e-17
1.75487e-17
8.58866e-18
4.07614e-18
1.59059e-18
5.14174e-19
1.39258e-19
3.22048e-20
6.48412e-21
1.15558e-21
1.84764e-22
2.67948e-23
3.5565e-24
4.35341e-25
4.94637e-26
5.24603e-27
5.21907e-28
4.89163e-29
4.33594e-30
3.64732e-31
2.92056e-32
2.2324e-33
1.633e-34
1.14579e-35
7.72761e-37
5.01922e-38
3.14518e-39
1.90451e-40
1.11609e-41
6.3387e-43
3.49342e-44
1.87057e-45
9.74223e-47
4.9404e-48
2.44182e-49
1.17738e-50
5.54301e-52
-1.86948e-05
8.01142e-05
-9.89569e-05
-0.00021195
-3.8029e-05
3.14778e-05
0.000151626
2.51125e-05
1.37222e-07
2.42862e-08
4.34017e-11
4.20714e-14
1.82054e-16
3.57358e-17
2.48721e-17
1.50096e-17
1.16276e-17
4.97907e-18
1.70785e-18
4.80895e-19
1.13956e-19
2.33184e-20
4.20443e-21
6.7826e-22
9.90628e-23
1.32246e-23
1.62642e-24
1.85506e-25
1.97359e-26
1.96835e-27
1.84847e-28
1.64091e-29
1.38178e-30
1.10722e-31
8.46629e-33
6.19342e-34
4.34466e-35
2.92879e-36
1.90096e-37
1.1901e-38
7.19837e-40
4.21294e-41
2.38918e-42
1.31459e-43
7.02653e-45
3.65253e-46
1.84845e-47
9.11633e-49
4.38564e-50
2.05982e-51
-4.62104e-05
0.000316858
-0.00213072
-0.00091572
0.0232723
0.0474897
0.0641518
0.0616503
0.0330827
0.00737803
5.77367e-05
2.81687e-12
4.22015e-14
1.54608e-16
2.44863e-17
2.13955e-17
4.75099e-17
1.51378e-17
4.99123e-18
1.42565e-18
3.41384e-19
7.04107e-20
1.27905e-20
2.07868e-21
3.05781e-22
4.10961e-23
5.08535e-24
5.83241e-25
6.23555e-26
6.24582e-27
5.88739e-28
5.24314e-29
4.42719e-30
3.55558e-31
2.72382e-32
1.99552e-33
1.40141e-34
9.45448e-36
6.13942e-37
3.8443e-38
2.32505e-39
1.36031e-40
7.70998e-42
4.23891e-43
2.26347e-44
1.17521e-45
5.93937e-47
2.92476e-48
1.40467e-49
6.5854e-51
0.000965758
-0.00019571
-0.00947949
0.0247915
0.144998
0.266718
0.341989
0.350689
0.254636
0.108803
0.0197
5.77392e-05
4.51572e-11
1.38686e-12
3.35589e-14
3.11346e-15
2.83427e-16
2.5725e-17
8.63552e-18
3.07229e-18
7.80294e-19
1.64611e-19
3.0385e-20
5.01224e-21
7.47887e-22
1.01856e-22
1.27575e-23
1.47919e-24
1.59687e-25
1.61335e-26
1.5324e-27
1.37389e-28
1.16692e-29
9.41994e-31
7.24839e-32
5.33055e-33
3.75564e-34
2.54056e-35
1.65341e-36
1.03715e-37
6.28122e-39
3.67853e-40
2.08624e-41
1.14736e-42
6.12666e-44
3.18016e-45
1.60639e-46
7.90456e-48
3.79266e-49
1.77601e-50
0.00623954
-0.00977501
-0.0177835
0.104558
0.365442
0.620989
0.758397
0.806082
0.681993
0.373103
0.108803
0.0073781
2.43387e-08
2.8208e-10
3.31846e-12
3.89971e-14
3.27314e-16
-1.05845e-15
-3.96176e-17
2.23029e-18
1.10924e-18
2.62847e-19
5.1253e-20
8.8081e-21
1.36037e-21
1.9083e-22
2.45163e-23
2.90538e-24
3.19624e-25
3.28235e-26
3.16206e-27
2.87003e-28
2.46383e-29
2.00742e-30
1.55709e-31
1.15305e-32
8.17221e-34
5.55633e-35
3.63164e-36
2.28624e-37
1.38871e-38
8.15235e-40
4.63223e-41
2.55118e-42
1.36364e-43
7.08263e-45
3.57862e-46
1.76085e-47
8.44594e-49
3.95271e-50
0.0126361
-0.0237762
-0.0137743
0.205221
0.56585
0.875673
0.994166
1.06959
1.03137
0.681993
0.254636
0.0330828
1.37292e-07
1.44254e-09
1.5721e-11
1.09853e-13
-3.48668e-13
-2.03142e-14
3.45959e-17
5.91299e-18
1.25073e-18
2.81932e-19
5.86794e-20
1.08651e-20
1.79015e-21
2.64835e-22
3.55357e-23
4.36462e-24
4.94623e-25
5.20716e-26
5.12228e-27
4.73209e-28
4.12366e-29
3.40278e-30
2.66808e-31
1.99392e-32
1.42417e-33
9.74626e-35
6.405e-36
4.0504e-37
2.46942e-38
1.45398e-39
8.28105e-41
4.56889e-42
2.44528e-43
1.27113e-44
6.42548e-46
3.16194e-47
1.51629e-48
7.09268e-50
0.0108838
-0.0180108
-0.0295483
0.206465
0.633397
0.943386
1.00405
1.04743
1.06959
0.806082
0.350689
0.0616502
2.51108e-05
3.29473e-09
3.02718e-11
-7.35792e-11
-5.49199e-12
6.38517e-15
5.02275e-16
3.07641e-17
2.93148e-18
3.88535e-19
6.70776e-20
1.21422e-20
2.05069e-21
3.13654e-22
4.34305e-23
5.4818e-24
6.3569e-25
6.82206e-26
6.81879e-27
6.38312e-28
5.62335e-29
4.68206e-30
3.69813e-31
2.78018e-32
1.99525e-33
1.37061e-34
9.03365e-36
5.72525e-37
3.49599e-38
2.06053e-39
1.1742e-40
6.47931e-42
3.46699e-43
1.80129e-44
9.09809e-46
4.47245e-47
2.14205e-48
1.00053e-49
0.00329818
-0.000863501
-0.038417
0.0974441
0.50263
0.848186
0.970756
1.00405
0.994166
0.758397
0.341989
0.0641515
0.000151615
4.80726e-09
-9.28535e-09
-9.12433e-10
6.69357e-13
6.99639e-14
-9.37045e-19
2.13388e-18
1.05035e-18
3.04544e-19
6.98141e-20
1.36789e-20
2.3536e-21
3.60903e-22
4.98909e-23
6.27987e-24
7.26007e-25
7.76681e-26
7.7385e-27
7.22112e-28
6.3415e-29
5.26336e-30
4.14421e-31
3.10579e-32
2.22199e-33
1.52163e-34
9.99803e-36
6.31696e-37
3.84549e-38
2.25962e-39
1.28375e-40
7.06239e-42
3.76762e-43
1.95163e-44
9.82806e-46
4.81696e-47
2.30023e-48
1.07126e-49
-0.00161053
0.00664068
-0.019561
-0.0183638
0.198851
0.565215
0.848186
0.943386
0.875673
0.620989
0.266718
0.0474898
3.14793e-05
-8.59571e-07
-1.09871e-07
5.55592e-11
9.09447e-12
-1.83904e-15
-1.42362e-16
-9.6746e-18
-2.15557e-19
1.49967e-19
4.85968e-20
1.05007e-20
1.8686e-21
2.89894e-22
4.02106e-23
5.06207e-24
5.84529e-25
6.24246e-26
6.20748e-27
5.78046e-28
5.06555e-29
4.19529e-30
3.29609e-31
2.4648e-32
1.75955e-33
1.20231e-34
7.88258e-36
4.96943e-37
3.01852e-38
1.76977e-39
1.00324e-40
5.50703e-42
2.93139e-43
1.51511e-44
7.61297e-46
3.72305e-47
1.77394e-48
8.24328e-50
-0.000854837
0.00128402
0.0050197
-0.037322
-0.0177065
0.198851
0.50263
0.633397
0.56585
0.365442
0.144998
0.0232723
-3.80245e-05
-8.50917e-06
-1.4452e-07
2.1366e-10
2.81951e-11
1.62661e-15
-4.01508e-17
-8.45513e-18
-9.16922e-19
-1.1892e-20
1.90967e-20
5.40427e-21
1.03913e-21
1.65478e-22
2.31502e-23
2.92002e-24
3.36952e-25
3.59208e-26
3.56389e-27
3.31046e-28
2.89345e-29
2.38992e-30
1.87253e-31
1.3964e-32
9.94059e-34
6.77332e-35
4.42815e-36
2.78371e-37
1.68605e-38
9.85716e-40
5.57176e-41
3.04972e-42
1.61871e-43
8.34241e-45
4.17981e-46
2.03824e-47
9.6839e-49
4.48714e-50
0.000619726
-0.00207445
0.00514091
0.00361807
-0.0373219
-0.0183638
0.0974441
0.206465
0.205221
0.104558
0.0247916
-0.000915659
-0.000211931
-1.1022e-05
1.25941e-08
1.25229e-09
-1.04898e-12
-5.67671e-14
-1.10172e-16
-1.50728e-17
-2.35966e-18
-2.29973e-19
-1.45943e-20
-6.80736e-23
1.67765e-22
3.60265e-23
5.51263e-24
7.18399e-25
8.39942e-26
9.00622e-27
8.96068e-28
8.3357e-29
7.29119e-30
6.02416e-31
4.71984e-32
3.51859e-33
2.5034e-34
1.70446e-35
1.11326e-36
6.99065e-38
4.22885e-39
2.46893e-40
1.39351e-41
7.61545e-43
4.03542e-44
2.07617e-45
1.03837e-46
5.05422e-48
2.39679e-49
1.10844e-50
-0.000186074
0.000777753
-0.00294595
0.00514091
0.0050197
-0.019561
-0.0384169
-0.0295484
-0.0137743
-0.0177834
-0.0094795
-0.00213076
-9.89686e-05
8.12981e-07
9.27022e-08
-7.61959e-11
-4.70531e-12
-2.4886e-15
-1.76721e-16
-2.95367e-17
-3.57333e-18
-3.24333e-19
-2.33562e-20
-1.3523e-21
-6.16327e-23
-2.15145e-24
-8.16812e-26
-9.78376e-27
-1.62458e-27
-2.15772e-28
-2.35705e-29
-2.23704e-30
-1.91105e-31
-1.50234e-32
-1.10255e-33
-7.6282e-35
-5.01027e-36
-3.14019e-37
-1.88549e-38
-1.088e-39
-6.04886e-41
-3.24707e-42
-1.68605e-43
-8.48208e-45
-4.1399e-46
-1.9628e-47
-9.04989e-49
-4.06194e-50
-1.77642e-51
-7.57601e-53
3.61259e-05
-0.000171434
0.000777753
-0.00207445
0.00128403
0.00664067
-0.00086346
-0.0180108
-0.0237762
-0.00977498
-0.000195675
0.000316871
8.01169e-05
1.95074e-06
-4.62033e-09
-5.20193e-10
9.58969e-14
5.22253e-15
1.76025e-16
3.06788e-17
4.23338e-18
4.82902e-19
4.81871e-20
4.32175e-21
3.54621e-22
2.69788e-23
1.92317e-24
1.29569e-25
8.31019e-27
5.10483e-28
3.01846e-29
1.72465e-30
9.54654e-32
5.12506e-33
2.66696e-34
1.34199e-35
6.50006e-37
3.00801e-38
1.3139e-39
5.30199e-41
1.88958e-42
5.23061e-44
4.40241e-46
-8.27387e-47
-8.83494e-48
-6.36055e-49
-3.90447e-50
-2.18172e-51
-1.14113e-52
-5.66976e-54
-6.86728e-06
3.61259e-05
-0.000186074
0.000619726
-0.000854841
-0.00161052
0.00329813
0.0108839
0.0126361
0.0062395
0.000965725
-4.62129e-05
-1.86958e-05
-1.4948e-06
2.76048e-10
5.63561e-11
2.46121e-13
-1.84234e-16
-3.54681e-17
-5.42096e-18
-6.9229e-19
-7.63749e-20
-7.42544e-21
-6.44416e-22
-5.02967e-23
-3.53575e-24
-2.22093e-25
-1.21243e-26
-5.27428e-28
-1.17064e-29
9.24598e-31
1.72785e-31
1.80571e-32
1.54631e-33
1.18322e-34
8.37295e-36
5.57515e-37
3.52834e-38
2.13613e-39
1.2427e-40
6.96982e-42
3.77837e-43
1.98388e-44
1.01068e-45
5.00325e-47
2.40995e-48
1.13083e-49
5.1748e-51
2.31166e-52
1.009e-53
)
;

boundaryField
{
    movingWall
    {
        type            zeroGradient;
    }
    fixedWalls
    {
        type            zeroGradient;
    }
    frontAndBack
    {
        type            empty;
    }
}

