/*--------------------------------*- C++ -*----------------------------------*\
| =========                 |                                                 |
| \\      /  F ield         | OpenFOAM: The Open Source CFD Toolbox           |
|  \\    /   O peration     | Version:  v2006                                 |
|   \\  /    A nd           | Website:  www.openfoam.com                      |
|    \\/     M anipulation  |                                                 |
\*---------------------------------------------------------------------------*/
FoamFile
{
    version     2.0;
    format      ascii;
    class       volScalarField;
    location    "0";
    object      f;
}
// * * * * * * * * * * * * * * * * * * * * * * * * * * * * * * * * * * * * * //

dimensions      [0 0 0 0 0 0 0];


internalField   nonuniform List<scalar> 
2500
(
-4.67494e-17
-4.6749e-17
-4.67818e-17
-4.75272e-17
-4.74826e-17
-5.21298e-17
-6.35736e-17
-1.05217e-16
-2.63633e-16
-3.40219e-16
-1.79768e-16
1.76961e-16
-5.11719e-17
-9.70692e-16
-3.92596e-16
1.40285e-15
4.33545e-15
7.86753e-15
7.21962e-15
5.71899e-15
4.5669e-15
-3.1079e-14
-2.73872e-14
-9.28412e-15
1.92576e-14
3.07889e-14
1.98871e-14
6.7199e-15
2.02897e-15
-1.79291e-15
-3.20144e-15
-1.67305e-15
-3.75545e-16
4.19759e-16
5.27737e-16
2.39977e-16
9.4142e-17
4.21677e-17
2.23267e-17
1.28826e-17
7.60934e-18
4.53067e-18
2.73125e-18
1.6712e-18
1.03058e-18
6.31525e-19
3.78748e-19
2.19568e-19
1.21948e-19
6.44656e-20
-5.44455e-17
-5.44289e-17
-5.44772e-17
-5.65663e-17
-5.62818e-17
-6.29047e-17
-7.80247e-17
-1.19781e-16
-8.49338e-16
-1.32396e-15
7.24215e-18
3.57956e-15
-5.76814e-15
-1.8267e-14
-1.60404e-15
5.01128e-14
7.48725e-14
6.82486e-14
2.33485e-14
-9.0112e-14
-3.43452e-13
-2.39253e-13
-7.39123e-14
8.03875e-15
2.33446e-13
1.63744e-13
4.85638e-14
-1.29567e-14
-5.81278e-14
-4.65578e-14
-1.93888e-14
-3.94974e-15
7.41916e-16
4.93099e-15
2.14244e-15
4.46309e-16
1.18943e-16
6.12945e-17
4.18707e-17
2.75669e-17
1.69148e-17
1.00051e-17
5.89399e-18
3.51682e-18
2.1225e-18
1.2779e-18
7.545e-19
4.30603e-19
2.35129e-19
1.21933e-19
-5.87437e-17
-5.86842e-17
-5.87186e-17
-6.30431e-17
-6.20232e-17
-6.95169e-17
-8.6254e-17
1.99489e-17
-3.23219e-15
-4.91304e-15
3.3264e-14
2.45427e-14
-5.12004e-14
-8.73354e-14
1.14477e-14
2.04031e-13
2.381e-13
1.38349e-13
-1.16793e-12
-2.29598e-12
-1.96121e-12
-4.80267e-13
1.29823e-12
2.19688e-12
7.7187e-13
2.10536e-13
-8.46783e-13
-1.10246e-12
-5.99889e-13
-2.17548e-13
-4.12754e-14
2.96207e-14
7.014e-14
3.43212e-14
5.48281e-15
7.00181e-17
-1.71255e-17
8.25776e-17
8.97323e-17
6.22242e-17
3.68545e-17
2.07458e-17
1.17116e-17
6.79041e-18
4.03422e-18
2.40851e-18
1.41216e-18
7.98641e-19
4.30562e-19
2.1952e-19
3.02066e-14
3.07359e-14
3.06353e-14
1.67466e-14
3.38737e-14
5.19501e-14
2.92025e-14
9.68487e-15
-2.69153e-15
9.68491e-14
1.80825e-13
5.21204e-14
-1.66418e-13
-1.61593e-13
1.30937e-13
3.12134e-13
2.06498e-13
-4.00733e-12
-8.03435e-12
-8.88891e-12
-4.42674e-12
9.04623e-12
1.51648e-11
1.15473e-11
4.49033e-13
-1.14443e-11
-9.439e-12
-4.95318e-12
-1.78512e-12
-4.06287e-13
4.5742e-13
7.47235e-13
3.81149e-13
7.7742e-14
-3.85052e-15
-3.13291e-15
-4.98921e-16
2.25956e-16
2.40493e-16
1.43198e-16
7.52654e-17
3.89931e-17
2.09328e-17
1.18894e-17
7.0627e-18
4.24688e-18
2.50167e-18
1.41205e-18
7.54369e-19
3.78634e-19
5.98246e-13
6.00483e-13
5.98549e-13
5.56898e-13
6.18691e-13
6.78263e-13
5.57602e-13
4.49866e-13
6.03691e-13
7.04595e-13
4.14221e-13
-1.38794e-13
-2.83694e-13
6.54762e-13
1.18188e-12
-6.13261e-12
-1.7118e-11
-1.97131e-11
-1.84927e-11
-1.57677e-11
2.04451e-11
4.93219e-11
4.27708e-11
2.50955e-11
-6.34262e-11
-5.96815e-11
-2.9872e-11
-8.56726e-12
-2.29976e-12
5.88289e-12
6.67988e-12
3.33701e-12
7.5996e-13
-7.22464e-14
-5.86327e-14
-1.23764e-14
3.71216e-16
1.51224e-15
7.28983e-16
3.01049e-16
1.32626e-16
6.26704e-17
3.24366e-17
1.85787e-17
1.13967e-17
7.07378e-18
4.24661e-18
2.40818e-18
1.2776e-18
6.3129e-19
2.33226e-12
2.33263e-12
2.31628e-12
2.40003e-12
2.38991e-12
2.36288e-12
2.18542e-12
2.12935e-12
2.85684e-12
2.24438e-12
8.92547e-14
-7.8222e-13
5.57656e-12
2.05879e-11
6.2834e-12
-5.73915e-11
-8.35592e-11
-3.68156e-11
1.61355e-11
4.14624e-10
4.18935e-10
1.15582e-10
1.01949e-11
-3.57587e-10
-3.20717e-10
-1.18291e-10
-4.08237e-11
7.03096e-11
9.38623e-11
6.20152e-11
2.66885e-11
6.15342e-12
-1.24582e-12
-8.6676e-13
-1.91891e-13
1.69954e-15
2.10124e-14
8.29165e-15
1.58551e-15
4.31096e-16
1.70497e-16
7.77118e-17
4.12593e-17
2.56212e-17
1.72158e-17
1.13961e-17
7.06191e-18
4.03348e-18
2.1219e-18
1.03015e-18
5.4904e-12
5.47619e-12
5.40995e-12
5.95491e-12
5.58588e-12
5.11772e-12
5.29559e-12
5.70365e-12
7.56864e-12
4.21034e-12
-5.51218e-12
3.97354e-12
5.60342e-11
8.62317e-11
1.2496e-11
-1.88378e-10
-1.88966e-10
7.36466e-10
2.50914e-09
3.75251e-09
2.0473e-09
-1.21567e-09
-3.39299e-09
-2.59569e-09
-7.378e-10
3.34561e-10
1.26454e-09
1.02947e-09
5.2766e-10
2.04264e-10
4.69613e-11
-1.9735e-11
-1.23953e-11
-2.68788e-12
-2.4244e-15
2.25204e-13
1.04098e-13
1.8003e-14
9.45715e-16
2.30288e-16
1.16609e-16
6.19255e-17
4.0347e-17
3.19219e-17
2.56199e-17
1.85769e-17
1.18877e-17
6.78899e-18
3.51576e-18
1.67046e-18
9.49461e-12
9.44856e-12
9.26926e-12
1.07213e-11
9.577e-12
8.14623e-12
9.46493e-12
1.12926e-11
1.46639e-11
4.34168e-12
-1.71474e-11
5.0728e-11
1.81216e-10
1.9225e-10
2.17398e-11
-4.1124e-10
6.53026e-10
6.58778e-09
1.14806e-08
1.15643e-08
4.18856e-09
-1.15599e-08
-1.56889e-08
-7.42302e-09
5.49728e-10
9.82557e-09
7.29444e-09
3.41249e-09
1.25213e-09
3.28524e-10
-2.53628e-10
-1.58484e-10
-3.57633e-11
-8.33316e-13
1.81644e-12
9.59886e-13
2.07335e-13
8.3953e-15
-3.23594e-16
-7.50599e-17
3.13132e-19
1.68771e-17
2.92539e-17
4.03447e-17
4.12558e-17
3.24329e-17
2.09297e-17
1.17091e-17
5.89224e-18
2.73006e-18
1.22139e-11
1.21498e-11
1.18338e-11
1.41121e-11
1.22406e-11
9.89331e-12
1.26858e-11
1.61475e-11
2.08222e-11
-4.83318e-13
-2.11999e-11
1.27013e-10
2.89953e-10
2.59112e-10
-7.33565e-11
-2.40189e-10
9.21949e-09
1.8474e-08
2.47952e-08
1.90786e-08
-2.10071e-08
-3.74326e-08
-3.22815e-08
-7.92329e-09
5.7694e-08
4.39226e-08
1.7077e-08
4.96398e-09
1.43052e-09
-3.15059e-09
-1.89457e-09
-4.1323e-10
-1.51552e-11
1.25858e-11
7.10432e-12
1.78407e-12
1.22992e-13
-5.31474e-15
-1.5142e-15
-2.31096e-16
-5.38523e-17
-2.44112e-17
1.68739e-17
6.19198e-17
7.77049e-17
6.26638e-17
3.89879e-17
2.0742e-17
1.00024e-17
4.52889e-18
-1.31855e-10
-1.28584e-10
-1.32184e-10
-1.46122e-10
-1.36621e-10
-9.9962e-11
-8.30681e-11
-2.38904e-10
-4.25674e-10
-8.51512e-11
-2.28674e-11
2.62563e-10
-4.39183e-09
-1.45817e-08
-1.35403e-08
1.75427e-08
4.42652e-08
2.74903e-08
1.07255e-08
-1.7052e-07
-1.65883e-07
-6.39915e-08
5.94096e-09
3.73951e-07
2.97842e-07
8.6392e-08
8.99533e-09
-5.47036e-08
-5.60382e-08
-2.52843e-08
-4.94809e-09
-1.3107e-10
8.02031e-11
4.67173e-11
1.30064e-11
1.21436e-12
-6.2277e-14
-2.13065e-14
-1.69265e-15
4.82563e-16
1.05659e-16
-5.38555e-17
3.06631e-19
1.16599e-16
1.70485e-16
1.32615e-16
7.52571e-17
3.68488e-17
1.69109e-17
7.60685e-18
-2.50068e-07
-2.49927e-07
-2.50034e-07
-2.508e-07
-2.5011e-07
-2.48366e-07
-2.48984e-07
-2.5488e-07
-2.56467e-07
-2.4239e-07
-2.21512e-07
-2.49779e-07
-3.30211e-07
-3.2958e-07
-1.73922e-07
6.33058e-08
1.15448e-07
-5.75581e-07
-1.72406e-06
-1.92864e-06
-5.51872e-07
1.57213e-06
2.52445e-06
1.93349e-06
6.40483e-07
-5.67547e-07
-1.03502e-06
-7.3488e-07
-3.14464e-07
-7.14941e-08
-3.02324e-09
4.35667e-10
2.69997e-10
8.77321e-11
1.10606e-11
-4.53446e-13
-1.99036e-13
-2.75218e-14
8.58579e-15
4.2475e-15
4.82559e-16
-2.31099e-16
-7.50675e-17
2.30277e-16
4.31075e-16
3.0103e-16
1.43185e-16
6.22164e-17
2.75618e-17
1.28793e-17
-1.41804e-06
-1.41806e-06
-1.41786e-06
-1.41817e-06
-1.41707e-06
-1.41687e-06
-1.42392e-06
-1.4232e-06
-1.40256e-06
-1.39496e-06
-1.4474e-06
-1.53994e-06
-1.5597e-06
-1.26844e-06
-6.02e-07
1.01977e-07
-1.22987e-06
-5.18792e-06
-8.16749e-06
-6.61424e-06
8.02295e-08
9.7632e-06
1.14627e-05
4.66289e-06
-3.23563e-06
-6.87221e-06
-5.20925e-06
-2.50613e-06
-7.76021e-07
-9.52833e-08
1.67279e-09
1.15442e-09
4.77253e-10
1.05362e-10
1.04546e-12
-6.64136e-13
-2.43019e-13
3.66866e-14
2.98085e-14
8.58581e-15
-1.69258e-15
-1.51417e-15
-3.23596e-16
9.45674e-16
1.58544e-15
7.28943e-16
2.40476e-16
8.97226e-17
4.18645e-17
2.23227e-17
-3.66515e-06
-3.666e-06
-3.66472e-06
-3.66154e-06
-3.66134e-06
-3.6708e-06
-3.69197e-06
-3.65795e-06
-3.57127e-06
-3.62818e-06
-3.93229e-06
-4.10609e-06
-3.81522e-06
-2.63282e-06
-1.04221e-06
-1.82925e-06
-7.89193e-06
-1.61381e-05
-1.94264e-05
-1.19089e-05
5.65444e-06
2.38012e-05
2.77992e-05
5.98149e-06
-2.57952e-05
-2.3361e-05
-1.24137e-05
-4.7251e-06
-1.14711e-06
-5.9352e-08
2.08291e-09
1.57934e-09
6.25538e-10
1.03388e-10
-6.5736e-13
-2.53929e-13
4.90867e-13
2.34403e-13
3.66875e-14
-2.75208e-14
-2.13058e-14
-5.31458e-15
8.39484e-15
1.80021e-14
8.29124e-15
1.51216e-15
2.2594e-16
8.25687e-17
6.12877e-17
4.21629e-17
-5.96028e-06
-5.96246e-06
-5.95972e-06
-5.95032e-06
-5.95194e-06
-5.97966e-06
-6.01872e-06
-5.92574e-06
-5.74188e-06
-5.92066e-06
-6.6102e-06
-6.8389e-06
-6.02697e-06
-3.44743e-06
-9.86095e-07
-7.90177e-06
-2.27876e-05
-3.20249e-05
-2.60809e-05
-1.08361e-05
2.9468e-05
3.19425e-05
3.49298e-05
-0.000103689
-8.3414e-05
-3.89788e-05
-1.5621e-05
-5.2867e-06
-1.15126e-06
-1.59169e-08
2.32497e-09
1.77841e-09
8.43319e-10
1.38823e-10
4.49916e-13
6.22497e-12
3.42534e-12
4.90868e-13
-2.43013e-13
-1.99031e-13
-6.22752e-14
1.22987e-13
2.07328e-13
1.04094e-13
2.10115e-14
3.71181e-16
-4.98905e-16
-1.71278e-17
1.18935e-16
9.41361e-17
-6.18945e-06
-6.19302e-06
-6.19022e-06
-6.17213e-06
-6.17375e-06
-6.22863e-06
-6.28883e-06
-6.11657e-06
-5.80133e-06
-6.12905e-06
-7.16353e-06
-7.40274e-06
-5.80963e-06
4.88285e-07
3.7104e-06
-1.54979e-05
-4.13949e-05
-4.06843e-05
6.67215e-05
0.000175391
8.45045e-05
-0.000243664
-0.000744166
-0.000657579
-0.000102442
0.00070491
0.00144633
0.00175142
0.00163434
0.00122564
0.000731628
0.00033182
9.86408e-05
9.25389e-06
4.85507e-11
2.65792e-11
6.22495e-12
-2.53929e-13
-6.64132e-13
-4.53436e-13
1.21432e-12
1.78401e-12
9.59853e-13
2.25195e-13
1.69943e-15
-1.2376e-14
-3.13281e-15
7.00211e-17
4.46293e-16
2.39967e-16
0.000144002
0.000143925
0.000144016
0.000144527
0.000144126
0.00014233
0.000142804
0.000148326
0.000150298
0.000137514
0.000122529
0.000138042
0.00018912
0.000208866
0.000123239
-6.62435e-06
-4.5759e-05
0.000379844
0.000998509
0.000955232
-0.000344269
-0.00274257
-0.00400211
-0.00216436
0.00391164
0.0132369
0.0222708
0.027049
0.0266896
0.0224171
0.0158909
0.00935054
0.00436551
0.00141962
0.000183078
4.85503e-11
4.499e-13
-6.57354e-13
1.04531e-12
1.10602e-11
1.3006e-11
7.1041e-12
1.81638e-12
-2.42321e-15
-1.91887e-13
-5.86314e-14
-3.8504e-15
5.48262e-15
2.14236e-15
5.27721e-16
0.000828511
0.000828228
0.000828794
0.000830677
0.000828241
0.000821236
0.000826809
0.000848888
0.000845424
0.00078689
0.000755036
0.000863236
0.00103338
0.000972129
0.000528806
7.5254e-05
0.000521876
0.00210887
0.00352834
0.00261319
-0.00230835
-0.00914466
-0.0117641
-0.00399747
0.0180938
0.050534
0.0821289
0.100013
0.0998694
0.086062
0.0632123
0.0390392
0.0195639
0.00724237
0.00141962
9.25392e-06
1.38829e-10
1.03384e-10
1.05358e-10
8.77296e-11
4.67159e-11
1.25854e-11
-8.33298e-13
-2.68784e-12
-8.66747e-13
-7.22455e-14
7.77396e-14
3.432e-14
4.9308e-15
4.19755e-16
0.00226348
0.00226283
0.00226444
0.00226878
0.00226187
0.00224539
0.00226306
0.00231637
0.00229376
0.00214353
0.00210423
0.00241717
0.00278345
0.00246322
0.00127232
0.000594967
0.0021162
0.00580364
0.0082655
0.0048983
-0.00655382
-0.0208381
-0.0246343
-0.00493277
0.0464168
0.120499
0.193044
0.235707
0.236825
0.206666
0.154342
0.0973982
0.0502867
0.0195639
0.00436551
9.86409e-05
8.43322e-10
6.25526e-10
4.77242e-10
2.6999e-10
8.02007e-11
-1.51545e-11
-3.57626e-11
-1.23951e-11
-1.24581e-12
7.59939e-13
3.81137e-13
7.01374e-14
7.41854e-16
-3.75528e-16
0.00437442
0.00437326
0.00437647
0.0043842
0.00437035
0.00434079
0.00437787
0.00447548
0.00441743
0.0041324
0.00410357
0.00474057
0.00535179
0.0045384
0.0023129
0.00146716
0.00478454
0.0114786
0.0148473
0.00747126
-0.0133297
-0.0371963
-0.0411176
-0.00373624
0.0886815
0.220856
0.351242
0.430356
0.43468
0.382761
0.289165
0.185107
0.0973982
0.0390392
0.00935054
0.000331821
1.77842e-09
1.57933e-09
1.1544e-09
4.35656e-10
-1.31062e-10
-4.13221e-10
-1.58482e-10
-1.97348e-11
6.15327e-12
3.33693e-12
7.47212e-13
2.9619e-14
-3.94955e-15
-1.67298e-15
0.006584
0.00658227
0.00658728
0.00659873
0.00657695
0.00653323
0.00659304
0.00673912
0.00663669
0.00620164
0.0061974
0.00721817
0.00806265
0.00663535
0.00326195
0.00238324
0.00790976
0.0178566
0.0217956
0.00946988
-0.0215793
-0.0548774
-0.0579279
-0.000567501
0.136713
0.332582
0.527713
0.649758
0.659889
0.585619
0.446655
0.289165
0.154342
0.0632123
0.0158909
0.000731628
2.32506e-09
2.08292e-09
1.67276e-09
-3.02307e-09
-4.94796e-09
-1.89453e-09
-2.53625e-10
4.69604e-11
2.66879e-11
6.67971e-12
4.57402e-13
-4.12733e-14
-1.93878e-14
-3.2013e-15
0.0079177
0.00791553
0.00792185
0.00793622
0.00790857
0.0078538
0.0079309
0.00811454
0.00797684
0.00742643
0.0074451
0.00876894
0.00979184
0.00784919
0.00359564
0.0027809
0.0101358
0.0226292
0.026686
0.0101554
-0.0287381
-0.0687616
-0.0707807
0.00235244
0.175103
0.422502
0.672185
0.833302
0.851588
0.761308
0.585619
0.382761
0.206666
0.086062
0.0224171
0.00122564
-1.59136e-08
-5.93478e-08
-9.52797e-08
-7.14922e-08
-2.52837e-08
-3.15054e-09
3.28519e-10
2.0426e-10
6.20139e-11
5.88271e-12
-4.06269e-13
-2.17538e-13
-4.65552e-14
-1.79281e-15
0.00769851
0.00769614
0.00770271
0.00771836
0.00768945
0.00762998
0.00771113
0.0079096
0.00776388
0.00716919
0.00718756
0.0086174
0.00971696
0.00761289
0.00288635
0.00212535
0.0102112
0.0234952
0.0274642
0.00951638
-0.0318348
-0.0742796
-0.0763957
0.00201471
0.188395
0.458665
0.735699
0.919764
0.946279
0.851588
0.659889
0.43468
0.236825
0.0998694
0.0266896
0.00163434
-1.15123e-06
-1.14708e-06
-7.76005e-07
-3.14458e-07
-5.60372e-08
1.4305e-09
1.25211e-09
5.27652e-10
9.38603e-11
-2.29972e-12
-1.78506e-12
-5.99863e-13
-5.81242e-14
2.0289e-15
0.00510826
0.00510599
0.00511122
0.00512613
0.00510298
0.00504678
0.0051111
0.00529443
0.00518701
0.00464851
0.00461727
0.00586608
0.00694749
0.00518772
0.00100143
1.55983e-05
0.00691353
0.0188782
0.0231113
0.00823107
-0.028882
-0.069252
-0.07429
-0.00548879
0.167292
0.425486
0.697346
0.885276
0.919764
0.833302
0.649758
0.430356
0.235707
0.100013
0.027049
0.00175142
-5.28662e-06
-4.72503e-06
-2.50609e-06
-7.34868e-07
-5.47023e-08
4.96394e-09
3.41246e-09
1.02946e-09
7.0308e-11
-8.567e-12
-4.95301e-12
-1.10242e-12
-1.29545e-14
6.71975e-15
0.00116469
0.001163
0.00116545
0.00117669
0.00116571
0.00112429
0.00115229
0.00128121
0.00125241
0.000900101
0.000777207
0.00151386
0.0023859
0.00159931
-0.00111471
-0.00252971
0.00106449
0.00920515
0.0144415
0.00694998
-0.0183603
-0.0516527
-0.0636488
-0.0202127
0.107692
0.311451
0.53519
0.697346
0.735699
0.672185
0.527713
0.351242
0.193044
0.0821289
0.0222708
0.00144633
-1.56208e-05
-1.24136e-05
-5.20918e-06
-1.035e-06
8.99587e-09
1.70769e-08
7.29435e-09
1.26452e-09
-4.08231e-11
-2.98713e-11
-9.43868e-12
-8.46738e-13
4.85626e-14
1.98866e-14
-0.00204438
-0.00204527
-0.00204569
-0.00203969
-0.00203799
-0.00205882
-0.0020683
-0.00201161
-0.00196294
-0.00208066
-0.00227473
-0.00214749
-0.00158163
-0.00132832
-0.0022527
-0.00397222
-0.00418282
-0.000643853
0.00521532
0.00645806
-0.00457331
-0.0282552
-0.0473975
-0.0343668
0.0353793
0.162459
0.311451
0.425486
0.458665
0.422502
0.332582
0.220856
0.120499
0.050534
0.0132369
0.00070491
-3.89785e-05
-2.33607e-05
-6.87213e-06
-5.67535e-07
8.6391e-08
4.39221e-08
9.82545e-09
3.34554e-10
-1.18288e-10
-5.968e-11
-1.14439e-11
2.10546e-13
1.63742e-13
3.07879e-14
-0.00302742
-0.00302755
-0.00302965
-0.00302873
-0.00301937
-0.0030211
-0.00305279
-0.00305822
-0.00297056
-0.00290764
-0.00309782
-0.00339168
-0.00317383
-0.00227951
-0.00193292
-0.00350646
-0.00618012
-0.00624837
-0.000949524
0.00641031
0.00633941
-0.00740132
-0.0290624
-0.0386863
-0.0189469
0.0353793
0.107692
0.167292
0.188395
0.175103
0.136713
0.0886815
0.0464168
0.0180938
0.00391164
-0.000102441
-8.34135e-05
-2.5795e-05
-3.23558e-06
6.40474e-07
2.97838e-07
5.76932e-08
5.49692e-10
-7.37788e-10
-3.2071e-10
-6.34246e-11
4.49115e-13
7.71861e-13
2.3344e-13
1.92566e-14
-0.00190546
-0.00190506
-0.00190718
-0.00191004
-0.00190008
-0.00188911
-0.00191993
-0.00196216
-0.00189048
-0.00174325
-0.00184127
-0.00227277
-0.00235968
-0.00145401
-0.000419578
-0.00131059
-0.00452126
-0.00634863
-0.00282608
0.00535988
0.0104314
0.00520882
-0.0111927
-0.029902
-0.0386863
-0.0343668
-0.0202127
-0.00548879
0.00201471
0.00235244
-0.000567494
-0.00373623
-0.00493276
-0.00399746
-0.00216435
-0.000657577
-0.000103689
5.98155e-06
4.66287e-06
1.93347e-06
3.73946e-07
-7.92352e-09
-7.42303e-09
-2.59565e-09
-3.57576e-10
2.50949e-11
1.1547e-11
2.19682e-12
8.03904e-15
-9.28342e-15
-2.20496e-05
-2.14967e-05
-2.2455e-05
-2.6127e-05
-2.169e-05
-7.82825e-06
-1.99568e-05
-6.41771e-05
-4.6924e-05
7.78898e-05
0.000102403
-0.000177677
-0.000434138
-1.6931e-05
0.000858165
0.000842742
-0.000901809
-0.00280596
-0.00197907
0.00261828
0.00791986
0.00870763
0.0023552
-0.0111927
-0.0290624
-0.0473975
-0.0636488
-0.07429
-0.0763957
-0.0707807
-0.0579279
-0.0411176
-0.0246343
-0.0117641
-0.00400211
-0.000744164
3.49298e-05
2.77991e-05
1.14627e-05
2.52443e-06
5.93975e-09
-3.22814e-08
-1.56887e-08
-3.39293e-09
1.01983e-11
4.27697e-11
1.51642e-11
1.29817e-12
-7.3908e-14
-2.73854e-14
0.000840955
0.000841301
0.000841698
0.000839306
0.000837576
0.000846015
0.000853401
0.000830848
0.000801673
0.00084593
0.000941611
0.000901743
0.000673092
0.000563859
0.000893262
0.00144249
0.00147452
0.000550234
-0.000724785
-0.000654282
0.00195028
0.00625764
0.00870763
0.00520882
-0.00740132
-0.0282552
-0.0516527
-0.069252
-0.0742796
-0.0687616
-0.0548774
-0.0371963
-0.0208381
-0.00914466
-0.00274257
-0.000243664
3.19422e-05
2.38009e-05
9.7631e-06
1.57212e-06
-6.39904e-08
-3.74318e-08
-1.15596e-08
-1.21563e-09
1.15579e-10
4.93197e-11
9.04585e-12
-4.80248e-13
-2.39242e-13
-3.10772e-14
0.000269166
0.000269197
0.000270342
0.000270103
0.000264847
0.00026524
0.000282166
0.000285697
0.000241515
0.000210045
0.000297947
0.000439285
0.00034771
-5.85568e-05
-0.00021239
0.00040465
0.00136633
0.00127973
-0.000476014
-0.0025219
-0.00221536
0.00195028
0.00791986
0.0104314
0.00633941
-0.0045733
-0.0183603
-0.0288819
-0.0318348
-0.0287381
-0.0215793
-0.0133297
-0.00655383
-0.00230836
-0.000344276
8.45028e-05
2.94672e-05
5.65424e-06
8.0183e-08
-5.51872e-07
-1.65881e-07
-2.10065e-08
4.18859e-09
2.04731e-09
4.18929e-10
2.04424e-11
-4.42668e-12
-1.96117e-12
-3.43437e-13
4.56811e-15
-0.00096261
-0.000962761
-0.000961645
-0.000960658
-0.000965614
-0.000969517
-0.000955107
-0.00093937
-0.00097128
-0.00102756
-0.00098159
-0.000824564
-0.000816462
-0.00111534
-0.00138652
-0.00111077
-0.000377319
-0.000134899
-0.00100586
-0.00238927
-0.0025219
-0.00065428
0.00261827
0.00535987
0.0064103
0.00645806
0.00695
0.0082311
0.00951639
0.0101554
0.00946986
0.00747123
0.00489827
0.00261318
0.000955223
0.000175387
-1.08368e-05
-1.1909e-05
-6.61426e-06
-1.92863e-06
-1.70514e-07
1.90784e-08
1.15642e-08
3.75246e-09
4.14613e-10
-1.57676e-11
-8.88892e-12
-2.29596e-12
-9.00997e-14
5.71951e-15
-0.00165703
-0.00165716
-0.0016564
-0.0016557
-0.00165894
-0.00166171
-0.00165287
-0.00164257
-0.00166066
-0.00169157
-0.00167393
-0.00160204
-0.00158283
-0.0016654
-0.00177061
-0.00178336
-0.00176842
-0.00176442
-0.00157934
-0.00100586
-0.000476007
-0.000724781
-0.00197908
-0.00282609
-0.000949533
0.00521533
0.0144415
0.0231113
0.0274642
0.026686
0.0217956
0.0148473
0.00826547
0.00352832
0.000998499
6.67181e-05
-2.60815e-05
-1.94269e-05
-8.16761e-06
-1.72405e-06
1.07297e-08
2.47955e-08
1.14805e-08
2.50909e-09
1.61307e-11
-1.84931e-11
-8.03432e-12
-1.16791e-12
2.33468e-14
7.21941e-15
-0.0016099
-0.0016099
-0.00160931
-0.00160942
-0.00161199
-0.00161152
-0.00160429
-0.00160452
-0.00162018
-0.00162401
-0.00159852
-0.00158431
-0.0016129
-0.00162191
-0.0015487
-0.00158019
-0.00192597
-0.00226595
-0.00176442
-0.000134895
0.00127974
0.000550237
-0.00280597
-0.00634865
-0.00624838
-0.000643844
0.00920518
0.0188782
0.0234952
0.0226292
0.0178566
0.0114785
0.00580361
0.00210885
0.000379835
-4.06866e-05
-3.20263e-05
-1.61387e-05
-5.18807e-06
-5.7558e-07
2.74903e-08
1.84741e-08
6.58779e-09
7.36446e-10
-3.68149e-11
-1.97129e-11
-4.0073e-12
1.38345e-13
6.82459e-14
7.86724e-15
-0.00136337
-0.0013633
-0.00136252
-0.00136307
-0.00136634
-0.00136457
-0.00135486
-0.0013578
-0.00138241
-0.00138331
-0.00133242
-0.00131022
-0.00138793
-0.00145446
-0.00135255
-0.00124198
-0.00147324
-0.00192598
-0.00176842
-0.000377316
0.00136634
0.00147452
-0.000901815
-0.00452127
-0.00618012
-0.00418281
0.00106452
0.00691356
0.0102112
0.0101358
0.00790974
0.00478451
0.00211617
0.000521858
-4.5765e-05
-4.13986e-05
-2.27894e-05
-7.89258e-06
-1.22999e-06
1.15446e-07
4.42647e-08
9.21964e-09
6.53066e-10
-1.88963e-10
-8.35579e-11
-1.71178e-11
2.06469e-13
2.38082e-13
7.48688e-14
4.33559e-15
-0.00134765
-0.0013476
-0.00134664
-0.00134701
-0.00135101
-0.00135015
-0.00133782
-0.00133763
-0.00136827
-0.00137994
-0.00132054
-0.00126464
-0.00133805
-0.00147195
-0.0014482
-0.00125497
-0.00124198
-0.00158019
-0.00178336
-0.00111076
0.000404656
0.00144249
0.000842736
-0.0013106
-0.00350647
-0.00397222
-0.00252969
1.56281e-05
0.00212537
0.00278089
0.00238321
0.00146712
0.000594934
7.52341e-05
-6.63175e-06
-1.55014e-05
-7.90339e-06
-1.82986e-06
1.01891e-07
6.32882e-08
1.75443e-08
-2.39435e-10
-4.11154e-10
-1.88381e-10
-5.7396e-11
-6.1333e-12
3.12115e-13
2.04019e-13
5.01118e-14
1.40319e-15
-0.00145833
-0.00145833
-0.00145734
-0.00145733
-0.00146151
-0.00146193
-0.00144961
-0.00144522
-0.0014742
-0.00149636
-0.00144631
-0.00137421
-0.00141623
-0.0015669
-0.00160098
-0.0014482
-0.00135254
-0.0015487
-0.00177061
-0.00138652
-0.000212383
0.000893264
0.00085816
-0.000419592
-0.00193293
-0.00225269
-0.00111469
0.00100146
0.00288637
0.00359564
0.00326192
0.00231286
0.00127229
0.000528784
0.00012323
3.70831e-06
-9.87055e-07
-1.04277e-06
-6.02165e-07
-1.73931e-07
-1.35331e-08
-7.33333e-11
2.17286e-11
1.24896e-11
6.28092e-12
1.18168e-12
1.30993e-13
1.14558e-14
-1.60242e-15
-3.92465e-16
-0.0014597
-0.00145972
-0.00145881
-0.00145874
-0.00146253
-0.00146313
-0.00145211
-0.00144765
-0.00147287
-0.00149349
-0.00145202
-0.00138924
-0.00141905
-0.00153521
-0.0015669
-0.00147194
-0.00145446
-0.0016219
-0.0016654
-0.00111533
-5.85497e-05
0.000563863
-1.69366e-05
-0.00145402
-0.00227952
-0.00132831
0.00159934
0.00518775
0.00761291
0.00784919
0.00663533
0.00453837
0.00246319
0.000972107
0.000208855
4.86699e-07
-3.44793e-06
-2.63318e-06
-1.26861e-06
-3.29611e-07
-1.45803e-08
2.59078e-10
1.92232e-10
8.62277e-11
2.05875e-11
6.54847e-13
-1.61569e-13
-8.73246e-14
-1.8266e-14
-9.70857e-16
-0.00135186
-0.00135185
-0.00135106
-0.00135114
-0.00135449
-0.00135444
-0.0013446
-0.00134249
-0.00136538
-0.00137913
-0.00133906
-0.00129273
-0.00133096
-0.00141905
-0.00141623
-0.00133805
-0.00138793
-0.0016129
-0.00158282
-0.000816458
0.000347717
0.000673096
-0.000434144
-0.00235969
-0.00317384
-0.00158162
0.00238593
0.00694752
0.00971697
0.00979183
0.00806263
0.00535176
0.00278341
0.00103335
0.00018911
-5.81078e-06
-6.02777e-06
-3.81568e-06
-1.55987e-06
-3.30238e-07
-4.39127e-09
2.89957e-10
1.81212e-10
5.6031e-11
5.57589e-12
-2.83646e-13
-1.66389e-13
-5.1195e-14
-5.76961e-15
-5.12431e-17
-0.00130659
-0.00130656
-0.00130575
-0.00130594
-0.00130936
-0.00130898
-0.0012987
-0.00129759
-0.00132213
-0.00133403
-0.00128908
-0.00124295
-0.00129273
-0.00138924
-0.00137421
-0.00126464
-0.00131022
-0.00158431
-0.00160204
-0.00082456
0.000439292
0.000901747
-0.000177683
-0.00227278
-0.00339169
-0.00214748
0.00151389
0.00586611
0.00861741
0.00876894
0.00721815
0.00474053
0.00241714
0.000863215
0.000138033
-7.40387e-06
-6.8399e-06
-4.10664e-06
-1.54012e-06
-2.49798e-07
2.62526e-10
1.27006e-10
5.07271e-11
3.97426e-12
-7.82032e-13
-1.38698e-13
5.21459e-14
2.45479e-14
3.57868e-15
1.76669e-16
-0.0013595
-0.00135948
-0.0013586
-0.00135875
-0.00136245
-0.00136222
-0.00135115
-0.0013494
-0.00137562
-0.00139008
-0.00134248
-0.00128908
-0.00133906
-0.00145202
-0.00144631
-0.00132054
-0.00133242
-0.00159852
-0.00167393
-0.000981585
0.000297954
0.000941615
0.000102397
-0.00184128
-0.00309783
-0.00227472
0.000777233
0.0046173
0.00718758
0.0074451
0.00619738
0.00410353
0.0021042
0.000755015
0.00012252
-7.1649e-06
-6.61136e-06
-3.93291e-06
-1.4476e-06
-2.21528e-07
-2.28561e-11
-2.11938e-11
-1.71453e-11
-5.5117e-12
8.93416e-14
4.14252e-13
1.80844e-13
3.3267e-14
6.99164e-18
-1.79808e-16
-0.00140472
-0.00140472
-0.00140383
-0.00140392
-0.00140767
-0.00140765
-0.00139652
-0.00139406
-0.00142016
-0.00143624
-0.00139008
-0.00133403
-0.00137913
-0.00149349
-0.00149636
-0.00137994
-0.0013833
-0.001624
-0.00169157
-0.00102755
0.000210052
0.000845933
7.78848e-05
-0.00174326
-0.00290765
-0.00208065
0.000900127
0.00464854
0.00716921
0.00742642
0.00620162
0.00413237
0.0021435
0.000786869
0.000137504
-6.13051e-06
-5.9218e-06
-3.6288e-06
-1.39516e-06
-2.42409e-07
-8.48998e-11
-4.82895e-13
4.34156e-12
4.21013e-12
2.24421e-12
7.04531e-13
9.68521e-14
-4.91371e-15
-1.32409e-15
-3.4023e-16
-0.00138973
-0.00138972
-0.00138886
-0.00138894
-0.00139258
-0.00139257
-0.00138181
-0.0013794
-0.0014046
-0.00142016
-0.00137562
-0.00132213
-0.00136538
-0.00147287
-0.0014742
-0.00136827
-0.00138241
-0.00162017
-0.00166066
-0.000971276
0.000241522
0.000801677
-4.69303e-05
-0.0018905
-0.00297057
-0.00196293
0.00125244
0.00518704
0.00776389
0.00797683
0.00663667
0.0044174
0.00229373
0.000845403
0.000150289
-5.8027e-06
-5.7429e-06
-3.57184e-06
-1.40275e-06
-2.56488e-07
-4.25095e-10
2.08267e-11
1.4666e-11
7.56941e-12
2.85694e-12
6.03631e-13
-2.70675e-15
-3.2351e-15
-8.49654e-16
-2.63689e-16
-0.00136436
-0.00136435
-0.0013635
-0.00136361
-0.00136719
-0.00136709
-0.00135645
-0.00135435
-0.0013794
-0.00139406
-0.0013494
-0.00129759
-0.00134249
-0.00144765
-0.00144521
-0.00133763
-0.0013578
-0.00160452
-0.00164256
-0.000939365
0.000285701
0.00083086
-6.41923e-05
-0.00196218
-0.00305823
-0.00201159
0.00128124
0.00529446
0.00790961
0.00811453
0.00673909
0.00447545
0.00231634
0.000848867
0.000148316
-6.11775e-06
-5.92665e-06
-3.65845e-06
-1.42337e-06
-2.549e-07
-2.38626e-10
1.61555e-11
1.12967e-11
5.70495e-12
2.12954e-12
4.49783e-13
9.66792e-15
1.99115e-17
-1.19852e-16
-1.05245e-16
-0.00136651
-0.00136649
-0.00136563
-0.00136575
-0.00136938
-0.00136925
-0.00135847
-0.00135645
-0.00138181
-0.00139652
-0.00135115
-0.0012987
-0.0013446
-0.00145211
-0.00144961
-0.00133782
-0.00135485
-0.00160429
-0.00165287
-0.0009551
0.000282163
0.00085343
-1.99915e-05
-0.00191998
-0.00305279
-0.00206827
0.00115232
0.00511113
0.00771114
0.0079309
0.00659302
0.00437783
0.00226303
0.000826788
0.000142795
-6.28995e-06
-6.01956e-06
-3.69243e-06
-1.42407e-06
-2.49004e-07
-8.28942e-11
1.26887e-11
9.4661e-12
5.29605e-12
2.18553e-12
5.57612e-13
2.91995e-14
-8.62346e-17
-7.80045e-17
-6.35507e-17
-0.0013773
-0.00137728
-0.00137642
-0.00137653
-0.00138018
-0.00138008
-0.00136925
-0.00136709
-0.00139257
-0.00140765
-0.00136222
-0.00130898
-0.00135444
-0.00146313
-0.00146193
-0.00135015
-0.00136456
-0.00161152
-0.00166171
-0.00096951
0.000265233
0.000846053
-7.87335e-06
-0.00188917
-0.00302109
-0.00205878
0.00112433
0.00504681
0.00762999
0.0078538
0.0065332
0.00434076
0.00224536
0.000821215
0.000142321
-6.22975e-06
-5.9805e-06
-3.67126e-06
-1.41703e-06
-2.48385e-07
-9.97909e-11
9.8947e-12
8.14669e-12
5.11797e-12
2.36302e-12
6.78316e-13
5.19568e-14
-6.94787e-17
-6.2866e-17
-5.20928e-17
-0.00137739
-0.00137738
-0.00137652
-0.00137662
-0.00138026
-0.00138018
-0.00136938
-0.00136719
-0.00139258
-0.00140767
-0.00136245
-0.00130936
-0.00135449
-0.00146253
-0.00146151
-0.001351
-0.00136634
-0.00161199
-0.00165894
-0.000965608
0.00026485
0.000837589
-2.17065e-05
-0.0019001
-0.00301937
-0.00203797
0.00116574
0.00510301
0.00768946
0.00790856
0.00657692
0.00437032
0.00226184
0.00082822
0.000144116
-6.17491e-06
-5.95281e-06
-3.66182e-06
-1.41723e-06
-2.5013e-07
-1.36429e-10
1.22443e-11
9.5787e-12
5.5865e-12
2.39007e-12
6.18701e-13
3.38679e-14
-6.19759e-17
-5.62344e-17
-4.74396e-17
-0.00137376
-0.00137375
-0.00137289
-0.00137299
-0.00137662
-0.00137653
-0.00136575
-0.00136361
-0.00138894
-0.00140392
-0.00135875
-0.00130594
-0.00135114
-0.00145874
-0.00145733
-0.00134701
-0.00136307
-0.00160942
-0.0016557
-0.000960655
0.000270115
0.000839296
-2.61171e-05
-0.00191004
-0.00302875
-0.00203969
0.00117671
0.00512616
0.00771837
0.00793622
0.00659871
0.00438417
0.00226874
0.000830656
0.000144517
-6.1733e-06
-5.95121e-06
-3.66203e-06
-1.41833e-06
-2.5082e-07
-1.45923e-10
1.41169e-11
1.07236e-11
5.95568e-12
2.40018e-12
5.56879e-13
1.67368e-14
-6.30004e-17
-5.65204e-17
-4.74846e-17
-0.00137365
-0.00137364
-0.00137278
-0.00137289
-0.00137652
-0.00137642
-0.00136563
-0.0013635
-0.00138886
-0.00140383
-0.0013586
-0.00130575
-0.00135106
-0.00145881
-0.00145734
-0.00134664
-0.00136251
-0.00160931
-0.00165639
-0.00096164
0.000270347
0.000841707
-2.24664e-05
-0.0019072
-0.00302965
-0.00204568
0.00116547
0.00511125
0.00770273
0.00792184
0.00658726
0.00437643
0.00226441
0.000828773
0.000144007
-6.19138e-06
-5.96059e-06
-3.6652e-06
-1.41802e-06
-2.50053e-07
-1.31985e-10
1.18378e-11
9.27108e-12
5.41061e-12
2.31643e-12
5.98551e-13
3.06271e-14
-5.86684e-17
-5.44284e-17
-4.67384e-17
-0.00137451
-0.0013745
-0.00137364
-0.00137375
-0.00137738
-0.00137728
-0.00136649
-0.00136435
-0.00138972
-0.00140472
-0.00135948
-0.00130656
-0.00135185
-0.00145972
-0.00145833
-0.00134759
-0.0013633
-0.0016099
-0.00165716
-0.000962756
0.000269204
0.000841304
-2.1501e-05
-0.00190507
-0.00302756
-0.00204526
0.00116302
0.00510602
0.00769615
0.00791553
0.00658225
0.00437322
0.0022628
0.000828207
0.000143916
-6.19417e-06
-5.96333e-06
-3.66648e-06
-1.41823e-06
-2.49946e-07
-1.28388e-10
1.21533e-11
9.45019e-12
5.4768e-12
2.33281e-12
6.00499e-13
3.07303e-14
-5.86337e-17
-5.43802e-17
-4.67057e-17
-0.00137452
-0.00137451
-0.00137365
-0.00137376
-0.00137739
-0.0013773
-0.00136651
-0.00136436
-0.00138973
-0.00140472
-0.0013595
-0.00130659
-0.00135186
-0.00145971
-0.00145833
-0.00134765
-0.00136337
-0.00160989
-0.00165703
-0.000962606
0.000269173
0.000840958
-2.20555e-05
-0.00190547
-0.00302743
-0.00204437
0.00116472
0.00510829
0.00769852
0.0079177
0.00658397
0.00437439
0.00226345
0.00082849
0.000143993
-6.1906e-06
-5.96115e-06
-3.66563e-06
-1.4182e-06
-2.50087e-07
-1.31659e-10
1.22176e-11
9.49628e-12
5.49104e-12
2.33243e-12
5.98261e-13
3.02007e-14
-5.86932e-17
-5.43968e-17
-4.67061e-17
)
;

boundaryField
{
    movingWall
    {
        type            zeroGradient;
    }
    fixedWalls
    {
        type            zeroGradient;
    }
    frontAndBack
    {
        type            empty;
    }
}

