/*--------------------------------*- C++ -*----------------------------------*\
| =========                 |                                                 |
| \\      /  F ield         | OpenFOAM: The Open Source CFD Toolbox           |
|  \\    /   O peration     | Version:  v2006                                 |
|   \\  /    A nd           | Website:  www.openfoam.com                      |
|    \\/     M anipulation  |                                                 |
\*---------------------------------------------------------------------------*/
FoamFile
{
    version     2.0;
    format      ascii;
    class       volScalarField;
    location    "0";
    object      f;
}
// * * * * * * * * * * * * * * * * * * * * * * * * * * * * * * * * * * * * * //

dimensions      [0 0 0 0 0 0 0];


internalField   nonuniform List<scalar> 
2500
(
-2.81813e-115
2.33595e-98
-3.43864e-90
-7.79843e-84
-1.24753e-80
6.7761e-77
8.39139e-75
-2.94528e-73
-4.29366e-71
-1.17881e-69
-1.4396e-68
-9.93822e-68
-4.51389e-67
-1.48102e-66
-3.65446e-66
-6.78985e-66
-9.16065e-66
-7.73779e-66
-2.14675e-67
1.27962e-65
2.76436e-65
3.97438e-65
4.60047e-65
4.58632e-65
4.07744e-65
3.3025e-65
2.47156e-65
1.72568e-65
1.13151e-65
6.99751e-66
4.0925e-66
2.26709e-66
1.1905e-66
5.9281e-67
2.79949e-67
1.25376e-67
5.32457e-68
2.14388e-68
8.18038e-69
2.95555e-69
1.00953e-69
3.25099e-70
9.82239e-71
2.76009e-71
7.09372e-72
1.60848e-72
2.91497e-73
2.50725e-74
-1.09451e-74
-5.4124e-75
-3.86837e-112
1.01437e-95
-8.42621e-88
-1.52384e-81
-2.07343e-78
8.0865e-75
9.15601e-73
-1.99032e-71
-3.22989e-69
-8.30791e-68
-9.43997e-67
-6.07589e-66
-2.5879e-65
-8.02117e-65
-1.88248e-64
-3.34566e-64
-4.34555e-64
-3.59099e-64
-3.01927e-65
4.98089e-64
1.05922e-63
1.47522e-63
1.64837e-63
1.58455e-63
1.35811e-63
1.06082e-63
7.66225e-64
5.16945e-64
3.28023e-64
1.96667e-64
1.1173e-64
6.0244e-65
3.08514e-65
1.50085e-65
6.93529e-66
3.04336e-66
1.26787e-66
5.01248e-67
1.8794e-67
6.67632e-68
2.24318e-68
7.1077e-69
2.11318e-69
5.84192e-70
1.47598e-70
3.28276e-71
5.7908e-72
4.51712e-73
-2.34647e-73
-1.12227e-73
-4.9812e-109
4.12432e-93
-1.92214e-85
-2.8055e-79
-3.23717e-76
9.09203e-73
9.41884e-71
-1.12796e-69
-2.29469e-67
-5.56872e-66
-5.90962e-65
-3.55639e-64
-1.42414e-63
-4.1807e-63
-9.35702e-63
-1.59516e-62
-2.00055e-62
-1.6231e-62
-2.24641e-63
1.86928e-62
3.94404e-62
5.34e-62
5.77528e-62
5.36587e-62
4.44338e-62
3.35382e-62
2.34229e-62
1.5295e-62
9.40634e-63
5.47498e-63
3.02528e-63
1.58962e-63
7.94825e-64
3.78202e-64
1.7121e-64
7.37055e-65
3.01583e-65
1.17216e-65
4.32413e-66
1.51228e-66
5.00471e-67
1.56246e-67
4.5778e-68
1.24707e-68
3.10333e-69
6.78791e-70
1.17106e-70
8.44341e-72
-4.95981e-72
-2.33377e-72
-6.25133e-106
1.63216e-90
-4.23946e-83
-5.03422e-77
-4.89772e-74
9.94495e-71
9.4027e-69
-4.72667e-68
-1.58317e-65
-3.64274e-64
-3.61675e-63
-2.03704e-62
-7.67488e-62
-2.13563e-61
-4.5627e-61
-7.46911e-61
-9.05605e-61
-7.22486e-61
-1.36797e-61
6.81486e-61
1.43776e-60
1.89695e-60
1.98863e-60
1.78787e-60
1.43179e-60
1.04517e-60
7.06265e-61
4.46605e-61
2.66299e-61
1.50512e-61
8.09011e-62
4.14289e-62
2.02265e-62
9.41433e-63
4.17559e-63
1.7637e-63
7.08909e-64
2.70935e-64
9.8362e-65
3.38765e-65
1.10462e-65
3.39928e-66
9.81958e-67
2.63775e-67
6.47146e-68
1.39441e-68
2.36195e-69
1.61136e-70
-1.01625e-70
-4.76465e-71
-7.63919e-103
6.2808e-88
-9.01063e-81
-8.796e-75
-7.1855e-72
1.05698e-68
9.10602e-67
-1.17708e-67
-1.05891e-63
-2.32359e-62
-2.16255e-61
-1.1411e-60
-4.04808e-60
-1.06859e-59
-2.18133e-59
-3.43242e-59
-4.02814e-59
-3.16384e-59
-7.47731e-60
2.40558e-59
5.12485e-59
6.60651e-59
6.72369e-59
5.85618e-59
4.54006e-59
3.20796e-59
2.099e-59
1.2861e-59
7.43849e-60
4.08367e-60
2.13559e-60
1.06595e-60
5.08189e-61
2.3139e-61
1.00562e-61
4.16802e-62
1.64598e-62
6.18702e-63
2.21105e-63
7.50119e-64
2.41078e-64
7.3155e-65
2.08461e-65
5.52533e-66
1.33779e-66
2.84442e-67
4.74994e-68
3.15508e-69
-2.02098e-69
-9.54686e-70
-9.08108e-100
2.34787e-85
-1.83687e-78
-1.49494e-72
-1.02257e-69
1.09011e-66
8.55082e-65
2.79545e-64
-6.85238e-62
-1.444e-60
-1.26242e-59
-6.24749e-59
-2.0884e-58
-5.23391e-58
-1.02176e-57
-1.54702e-57
-1.75915e-57
-1.36148e-57
-3.79818e-58
8.18601e-58
1.78375e-57
2.25341e-57
2.23006e-57
1.88397e-57
1.41537e-57
9.68921e-58
6.14344e-58
3.64973e-58
2.04859e-58
1.09281e-58
5.56159e-59
2.70614e-59
1.25996e-59
5.61259e-60
2.39033e-60
9.72291e-61
3.773e-61
1.3951e-61
4.90879e-62
1.64091e-62
5.1995e-63
1.55643e-63
4.37718e-64
1.14552e-64
2.73974e-65
5.75793e-66
9.51785e-67
6.34211e-68
-3.90214e-68
-1.87648e-68
-1.04903e-96
8.51664e-83
-3.56654e-76
-2.46867e-70
-1.41165e-67
1.08935e-64
7.78039e-63
4.33472e-62
-4.27954e-60
-8.73451e-59
-7.1896e-58
-3.34081e-57
-1.05311e-56
-2.50764e-56
-4.68586e-56
-6.83316e-56
-7.53612e-56
-5.7504e-56
-1.82289e-56
2.66928e-56
6.05321e-56
7.51937e-56
7.24841e-56
5.94687e-56
4.33398e-56
2.87711e-56
1.76919e-56
1.0198e-56
5.55822e-57
2.88226e-57
1.42791e-57
6.77443e-58
3.08074e-58
1.34274e-58
5.60446e-59
2.23753e-59
8.53334e-60
3.10441e-60
1.07571e-60
3.54399e-61
1.10752e-61
3.2716e-62
9.08472e-63
2.34891e-63
5.5545e-64
1.15571e-64
1.89829e-65
1.30334e-66
-7.31211e-67
-3.61607e-67
-1.17629e-93
2.99427e-80
-6.52232e-74
-3.95625e-68
-1.89015e-65
1.05296e-62
6.85411e-61
4.8481e-60
-2.57147e-58
-5.13709e-57
-3.99135e-56
-1.74359e-55
-5.18686e-55
-1.17435e-54
-2.1023e-54
-2.95534e-54
-3.16391e-54
-2.38078e-54
-8.34029e-55
8.26599e-55
1.99944e-54
2.45183e-54
2.30638e-54
1.83999e-54
1.30218e-54
8.3907e-55
5.00813e-55
2.803e-55
1.48436e-55
7.48602e-56
3.61149e-56
1.67102e-56
7.42356e-57
3.16619e-57
1.29532e-57
5.07645e-58
1.90297e-58
6.81251e-59
2.32519e-59
7.5518e-60
2.32817e-60
6.78917e-61
1.86227e-61
4.75986e-62
1.11383e-62
2.29777e-63
3.76314e-64
2.71735e-65
-1.3283e-65
-6.8275e-66
-1.27875e-90
1.01905e-77
-1.10125e-71
-6.14498e-66
-2.45394e-63
9.82523e-61
5.8402e-59
4.66865e-58
-1.48061e-56
-2.93428e-55
-2.15809e-54
-8.87444e-54
-2.49326e-53
-5.37112e-53
-9.21903e-53
-1.2504e-52
-1.30039e-52
-9.64932e-53
-3.65661e-53
2.39583e-53
6.41616e-53
7.80237e-53
7.17624e-53
5.57424e-53
3.83493e-53
2.40076e-53
1.39205e-53
7.57081e-54
3.89795e-54
1.91291e-54
8.99029e-55
4.05809e-55
1.76153e-55
7.35305e-56
2.94891e-56
1.13462e-56
4.18124e-57
1.47322e-57
4.95379e-58
1.58644e-58
4.82626e-59
1.38977e-59
3.76722e-60
9.52359e-61
2.20702e-61
4.52002e-62
7.40232e-63
5.69535e-64
-2.33479e-64
-1.26216e-64
-1.34598e-87
3.35264e-75
-1.64673e-69
-9.23765e-64
-3.08761e-61
8.82975e-59
4.80756e-57
4.08452e-56
-8.12428e-55
-1.62567e-53
-1.13536e-52
-4.40117e-52
-1.16866e-51
-2.397e-51
-3.94771e-51
-5.1701e-51
-5.22635e-51
-3.82321e-51
-1.54087e-51
6.3275e-52
1.99591e-51
2.42004e-51
2.18091e-51
1.65161e-51
1.10574e-51
6.7316e-52
3.79514e-52
2.00721e-52
1.00546e-52
4.8042e-53
2.2006e-53
9.69369e-54
4.11246e-54
1.6804e-54
6.60731e-55
2.49618e-55
9.04438e-56
3.13688e-56
1.03936e-56
3.28275e-57
9.85728e-58
2.80383e-58
7.51342e-59
1.87954e-59
4.31651e-60
8.78598e-61
1.44208e-61
1.1895e-62
-3.95991e-63
-2.28278e-63
-1.3698e-84
1.06469e-72
-1.94291e-67
-1.34195e-61
-3.76278e-59
7.6208e-57
3.81813e-55
3.32199e-54
-4.2146e-53
-8.72323e-52
-5.80576e-51
-2.1248e-50
-5.33648e-50
-1.04275e-49
-1.64899e-49
-2.08679e-49
-2.05148e-49
-1.47872e-49
-6.25162e-50
1.43337e-50
6.00358e-50
7.30589e-50
6.46584e-50
4.7804e-50
3.11779e-50
1.8475e-50
1.01361e-50
5.21747e-51
2.5446e-51
1.18451e-51
5.29078e-52
2.27529e-52
9.43671e-53
3.77537e-53
1.45567e-53
5.40063e-54
1.92424e-54
6.57057e-55
2.1456e-55
6.68482e-56
1.98171e-56
5.56944e-57
1.47587e-57
3.65492e-58
8.32299e-59
1.68518e-59
2.7767e-60
2.4573e-61
-6.45413e-62
-4.03616e-62
-1.34578e-81
3.25833e-70
-8.87621e-66
-1.8807e-59
-4.43814e-57
6.29461e-55
2.9209e-53
2.5406e-52
-2.04139e-51
-4.52603e-50
-2.88224e-49
-9.97568e-49
-2.37152e-48
-4.41696e-48
-6.71134e-48
-8.21225e-48
-7.85423e-48
-5.57464e-48
-2.44416e-48
2.27422e-49
1.74094e-48
2.14358e-48
1.86769e-48
1.34995e-48
8.58598e-49
4.95679e-49
2.64868e-49
1.32798e-49
6.31039e-50
2.86367e-50
1.24796e-50
5.24174e-51
2.12605e-51
8.33008e-52
3.15016e-52
1.14793e-52
4.0226e-53
1.35253e-53
4.35351e-54
1.33824e-54
3.91746e-55
1.08808e-55
2.85212e-56
6.99464e-57
1.58011e-57
3.18458e-58
5.27318e-59
4.99198e-60
-1.00486e-60
-6.97056e-61
-1.27427e-78
9.59231e-68
4.36377e-63
-2.53806e-57
-5.06196e-55
4.95299e-53
2.14841e-51
1.83821e-50
-9.03138e-50
-2.2663e-48
-1.38731e-47
-4.54932e-47
-1.0245e-46
-1.81965e-46
-2.65811e-46
-3.14686e-46
-2.92882e-46
-2.04523e-46
-9.21033e-47
-9.32314e-49
4.84947e-47
6.10319e-47
5.24936e-47
3.71453e-47
2.30628e-47
1.29833e-47
6.76269e-48
3.30519e-48
1.53141e-48
6.77951e-49
2.88419e-49
1.18376e-49
4.69724e-50
1.80294e-50
6.68869e-51
2.39445e-51
8.2537e-52
2.73308e-52
8.67293e-53
2.6308e-53
7.60611e-54
2.08829e-54
5.416e-55
1.31573e-55
2.94961e-56
5.92e-57
9.85578e-58
9.92891e-59
-1.48073e-59
-1.17491e-59
-1.1607e-75
2.71106e-65
2.03068e-60
-3.29157e-55
-5.57725e-53
3.68968e-51
1.51601e-49
1.26225e-48
-3.48588e-48
-1.09269e-46
-6.46462e-46
-2.0127e-45
-4.29714e-45
-7.28128e-45
-1.0231e-44
-1.17249e-44
-1.06212e-44
-7.29026e-45
-3.34443e-45
-2.96124e-46
1.29186e-45
1.68359e-45
1.43363e-45
9.94569e-46
6.03414e-46
3.3153e-46
1.68469e-46
8.03251e-47
3.63164e-47
1.56945e-47
6.52212e-48
2.6171e-48
1.01639e-48
3.82298e-49
1.39172e-49
4.89544e-50
1.66021e-50
5.41505e-51
1.69437e-51
5.07259e-52
1.44872e-52
3.93247e-53
1.00929e-53
2.42936e-54
5.40596e-55
1.08077e-55
1.80909e-56
1.92712e-57
-2.03369e-58
-1.93125e-58
-1.01503e-72
7.3394e-63
6.04826e-58
-4.09299e-53
-5.92916e-51
2.57863e-49
1.02362e-47
8.23706e-47
-1.0299e-46
-5.05897e-45
-2.91133e-44
-8.62625e-44
-1.74758e-43
-2.82595e-43
-3.82119e-43
-4.24117e-43
-3.73975e-43
-2.5204e-43
-1.16946e-43
-1.73176e-44
3.27253e-44
4.49249e-44
3.79928e-44
2.58762e-44
1.53557e-44
8.24082e-45
4.08853e-45
1.90322e-45
8.4027e-46
3.5474e-46
1.44093e-46
5.65596e-47
2.15083e-47
7.93075e-48
2.83387e-48
9.79708e-49
3.26952e-49
1.0506e-49
3.24193e-50
9.58063e-51
2.70331e-51
7.25605e-52
1.84327e-52
4.39662e-53
9.71282e-54
1.93439e-54
3.25433e-55
3.64061e-56
-2.52922e-57
-3.09354e-57
-8.5031e-70
1.89821e-60
1.50976e-55
-4.86761e-51
-6.07364e-49
1.66643e-47
6.59251e-46
5.1087e-45
-8.82328e-46
-2.24153e-43
-1.2646e-42
-3.5759e-42
-6.88081e-42
-1.06215e-41
-1.38265e-41
-1.48691e-41
-1.27627e-41
-8.43567e-42
-3.93396e-42
-7.59109e-43
7.82465e-43
1.15785e-42
9.75674e-43
6.53246e-43
3.79501e-43
1.99087e-43
9.6508e-44
4.38933e-44
1.89377e-44
7.81581e-45
3.10519e-45
1.19299e-45
4.44439e-46
1.60718e-46
5.63883e-47
1.91645e-47
6.29499e-48
1.99316e-48
6.0666e-49
1.76999e-49
4.93496e-50
1.31e-50
3.29418e-51
7.78718e-52
1.70795e-52
3.38825e-53
5.72509e-54
6.68004e-55
-2.66413e-56
-4.82627e-56
-6.80681e-67
4.67528e-58
3.38347e-53
-5.52071e-49
-5.98551e-47
9.70168e-46
4.03394e-44
3.00859e-43
1.82499e-43
-9.46346e-42
-5.28592e-41
-1.43116e-40
-2.61862e-40
-3.85948e-40
-4.83831e-40
-5.04346e-40
-4.21365e-40
-2.72798e-40
-1.27137e-40
-2.8766e-41
1.74783e-41
2.87846e-41
2.42482e-41
1.59781e-41
9.09409e-42
4.66675e-42
2.21188e-42
9.83601e-43
4.15015e-43
1.67563e-43
6.51578e-44
2.4517e-44
8.95267e-45
3.17645e-45
1.09468e-45
3.65861e-46
1.18313e-46
3.692e-47
1.1086e-47
3.19379e-48
8.8001e-49
2.3105e-49
5.7519e-50
1.34762e-50
2.93441e-51
5.7972e-52
9.82892e-53
1.18824e-53
-1.87316e-55
-7.33098e-55
-5.19268e-64
1.09215e-55
6.99261e-51
-5.95216e-47
-5.66429e-45
4.80435e-44
2.3333e-42
1.67935e-41
1.98213e-41
-3.78474e-40
-2.12021e-39
-5.51876e-39
-9.61513e-39
-1.3533e-38
-1.63423e-38
-1.65184e-38
-1.34315e-38
-8.5058e-39
-3.94074e-39
-9.86073e-40
3.59317e-40
6.89641e-40
5.82526e-40
3.78104e-40
2.10957e-40
1.05955e-40
4.91322e-41
2.13767e-41
8.8269e-42
3.48898e-42
1.32882e-42
4.90004e-43
1.75486e-43
6.11198e-44
2.06977e-44
6.80484e-45
2.16705e-45
6.66622e-46
1.97509e-46
5.61937e-47
1.53036e-47
3.97454e-48
9.79594e-49
2.27471e-49
4.91687e-50
9.6701e-51
1.64324e-51
2.04529e-52
7.63456e-55
-1.08424e-53
-3.76349e-61
2.40592e-53
1.34883e-48
-6.0777e-45
-5.136e-43
1.68318e-42
1.26707e-40
8.8602e-40
1.43094e-39
-1.42195e-38
-8.13327e-38
-2.04571e-37
-3.39961e-37
-4.56987e-37
-5.31697e-37
-5.2131e-37
-4.1248e-37
-2.55124e-37
-1.16911e-37
-3.11562e-38
6.63973e-39
1.59214e-38
1.35145e-38
8.64403e-39
4.72908e-39
2.32573e-39
1.05567e-39
4.49667e-40
1.81836e-40
7.04136e-41
2.62849e-41
9.50528e-42
3.34064e-42
1.14274e-42
3.80433e-43
1.23084e-43
3.86117e-44
1.17117e-44
3.42458e-45
9.62385e-46
2.59079e-46
6.65635e-47
1.62429e-47
3.73805e-48
8.01936e-49
1.56936e-49
2.66934e-50
3.40032e-51
6.56386e-53
-1.56226e-52
-2.58251e-58
4.9527e-51
2.44091e-46
-5.85193e-43
-4.45029e-41
-5.75854e-42
6.39649e-39
4.40145e-38
8.63461e-38
-4.95467e-37
-2.9714e-36
-7.27031e-36
-1.15495e-35
-1.4829e-35
-1.66254e-35
-1.5817e-35
-1.21756e-35
-7.34287e-36
-3.31158e-36
-9.1472e-37
1.05824e-37
3.54587e-37
3.02613e-37
1.90658e-37
1.02271e-37
4.92571e-38
2.18949e-38
9.13554e-39
3.62015e-39
1.37435e-39
5.03201e-40
1.78577e-40
6.16297e-41
2.07175e-41
6.78374e-42
2.16072e-42
6.67927e-43
1.99819e-43
5.76768e-44
1.60124e-44
4.26159e-45
1.08322e-45
2.61704e-46
5.96837e-47
1.2705e-47
2.47257e-48
4.20344e-49
5.44888e-50
1.71586e-51
-2.19586e-51
-1.67123e-55
9.36822e-49
4.1493e-44
-5.28549e-41
-3.67306e-39
-8.34682e-39
2.95574e-37
2.04779e-36
4.63561e-36
-1.56607e-35
-1.02839e-34
-2.46985e-34
-3.76143e-34
-4.61316e-34
-4.98394e-34
-4.60244e-34
-3.44587e-34
-2.02244e-34
-8.92938e-35
-2.50145e-35
1.33687e-36
7.6414e-36
6.53964e-36
4.05237e-36
2.12986e-36
1.0045e-36
4.37353e-37
1.78837e-37
6.94896e-38
2.58812e-38
9.30124e-39
3.24162e-39
1.09931e-39
3.63381e-40
1.17092e-40
3.67331e-41
1.11935e-41
3.3038e-42
9.41581e-43
2.58289e-43
6.7968e-44
1.70928e-44
4.08852e-45
9.23884e-46
1.95083e-46
3.77301e-47
6.40063e-48
8.39664e-49
3.41645e-50
-3.01738e-50
-1.01534e-52
1.56846e-46
6.61685e-42
-4.44917e-39
-2.87607e-37
-1.01966e-36
1.21585e-35
8.8568e-35
2.27047e-34
-4.2917e-34
-3.34819e-33
-7.99331e-33
-1.17146e-32
-1.37237e-32
-1.42865e-32
-1.28096e-32
-9.32532e-33
-5.31453e-33
-2.28372e-33
-6.36231e-34
1.07025e-35
1.60246e-34
1.36484e-34
8.29167e-35
4.26383e-35
1.96813e-35
8.39361e-36
3.36482e-36
1.28274e-36
4.69024e-37
1.6557e-37
5.67104e-38
1.89114e-38
6.15097e-39
1.95162e-39
6.03314e-40
1.81304e-40
5.28133e-41
1.48655e-41
4.03001e-42
1.04868e-42
2.60937e-43
6.17911e-44
1.38326e-44
2.89612e-45
5.56201e-46
9.39874e-47
1.24089e-47
5.85116e-49
-4.06626e-49
-5.76084e-50
2.08235e-44
9.86549e-40
-3.46062e-37
-2.12574e-35
-9.00731e-35
4.18589e-34
3.52204e-33
1.02636e-32
-8.99619e-33
-1.01557e-31
-2.45498e-31
-3.47975e-31
-3.89376e-31
-3.90473e-31
-3.4003e-31
-2.40613e-31
-1.3279e-31
-5.51501e-32
-1.49725e-32
2.44269e-35
3.29809e-33
2.7549e-33
1.63205e-33
8.19081e-34
3.69629e-34
1.54368e-34
6.06807e-35
2.2707e-35
8.15633e-36
2.83031e-36
9.53474e-37
3.12895e-37
1.00207e-37
3.13263e-38
9.54801e-39
2.83096e-39
8.14175e-40
2.264e-40
6.06693e-41
1.56134e-41
3.84405e-42
9.0112e-43
1.99794e-43
4.14571e-44
7.89861e-45
1.32685e-45
1.75294e-46
8.93792e-48
-5.39516e-48
-3.03335e-47
1.09897e-42
1.36806e-37
-2.45632e-35
-1.47355e-33
-6.72139e-33
9.8212e-33
1.26528e-31
4.30328e-31
-6.22181e-32
-2.82896e-30
-7.1241e-30
-9.8316e-30
-1.05065e-29
-1.01444e-29
-8.5817e-30
-5.90057e-30
-3.14282e-30
-1.25035e-30
-3.2271e-31
2.65281e-33
6.73125e-32
5.39003e-32
3.08867e-32
1.50714e-32
6.63759e-33
2.71283e-33
1.0457e-33
3.84267e-34
1.35683e-34
4.63175e-35
1.53588e-35
4.96385e-36
1.56648e-36
4.82822e-37
1.45179e-37
4.24914e-38
1.20701e-38
3.31688e-39
8.78797e-40
2.23699e-40
5.44958e-41
1.26447e-41
2.77589e-42
5.70511e-43
1.07713e-43
1.7946e-44
2.3575e-45
1.22868e-46
-7.07707e-47
-1.47067e-44
-5.9118e-40
1.75182e-35
-1.55734e-33
-9.50056e-32
-4.44336e-31
-6.22207e-32
3.97542e-30
1.67424e-29
6.88187e-30
-7.069e-29
-1.94345e-28
-2.63424e-28
-2.6878e-28
-2.49665e-28
-2.0521e-28
-1.37053e-28
-7.0147e-29
-2.64083e-29
-6.25131e-30
2.72809e-31
1.37497e-30
1.02485e-30
5.61865e-31
2.65146e-31
1.13663e-31
4.54131e-32
1.71624e-32
6.19526e-33
2.15167e-33
7.2312e-34
2.36221e-34
7.52508e-35
2.34189e-35
7.12195e-36
2.11403e-36
6.11117e-37
1.71538e-37
4.66003e-38
1.22101e-38
3.07466e-39
7.41146e-40
1.70189e-40
3.69785e-41
7.52214e-42
1.40543e-42
2.31598e-43
3.00292e-44
1.50795e-45
-9.20838e-46
-6.49541e-42
-3.17129e-37
2.0519e-33
-8.41668e-32
-5.63469e-30
-2.65338e-29
-2.64965e-29
1.01346e-28
6.0206e-28
5.1546e-28
-1.51446e-27
-4.95379e-27
-6.66971e-27
-6.49589e-27
-5.79822e-27
-4.63111e-27
-3.00352e-27
-1.46892e-27
-5.13944e-28
-1.04708e-28
1.38322e-29
2.82132e-29
1.89778e-29
9.82117e-30
4.45095e-30
1.85057e-30
7.21628e-31
2.67255e-31
9.47905e-32
3.24013e-32
1.07287e-32
3.45561e-33
1.08599e-33
3.33578e-34
1.00171e-34
2.93734e-35
8.39166e-36
2.32876e-36
6.2565e-37
1.62161e-37
4.03999e-38
9.63561e-39
2.18922e-39
4.70563e-40
9.46537e-41
1.74715e-41
2.83777e-42
3.59794e-43
1.6029e-44
-1.18996e-44
-2.5675e-39
-1.07815e-34
2.17123e-31
-3.33199e-30
-3.02789e-28
-1.44383e-27
-2.12801e-27
1.58121e-27
1.98192e-26
2.4613e-26
-2.4753e-26
-1.17056e-25
-1.58811e-25
-1.4764e-25
-1.26472e-25
-9.81742e-26
-6.18318e-26
-2.86827e-26
-9.0626e-27
-1.37116e-27
5.1036e-28
5.78569e-28
3.424e-28
1.64815e-28
7.11251e-29
2.85484e-29
1.08414e-29
3.93189e-30
1.3704e-30
4.61291e-31
1.50611e-31
4.78729e-32
1.48559e-32
4.50789e-33
1.33781e-33
3.8783e-34
1.09573e-34
3.00786e-35
7.99508e-36
2.0504e-36
5.0545e-37
1.19271e-37
2.68034e-38
5.69563e-39
1.13154e-39
2.05885e-40
3.28108e-41
4.01576e-42
1.35063e-43
-1.52436e-43
-8.72297e-37
-3.00405e-32
2.04133e-29
-1.06568e-29
-1.44185e-26
-7.18273e-26
-1.25169e-25
-2.43065e-26
5.86534e-25
9.53057e-25
-1.59806e-25
-2.53476e-24
-3.5289e-24
-3.13485e-24
-2.57477e-24
-1.9432e-24
-1.18943e-24
-5.18399e-25
-1.40706e-25
-8.47831e-27
1.54381e-26
1.16992e-26
6.00313e-27
2.64993e-27
1.07854e-27
4.15591e-28
1.53271e-28
5.43821e-29
1.86262e-29
6.1777e-30
1.99048e-30
6.24959e-31
1.91683e-31
5.75144e-32
1.68837e-32
4.84289e-33
1.3541e-33
3.67911e-34
9.67964e-35
2.45697e-35
5.9935e-36
1.39904e-36
3.10835e-37
6.524e-38
1.27804e-38
2.2854e-39
3.55081e-40
4.11374e-41
5.89963e-43
-1.9257e-42
-2.19478e-34
-7.17969e-30
1.66609e-27
1.69884e-26
-5.86628e-25
-3.26002e-24
-6.20007e-24
-3.43938e-24
1.51128e-23
3.17101e-23
8.46927e-24
-4.93354e-23
-7.2207e-23
-6.15325e-23
-4.84843e-23
-3.56084e-23
-2.12369e-23
-8.59596e-24
-1.81624e-24
2.31872e-25
4.0193e-25
2.29038e-25
1.01591e-25
4.06491e-26
1.54503e-26
5.6794e-27
2.02764e-27
7.02998e-28
2.36615e-28
7.73701e-29
2.46221e-29
7.64354e-30
2.31945e-30
6.88854e-31
2.00219e-31
5.68753e-32
1.57505e-32
4.23845e-33
1.1043e-33
2.77504e-34
6.69895e-35
1.54644e-35
3.39459e-36
7.02832e-37
1.35456e-37
2.37034e-38
3.55614e-39
3.77019e-40
-7.80179e-42
-2.38001e-41
1.04238e-33
-1.46432e-27
1.13995e-25
2.51211e-24
-1.89317e-23
-1.33235e-22
-2.68727e-22
-1.8353e-22
3.19722e-22
9.19061e-22
4.72617e-22
-8.31744e-22
-1.32884e-21
-1.09767e-21
-8.32907e-22
-5.96229e-22
-3.48808e-22
-1.29477e-22
-1.66561e-23
1.14948e-23
9.20707e-24
4.25759e-24
1.64098e-24
5.90494e-25
2.07691e-25
7.23593e-26
2.4923e-26
8.43376e-27
2.78969e-27
8.999e-28
2.83107e-28
8.69804e-29
2.61404e-29
7.69228e-30
2.21598e-30
6.24001e-31
1.713e-31
4.56879e-32
1.17941e-32
2.93496e-33
7.01089e-34
1.59985e-34
3.46613e-35
7.06609e-36
1.33528e-36
2.27157e-37
3.23911e-38
2.93165e-39
-2.73337e-40
-2.8504e-40
6.2931e-29
-2.46745e-25
6.15431e-24
2.61858e-22
-3.82143e-22
-4.71122e-21
-1.01953e-20
-7.17582e-21
4.88484e-21
2.28372e-20
1.54901e-20
-1.11892e-20
-2.11068e-20
-1.73367e-20
-1.27819e-20
-8.9253e-21
-5.20687e-21
-1.75548e-21
-2.87278e-23
3.16472e-22
1.87456e-22
7.37639e-23
2.49104e-23
8.02756e-24
2.59335e-24
8.51336e-25
2.82045e-25
9.30741e-26
3.02649e-26
9.63857e-27
3.0003e-27
9.13169e-28
2.72069e-28
7.94111e-29
2.26985e-29
6.34277e-30
1.72772e-30
4.57078e-31
1.16969e-31
2.88307e-32
6.81343e-33
1.53571e-33
3.27866e-34
6.56208e-35
1.2094e-35
1.9784e-36
2.60314e-37
1.65506e-38
-5.06644e-39
-3.27481e-39
7.23714e-26
-3.22631e-23
2.2748e-22
2.18015e-20
3.17749e-21
-1.30007e-19
-3.26817e-19
-2.23408e-19
3.1766e-20
4.52551e-19
3.97219e-19
-9.32003e-20
-2.68733e-19
-2.34266e-19
-1.69951e-19
-1.14871e-19
-6.95382e-20
-2.13756e-20
2.63474e-21
6.85369e-21
3.41248e-21
1.17069e-21
3.48395e-22
1.00337e-22
2.96219e-23
9.12505e-24
2.90292e-24
9.34273e-25
2.98883e-25
9.40577e-26
2.89935e-26
8.74899e-27
2.58652e-27
7.49598e-28
2.12839e-28
5.909e-29
1.59886e-29
4.19946e-30
1.06595e-30
2.60265e-31
6.08199e-32
1.35219e-32
2.83725e-33
5.5483e-34
9.88178e-35
1.52298e-35
1.72884e-36
1.23239e-38
-7.40149e-38
-3.57336e-38
6.49067e-23
-2.8921e-21
2.44815e-21
1.35512e-18
6.90035e-19
-2.12477e-18
-8.06172e-18
-5.49192e-18
-7.96435e-19
5.90587e-18
9.02999e-18
2.67942e-19
-2.3491e-18
-2.65482e-18
-1.88121e-18
-1.17542e-18
-8.12695e-19
-2.37758e-19
5.94172e-20
1.29098e-19
5.60235e-20
1.67434e-20
4.37736e-21
1.12347e-21
3.02407e-22
8.73672e-23
2.67233e-23
8.4041e-24
2.64909e-24
8.24502e-25
2.518e-25
7.53634e-26
2.21216e-26
6.37174e-27
1.79944e-27
4.97048e-28
1.3378e-28
3.49231e-29
8.79796e-30
2.12771e-30
4.91127e-31
1.07437e-31
2.20512e-32
4.17618e-33
7.06016e-34
9.79183e-35
7.65288e-36
-1.38426e-36
-9.26137e-37
-3.6674e-37
5.16322e-20
-1.37359e-19
-3.58689e-19
8.17762e-17
2.96696e-17
-1.26778e-16
-4.91284e-16
-3.03716e-16
-4.22684e-17
9.85688e-16
2.54622e-16
2.11251e-17
-1.25272e-17
-2.82198e-17
-1.63815e-17
-7.83089e-18
-7.77463e-18
-2.53852e-18
6.55395e-19
2.29866e-18
8.40551e-19
2.11493e-19
4.76641e-20
1.08295e-20
2.66201e-21
7.25795e-22
2.1496e-22
6.63854e-23
2.06635e-23
6.36168e-24
1.92342e-24
5.70589e-25
1.66283e-25
4.76382e-26
1.34014e-26
3.69017e-27
9.89853e-28
2.57203e-28
6.43521e-29
1.54065e-29
3.50459e-30
7.506e-31
1.4927e-31
2.687e-32
4.13074e-33
4.45481e-34
-1.07195e-35
-2.56636e-35
-1.02107e-35
-3.50619e-36
3.65037e-17
-1.28537e-15
2.28241e-16
9.87945e-15
-9.04474e-15
-1.18475e-13
-1.81805e-14
-1.5565e-14
2.7147e-13
5.71812e-14
3.82537e-15
-7.26925e-14
-9.09626e-15
-3.33231e-16
-6.36057e-17
-5.84897e-17
-8.36516e-17
-3.00923e-17
3.66608e-18
4.27687e-17
1.14347e-17
2.24101e-18
4.19801e-19
8.3777e-20
1.90513e-20
5.00909e-21
1.46221e-21
4.47315e-22
1.37634e-22
4.17809e-23
1.24498e-23
3.64691e-24
1.05325e-24
3.00264e-25
8.43396e-26
2.32288e-26
6.23102e-27
1.61565e-27
4.01805e-28
9.5068e-29
2.11957e-29
4.39328e-30
8.26985e-31
1.34353e-31
1.60732e-32
1.55915e-34
-7.32841e-34
-3.19927e-34
-1.00145e-34
-3.0913e-35
-1.00444e-14
-1.60564e-13
7.22687e-13
7.45841e-13
-1.03265e-11
-5.16214e-12
1.33419e-11
3.79919e-11
8.03705e-12
8.83883e-13
-2.1242e-11
-3.82846e-12
-1.06253e-13
1.08191e-14
3.09573e-15
-7.90897e-14
-1.35038e-14
-4.57935e-16
3.96091e-15
1.03185e-15
1.16722e-16
1.59258e-17
2.44499e-18
4.4385e-19
9.98239e-20
2.69652e-20
8.0368e-21
2.4544e-21
7.39659e-22
2.17676e-22
6.27859e-23
1.79045e-23
5.08652e-24
1.44311e-24
4.07171e-25
1.13182e-25
3.06313e-26
7.97491e-27
1.9743e-27
4.59075e-28
9.86599e-29
1.90671e-29
3.11531e-30
3.4715e-31
-1.47419e-32
-2.51791e-32
-1.03245e-32
-3.21684e-33
-8.74229e-34
-2.48562e-34
-6.6385e-12
-1.08928e-12
6.27082e-11
-9.61256e-11
-3.30841e-10
5.03954e-10
4.92332e-09
9.82555e-10
-2.17091e-11
-6.54775e-09
-1.08455e-09
-3.81356e-12
-6.07602e-13
5.35444e-13
-8.81151e-12
-1.76195e-12
-1.14262e-13
8.02212e-13
3.33617e-13
1.03962e-14
1.70847e-17
8.1735e-18
3.04716e-18
9.98633e-19
3.24794e-19
1.0623e-19
3.35256e-20
9.90555e-21
2.72559e-21
7.0722e-22
1.77728e-22
4.49786e-23
1.19318e-23
3.37548e-24
9.98883e-25
2.96975e-25
8.53562e-26
2.3048e-26
5.71266e-27
1.26338e-27
2.35556e-28
3.07701e-29
-5.2593e-31
-2.22794e-30
-1.02923e-30
-3.50141e-31
-1.02645e-31
-2.73093e-32
-6.75482e-33
-1.79885e-33
-6.33751e-10
3.77397e-09
3.08895e-09
-2.96275e-08
3.44222e-09
2.86434e-07
1.85812e-07
-5.62026e-07
-9.9798e-07
-2.11461e-07
-3.48579e-09
6.55605e-11
6.07479e-11
-2.30682e-10
-1.24654e-10
8.74714e-11
3.49537e-10
1.35178e-10
6.12334e-12
5.39782e-16
5.28064e-17
2.11229e-17
7.26177e-18
2.60871e-18
9.79035e-19
3.36976e-19
9.21152e-20
1.71417e-20
5.31515e-22
-1.26982e-21
-7.23565e-22
-2.77258e-22
-8.76323e-23
-2.42733e-23
-6.05489e-24
-1.38751e-24
-3.00688e-25
-6.5209e-26
-1.54584e-26
-4.2732e-27
-1.33656e-27
-4.34783e-28
-1.38198e-28
-4.17586e-29
-1.19042e-29
-3.20329e-30
-8.16276e-31
-1.97717e-31
-4.56789e-32
-1.15232e-32
1.67466e-07
1.71527e-07
-5.49681e-08
-4.90342e-07
7.28452e-07
5.96159e-06
-7.77122e-06
-6.80548e-05
-2.02888e-05
4.98901e-05
0.000284292
0.000269815
5.67647e-05
-1.83373e-09
1.32609e-09
9.14668e-09
5.26742e-09
8.22499e-10
1.14098e-13
1.01379e-14
9.91839e-17
4.34364e-17
1.87965e-17
7.59748e-18
2.90439e-18
7.5114e-19
-7.15702e-20
-1.75214e-19
-1.03261e-19
-4.37485e-20
-1.55873e-20
-4.9578e-21
-1.45083e-21
-3.97707e-22
-1.03447e-22
-2.58319e-23
-6.2743e-24
-1.50546e-24
-3.62783e-25
-8.89795e-26
-2.23261e-26
-5.70212e-27
-1.46466e-27
-3.73218e-28
-9.32632e-29
-2.26717e-29
-5.3351e-30
-1.21203e-30
-2.65462e-31
-6.38576e-32
6.27012e-05
-5.82216e-05
-0.000329754
0.000191642
0.000750014
-0.000745034
-0.00388535
-0.00364497
0.00875236
0.0387791
0.0747229
0.0923391
0.0829262
0.0541783
0.0240495
0.00563024
0.000108238
3.30194e-12
1.01358e-12
1.30376e-13
4.09596e-17
2.84461e-17
2.38612e-17
1.54288e-17
6.35227e-18
-4.46457e-19
-3.67768e-18
-2.5877e-18
-1.16513e-18
-4.27479e-19
-1.38883e-19
-4.15646e-20
-1.17147e-20
-3.15187e-21
-8.17067e-22
-2.05625e-22
-5.06093e-23
-1.22772e-23
-2.95806e-24
-7.12171e-25
-1.71821e-25
-4.14944e-26
-9.98493e-27
-2.37874e-27
-5.57314e-28
-1.27664e-28
-2.84618e-29
-6.1543e-30
-1.28726e-30
-2.95611e-31
0.000467467
-0.00160963
-0.00377695
0.00204517
0.00606217
-0.00772141
-0.0267254
-0.0138513
0.0642479
0.21061
0.378382
0.479701
0.466147
0.35699
0.209148
0.0874252
0.0204603
0.000569887
1.39685e-12
-1.60515e-15
-6.36664e-17
4.74315e-17
6.71073e-17
6.67737e-17
2.17455e-17
-9.1798e-18
-3.81625e-17
-2.27984e-17
-8.70207e-18
-2.84168e-18
-8.49075e-19
-2.39311e-19
-6.47592e-20
-1.7004e-20
-4.35911e-21
-1.09532e-21
-2.70626e-22
-6.59618e-23
-1.59102e-23
-3.80672e-24
-9.04219e-25
-2.12986e-25
-4.96051e-26
-1.13773e-26
-2.55827e-27
-5.61518e-28
-1.19828e-28
-2.47698e-29
-4.94147e-30
-1.07284e-30
-0.000178792
-0.00103253
0.00106785
0.0103607
0.0112358
-0.016504
-0.0445474
-0.00669209
0.134335
0.365306
0.643025
0.879033
0.947356
0.831682
0.578682
0.306009
0.111738
0.0194546
3.05765e-05
9.44137e-16
3.6161e-16
2.47006e-16
1.24926e-15
9.01755e-16
1.55338e-16
-1.53008e-16
-6.59924e-16
-1.74815e-16
-4.74681e-17
-1.31621e-17
-3.55558e-18
-9.36144e-19
-2.42385e-19
-6.21097e-20
-1.57817e-20
-3.97281e-21
-9.89128e-22
-2.43263e-22
-5.90606e-23
-1.41483e-23
-3.34092e-24
-7.76234e-25
-1.76969e-25
-3.94544e-26
-8.56837e-27
-1.80495e-27
-3.67062e-28
-7.16501e-29
-1.33187e-29
-2.59973e-30
-0.000518215
-0.00255931
0.00119928
0.0169164
0.0208647
-0.0181573
-0.0654007
-0.0215204
0.160465
0.423971
0.698255
0.946433
1.09513
1.06903
0.858074
0.541819
0.253141
0.0745238
0.00631773
1.0739e-10
2.2085e-13
5.35402e-14
3.06736e-14
8.15112e-15
-1.49448e-14
-7.51937e-14
-1.23411e-14
-5.21292e-16
-1.04585e-16
-2.93886e-17
-7.65722e-18
-1.94584e-18
-4.95532e-19
-1.276e-19
-3.31068e-20
-8.57839e-21
-2.20058e-21
-5.55426e-22
-1.37408e-22
-3.32344e-23
-7.84049e-24
-1.79919e-24
-4.00154e-25
-8.58477e-26
-1.76514e-26
-3.44581e-27
-6.28935e-28
-1.04246e-28
-1.46345e-29
-1.20279e-30
0.000454965
-0.00238586
-0.00500628
0.00885019
0.0261974
-0.00109168
-0.0671564
-0.0651477
0.0884361
0.357435
0.635345
0.871837
1.04034
1.06542
0.930623
0.656229
0.354372
0.132893
0.0241025
3.26307e-05
2.9021e-11
3.58034e-12
2.64465e-13
-1.87368e-12
-7.38387e-12
-1.4573e-12
-7.91051e-15
2.93783e-17
1.66526e-17
4.23102e-18
6.24961e-19
-5.42819e-20
-8.90564e-20
-4.50829e-20
-1.73035e-20
-5.73632e-21
-1.72209e-21
-4.787e-22
-1.24531e-22
-3.04119e-23
-6.94662e-24
-1.46575e-24
-2.77463e-25
-4.36589e-26
-4.15447e-27
6.00492e-28
5.17405e-28
2.04896e-28
6.5195e-29
2.25392e-29
0.000833952
0.000457908
-0.00575497
-0.00528301
0.0131848
0.016965
-0.0274012
-0.0741564
-0.0302128
0.141378
0.400959
0.688792
0.934295
1.03114
0.942568
0.698733
0.404328
0.169954
0.041782
0.00156031
1.18056e-10
5.49295e-11
-3.28938e-10
-6.02451e-10
-1.31325e-10
-1.78378e-12
4.58269e-16
3.38904e-16
1.14777e-16
3.35383e-17
9.45441e-18
2.61403e-18
7.10823e-19
1.90446e-19
5.0455e-20
1.32934e-20
3.50766e-21
9.33063e-22
2.51241e-22
6.84826e-23
1.88206e-23
5.18009e-24
1.41727e-24
3.829e-25
1.01628e-25
2.64071e-26
6.70368e-27
1.6609e-27
4.01506e-28
1.12934e-28
5.33298e-05
0.0014625
0.0006177
-0.0053448
-0.00469102
0.010521
0.0146326
-0.0208524
-0.0689115
-0.0513295
0.0932096
0.354712
0.634916
0.78791
0.760539
0.591987
0.364263
0.167654
0.0483923
0.00373452
-6.03851e-08
-8.94632e-08
-5.34254e-08
-1.2463e-08
-2.45846e-10
3.24143e-13
7.21137e-14
7.23657e-16
1.14075e-16
4.88453e-17
1.61821e-17
4.89993e-18
1.44775e-18
4.27026e-19
1.262e-19
3.72405e-20
1.09167e-20
3.16353e-21
9.02754e-22
2.52978e-22
6.94972e-23
1.86995e-23
4.9262e-24
1.27058e-24
3.20887e-25
7.93697e-26
1.9231e-26
4.56554e-27
1.06222e-27
2.88243e-28
-0.000224124
-0.000398148
0.00134571
0.00207738
-0.0022233
-0.00326395
0.00783181
0.0151471
-0.00821884
-0.0516853
-0.051647
0.0412799
0.20768
0.349063
0.372784
0.305944
0.191359
0.0876699
0.0251988
0.00195099
-1.3952e-06
-9.44714e-07
-3.17204e-07
-3.45455e-08
2.38103e-11
6.96071e-12
6.02787e-13
-1.70921e-16
-1.40056e-17
3.35802e-18
3.2177e-18
1.68163e-18
7.2614e-19
2.82215e-19
1.02252e-19
3.5132e-20
1.15425e-20
3.64233e-21
1.10723e-21
3.2511e-22
9.24453e-23
2.55199e-23
6.85441e-24
1.79456e-24
4.58631e-25
1.14535e-25
2.79703e-26
6.68265e-27
1.56252e-27
4.27066e-28
6.74111e-05
-0.00011866
-0.00045274
7.74301e-06
0.000591478
-0.000836624
-0.00224939
0.00158457
0.00696033
0.00158072
-0.0148011
-0.0216019
-0.0048935
0.0254899
0.0430837
0.0397393
0.0247721
0.00985709
0.00152576
-4.81214e-05
-1.32607e-05
-2.87781e-06
-3.90416e-07
2.02405e-09
4.17704e-10
2.27071e-11
-5.23271e-14
-7.02009e-15
-1.79433e-16
-3.1812e-17
-8.01582e-18
-2.2774e-18
-6.4186e-19
-1.62361e-19
-3.32993e-20
-3.96931e-21
7.66245e-22
7.80656e-22
3.70304e-22
1.40281e-22
4.71695e-23
1.46679e-23
4.30547e-24
1.20687e-24
3.25339e-25
8.47136e-26
2.13669e-26
5.23014e-27
1.24399e-27
3.44958e-28
-3.60371e-06
-1.73357e-08
2.12297e-05
-1.99573e-06
-5.97923e-05
6.50086e-05
0.000254916
-0.000199346
-0.000983089
-5.71644e-05
0.00299748
0.00384816
-0.00167995
-0.0122395
-0.0203451
-0.0204954
-0.0151407
-0.007945
-0.00267589
-0.000342302
1.26044e-06
7.73447e-07
2.61718e-07
2.86551e-08
-4.77615e-11
-1.19202e-11
-1.06541e-12
-4.99958e-16
-2.79503e-17
-1.73554e-17
-9.20736e-18
-4.28907e-18
-1.73309e-18
-6.14163e-19
-1.94817e-19
-5.63677e-20
-1.50899e-20
-3.7737e-21
-8.86422e-22
-1.95891e-22
-4.06286e-23
-7.84735e-24
-1.38826e-24
-2.17057e-25
-2.73412e-26
-1.81471e-27
3.53448e-28
1.85447e-28
4.85813e-29
8.74703e-30
2.01263e-07
3.92433e-07
-1.24219e-06
-1.12584e-06
6.28585e-06
-1.74452e-07
-3.20854e-05
2.06417e-06
0.000136454
7.50668e-05
-0.000431103
-0.000781444
0.000106123
0.002488
0.00502882
0.00588049
0.00496341
0.00308293
0.00133661
0.000329458
1.2152e-05
-1.34256e-07
-8.34257e-08
-2.30208e-08
-1.29206e-09
2.48866e-13
7.3101e-14
5.93598e-15
1.76836e-16
7.13464e-17
2.32701e-17
6.00248e-18
1.23425e-18
1.76166e-19
-3.10228e-22
-1.26111e-20
-6.34485e-21
-2.33866e-21
-7.50845e-22
-2.22309e-22
-6.23848e-23
-1.68595e-23
-4.43319e-24
-1.14193e-24
-2.89395e-25
-7.23359e-26
-1.78536e-26
-4.35214e-27
-1.04749e-27
-3.0256e-28
)
;

boundaryField
{
    movingWall
    {
        type            zeroGradient;
    }
    fixedWalls
    {
        type            zeroGradient;
    }
    frontAndBack
    {
        type            empty;
    }
}

