/*--------------------------------*- C++ -*----------------------------------*\
| =========                 |                                                 |
| \\      /  F ield         | OpenFOAM: The Open Source CFD Toolbox           |
|  \\    /   O peration     | Version:  v2006                                 |
|   \\  /    A nd           | Website:  www.openfoam.com                      |
|    \\/     M anipulation  |                                                 |
\*---------------------------------------------------------------------------*/
FoamFile
{
    version     2.0;
    format      ascii;
    class       volScalarField;
    location    "0";
    object      f;
}
// * * * * * * * * * * * * * * * * * * * * * * * * * * * * * * * * * * * * * //

dimensions      [0 0 0 0 0 0 0];


internalField   nonuniform List<scalar> 
2500
(
-9.35376e-18
-1.77388e-17
-2.40024e-17
-3.13912e-17
-4.09396e-17
-4.91427e-17
-6.35425e-17
-6.94619e-17
-4.90095e-17
-9.43473e-18
2.1353e-17
2.0242e-17
-3.51744e-18
-2.2791e-17
-2.18374e-17
-8.45703e-18
1.55083e-18
2.34351e-18
-7.32993e-19
-2.60869e-18
-2.60147e-18
-1.76108e-18
-9.1798e-19
-3.64296e-19
-8.6226e-20
1.86287e-20
4.03618e-20
3.27225e-20
2.01521e-20
1.05971e-20
4.96547e-21
2.11571e-21
8.28611e-22
2.99926e-22
1.00487e-22
3.10828e-23
8.80092e-24
2.23574e-24
4.85059e-25
7.6465e-26
5.42051e-28
-6.33111e-27
-3.58827e-27
-1.46442e-27
-5.13907e-28
-1.6396e-28
-4.87743e-29
-1.37171e-29
-3.67861e-30
-1.07502e-30
-1.08173e-17
-2.62462e-17
-3.07446e-17
-3.57839e-17
-5.05962e-17
-5.72918e-17
-8.08618e-17
-1.0291e-16
-7.93534e-17
-1.54454e-17
4.53787e-17
4.92941e-17
3.5777e-18
-3.88271e-17
-4.13046e-17
-1.55839e-17
5.65962e-18
6.97349e-18
-1.59363e-19
-4.09951e-18
-4.07503e-18
-2.60416e-18
-1.24806e-18
-4.25574e-19
-4.89981e-20
7.14835e-20
8.05374e-20
5.68082e-20
3.25657e-20
1.62764e-20
7.30219e-21
2.98245e-21
1.11623e-21
3.83234e-22
1.20116e-22
3.38777e-23
8.29633e-24
1.58845e-24
1.28864e-25
-7.78065e-26
-5.81106e-26
-2.67251e-26
-1.02073e-26
-3.49376e-27
-1.10623e-27
-3.29449e-28
-9.32124e-29
-2.5222e-29
-6.55767e-30
-1.86266e-30
-1.69403e-17
-6.31618e-17
-6.26477e-17
-6.12002e-17
-9.92129e-17
-1.0007e-16
-1.43889e-16
-2.16194e-16
-1.82005e-16
-4.11364e-17
1.15585e-16
1.46325e-16
2.7517e-17
-9.06116e-17
-1.07695e-16
-4.10339e-17
1.93129e-17
2.28181e-17
1.03784e-18
-9.65558e-18
-9.16957e-18
-5.46404e-18
-2.39649e-18
-6.83279e-19
3.1788e-20
2.19893e-19
1.99463e-19
1.30087e-19
7.10969e-20
3.42232e-20
1.48251e-20
5.83566e-21
2.09228e-21
6.79969e-22
1.97101e-22
4.88533e-23
9.05329e-24
3.88889e-25
-7.09101e-25
-4.72477e-25
-2.14924e-25
-8.28005e-26
-2.87749e-26
-9.27512e-27
-2.81518e-27
-8.12116e-28
-2.24068e-28
-5.93958e-29
-1.51784e-29
-4.24102e-30
-1.5339e-17
-1.65825e-16
-1.36053e-16
-9.70088e-17
-1.91839e-16
-1.63178e-16
-2.20694e-16
-4.29e-16
-4.13468e-16
-1.06921e-16
2.68502e-16
4.51242e-16
1.07772e-16
-2.04143e-16
-2.92143e-16
-1.1131e-16
6.07534e-17
7.31319e-17
4.57682e-18
-2.40961e-17
-2.07474e-17
-1.11631e-17
-4.32201e-18
-8.89756e-19
3.73582e-19
6.02424e-19
4.70987e-19
2.8672e-19
1.49486e-19
6.91033e-20
2.87393e-20
1.0799e-20
3.64933e-21
1.08938e-21
2.73378e-22
4.85529e-23
-4.20023e-25
-5.76147e-24
-3.59585e-24
-1.63293e-24
-6.36926e-25
-2.25187e-25
-7.3986e-26
-2.29062e-26
-6.74161e-27
-1.89753e-27
-5.13017e-28
-1.33673e-28
-3.36574e-29
-9.26955e-30
4.65019e-17
-4.6875e-16
-3.44901e-16
-1.29758e-16
-3.13213e-16
-3.1666e-16
-3.03702e-16
-1.26909e-15
-1.01033e-15
-2.44708e-16
2.30842e-15
1.67611e-15
2.85697e-16
-6.24356e-16
-9.63174e-16
-3.05169e-16
1.76523e-16
2.40362e-16
1.17029e-17
-6.4829e-17
-4.7107e-17
-2.1858e-17
-7.02977e-18
-5.49557e-19
1.43629e-18
1.5233e-18
1.06317e-18
6.0757e-19
3.01872e-19
1.33368e-19
5.27632e-20
1.86163e-20
5.74432e-21
1.46419e-21
2.483e-22
-1.80374e-23
-4.23095e-23
-2.557e-23
-1.16917e-23
-4.63498e-24
-1.67078e-24
-5.60309e-25
-1.77117e-25
-5.32189e-26
-1.52889e-26
-4.21755e-27
-1.12086e-27
-2.87741e-28
-7.15072e-29
-1.94401e-29
6.22551e-16
-1.30227e-15
-1.27918e-15
4.36746e-15
2.13477e-16
-7.39653e-15
-1.12212e-14
-1.4452e-14
-2.72888e-15
8.73062e-15
2.78703e-14
5.08185e-15
-2.78322e-15
-1.04579e-14
-4.40812e-15
-7.04089e-16
8.5407e-16
9.33981e-16
1.56044e-17
-1.92815e-16
-1.06056e-16
-3.94904e-17
-9.24244e-18
1.82232e-18
4.28714e-18
3.60984e-18
2.29523e-18
1.23511e-18
5.83195e-19
2.44321e-19
9.05208e-20
2.90503e-20
7.58035e-21
1.24182e-21
-1.72175e-22
-2.82409e-22
-1.69545e-22
-7.86977e-23
-3.18348e-23
-1.17269e-23
-4.01999e-24
-1.29872e-24
-3.98674e-25
-1.1696e-25
-3.29331e-26
-8.92973e-27
-2.33782e-27
-5.92239e-28
-1.45445e-28
-3.90745e-29
6.89797e-15
-2.32366e-15
-5.499e-15
3.8851e-14
2.6796e-14
-4.32162e-14
-1.12596e-13
-5.79836e-14
9.23775e-14
3.22011e-13
9.45822e-14
-2.91046e-14
-1.51133e-13
-6.41796e-14
-1.07854e-14
2.63637e-15
1.51565e-14
4.3766e-15
-2.45618e-16
-6.9376e-16
-2.25501e-16
-5.91065e-17
-5.54986e-18
9.97377e-18
1.11945e-17
8.06694e-18
4.73211e-18
2.40066e-18
1.07183e-18
4.2022e-19
1.41579e-19
3.83506e-20
6.29723e-21
-1.1453e-21
-1.71475e-21
-1.0458e-21
-4.96849e-22
-2.05928e-22
-7.77009e-23
-2.72662e-23
-9.01102e-24
-2.82781e-24
-8.47568e-25
-2.43682e-25
-6.74307e-26
-1.80071e-26
-4.65104e-27
-1.16409e-27
-2.8278e-28
-7.51376e-29
2.3122e-14
4.02188e-16
-1.03215e-14
8.5933e-14
2.43428e-13
-6.99008e-14
-4.71438e-13
4.866e-15
2.14773e-12
1.56169e-12
-6.21436e-13
-1.80616e-12
-7.71727e-13
-1.29396e-13
1.04659e-13
2.72798e-13
8.96415e-14
9.89034e-15
-1.22158e-14
-3.01604e-15
-3.40394e-16
-4.41297e-17
1.93173e-17
3.20281e-17
2.65443e-17
1.70216e-17
9.28755e-18
4.4397e-18
1.85836e-18
6.65799e-19
1.91048e-19
3.34253e-20
-5.80254e-21
-9.43722e-21
-5.98425e-21
-2.93594e-21
-1.25224e-21
-4.85113e-22
-1.7449e-22
-5.90346e-23
-1.89473e-23
-5.80353e-24
-1.70403e-24
-4.81282e-25
-1.31116e-25
-3.45327e-26
-8.80952e-27
-2.18036e-27
-5.24297e-28
-1.37881e-28
-2.04138e-14
2.83065e-13
4.6413e-13
-1.33672e-13
6.43239e-13
5.7468e-14
-1.16168e-12
1.05752e-11
8.34232e-12
3.03129e-12
-1.98927e-11
-8.34535e-12
-1.57794e-12
4.40815e-12
4.56892e-12
1.44611e-12
1.77638e-13
-2.55919e-13
-7.86895e-14
-5.52926e-15
1.97703e-16
1.04171e-16
9.43706e-17
8.28211e-17
5.7973e-17
3.38486e-17
1.72637e-17
7.75926e-18
3.00035e-18
9.35087e-19
1.86189e-19
-2.02451e-20
-4.661e-20
-3.16455e-20
-1.62072e-20
-7.14896e-21
-2.85014e-21
-1.0519e-21
-3.64464e-22
-1.1964e-22
-3.74455e-23
-1.1227e-23
-3.23616e-24
-8.99352e-25
-2.41531e-25
-6.28055e-26
-1.58388e-26
-3.87947e-27
-9.24041e-28
-2.40667e-28
-4.39172e-13
1.46201e-12
4.18353e-12
-3.75496e-12
-5.26846e-12
4.51809e-11
1.16732e-10
6.15321e-11
-6.98697e-13
-1.96408e-10
-6.80114e-11
-7.02837e-12
8.77665e-11
6.57116e-11
2.12295e-11
2.79733e-12
-4.47858e-12
-1.65978e-12
-1.49293e-13
4.99617e-15
1.56341e-15
3.93931e-16
2.42636e-16
1.85422e-16
1.17643e-16
6.31647e-17
3.01573e-17
1.26968e-17
4.41249e-18
1.05111e-18
-1.12909e-20
-2.01727e-19
-1.53673e-19
-8.34249e-20
-3.82985e-20
-1.57524e-20
-5.96879e-21
-2.11724e-21
-7.10327e-22
-2.26993e-22
-6.94448e-23
-2.04171e-23
-5.78576e-24
-1.58404e-24
-4.1981e-25
-1.07879e-25
-2.69172e-26
-6.52944e-27
-1.54155e-27
-3.97894e-28
-8.87704e-13
3.35342e-12
1.26906e-11
-1.08545e-11
-5.42082e-11
3.05693e-10
8.64866e-10
1.88392e-10
-1.61088e-09
-1.12511e-09
9.61554e-11
1.22114e-09
7.30598e-10
2.44112e-10
3.88909e-11
-6.83164e-11
-2.96491e-11
-3.48317e-12
6.68422e-14
3.08184e-14
4.12394e-15
5.49188e-16
4.68278e-16
3.83929e-16
2.24903e-16
1.09674e-16
4.89046e-17
1.92235e-17
5.66484e-18
5.50001e-19
-7.16964e-19
-6.76062e-19
-3.99313e-19
-1.92655e-19
-8.20057e-20
-3.19014e-20
-1.15677e-20
-3.95836e-21
-1.28881e-21
-4.01581e-22
-1.20246e-22
-3.47084e-23
-9.68054e-24
-2.61393e-24
-6.84381e-25
-1.73976e-25
-4.29908e-26
-1.03373e-26
-2.42106e-27
-6.19804e-28
3.05907e-12
4.24731e-12
1.88999e-11
-2.09482e-11
-1.51686e-10
6.97273e-10
2.09972e-09
-4.81661e-09
-7.6906e-09
-2.59948e-09
8.85379e-09
6.11997e-09
2.06763e-09
4.16515e-10
-1.00371e-09
-4.84717e-10
-6.71258e-11
4.00272e-13
3.72934e-13
8.5954e-14
4.07075e-15
4.29151e-16
9.05427e-16
8.20974e-16
4.11108e-16
1.72931e-16
7.20479e-17
2.66445e-17
5.71341e-18
-1.61028e-18
-2.59764e-18
-1.76447e-18
-9.11382e-19
-4.0366e-19
-1.61135e-19
-5.95351e-20
-2.06893e-20
-6.83322e-21
-2.15997e-21
-6.56589e-22
-1.92584e-22
-5.46341e-23
-1.50174e-23
-4.005e-24
-1.03746e-24
-2.61282e-25
-6.40319e-26
-1.5282e-26
-3.55465e-27
-9.03588e-28
3.59458e-11
-1.4419e-09
-3.28732e-09
-1.05264e-09
-1.0198e-09
9.2176e-11
-8.682e-09
-3.23435e-08
-1.57525e-08
3.81904e-08
4.04398e-08
1.13723e-08
1.19585e-09
-1.80549e-08
-8.6972e-09
-1.21985e-09
7.08654e-13
4.1165e-12
1.33786e-12
8.58667e-14
-4.53525e-15
1.56561e-16
2.78332e-15
2.06195e-15
6.98801e-16
2.28707e-16
9.27445e-17
3.43054e-17
2.74077e-18
-7.63893e-18
-7.01596e-18
-4.05589e-18
-1.89279e-18
-7.75233e-19
-2.90175e-19
-1.01586e-19
-3.3745e-20
-1.0736e-20
-3.29138e-21
-9.76118e-22
-2.80721e-22
-7.84048e-23
-2.12862e-23
-5.62086e-24
-1.4443e-24
-3.61277e-25
-8.8014e-26
-2.08932e-26
-4.83549e-27
-1.22257e-27
-1.5614e-08
-5.67781e-08
-9.35823e-08
-1.10561e-07
-2.3392e-07
-4.36811e-07
-5.15812e-07
-1.06621e-07
2.99719e-07
3.09874e-07
8.84996e-08
-2.54406e-07
-3.33321e-07
-1.5057e-07
-2.57891e-08
-2.27808e-10
6.17639e-11
2.13719e-11
2.0342e-12
-3.13289e-14
-1.20315e-14
6.95831e-15
1.29671e-14
5.58884e-15
9.08511e-16
1.90373e-16
9.8855e-17
4.69925e-17
-5.3954e-18
-2.23949e-17
-1.67738e-17
-8.55898e-18
-3.60912e-18
-1.35596e-18
-4.71361e-19
-1.54973e-19
-4.88606e-20
-1.49043e-20
-4.42229e-21
-1.28001e-21
-3.6182e-22
-9.98828e-23
-2.6914e-23
-7.07383e-24
-1.81241e-24
-4.52493e-25
-1.10065e-25
-2.60862e-26
-6.02587e-27
-1.51942e-27
-1.01725e-07
-2.45161e-07
-3.76668e-07
-5.42007e-07
-1.22679e-06
-2.34226e-06
-2.273e-06
3.43494e-07
2.75605e-06
1.4239e-06
-1.95789e-06
-3.32238e-06
-1.72965e-06
-4.42525e-07
-2.71798e-08
4.39159e-10
1.51277e-10
7.09108e-11
5.78935e-12
1.25144e-12
1.60009e-14
4.88253e-14
5.8197e-14
1.16145e-14
2.06474e-16
-1.08883e-16
8.96433e-17
9.60943e-17
-1.88762e-17
-5.81297e-17
-3.78293e-17
-1.67831e-17
-6.23844e-18
-2.09716e-18
-6.6161e-19
-2.00242e-19
-5.90048e-20
-1.70931e-20
-4.89423e-21
-1.38712e-21
-3.88565e-22
-1.07235e-22
-2.90485e-23
-7.69765e-24
-1.99024e-24
-5.01187e-25
-1.22804e-25
-2.92677e-26
-6.78535e-27
-1.71372e-27
-2.65283e-07
-5.64795e-07
-8.38047e-07
-1.33497e-06
-3.03337e-06
-5.90078e-06
-5.24282e-06
2.79953e-06
8.206e-06
2.98843e-06
-1.46946e-05
-1.13372e-05
-4.00701e-06
-6.77056e-07
3.65651e-09
9.30056e-10
-5.86537e-10
1.42334e-09
1.58235e-09
8.64543e-11
1.07618e-13
9.06443e-13
2.52198e-13
1.24827e-14
-2.78618e-15
-8.98948e-16
1.27162e-16
3.27285e-16
-2.70665e-17
-1.52756e-16
-8.31776e-17
-3.0058e-17
-9.2679e-18
-2.62615e-18
-7.077e-19
-1.85953e-19
-4.87588e-20
-1.30234e-20
-3.58695e-21
-1.01784e-21
-2.9395e-22
-8.4964e-23
-2.42145e-23
-6.73336e-24
-1.81552e-24
-4.73215e-25
-1.19111e-25
-2.89572e-26
-6.80515e-27
-1.73314e-27
-4.04572e-07
-7.83823e-07
-1.14979e-06
-2.05922e-06
-4.58983e-06
-8.5818e-06
-6.87005e-06
1.18771e-05
1.33245e-05
-3.96847e-05
-5.84428e-05
-1.86501e-05
-4.68873e-06
-4.63675e-07
1.79783e-10
3.56423e-10
-3.62504e-09
5.59116e-08
4.81404e-08
1.73821e-09
5.30454e-11
7.55675e-12
4.94807e-13
-2.24438e-14
-1.01803e-14
-1.80652e-15
2.86132e-15
1.57889e-15
1.28922e-17
-4.69508e-16
-1.79154e-16
-4.48865e-17
-9.67584e-18
-1.79634e-18
-2.62532e-19
-1.87121e-20
5.11314e-21
2.74848e-21
7.1132e-22
8.52243e-23
-2.57363e-23
-2.29471e-23
-1.05432e-23
-3.85286e-24
-1.23346e-24
-3.59771e-25
-9.75744e-26
-2.49091e-26
-6.03369e-27
-1.56238e-27
4.55615e-07
4.64456e-06
7.97524e-06
1.02446e-06
2.82729e-06
4.78639e-05
0.00015314
5.71832e-05
-0.000288118
-0.000500016
-0.000139528
0.00112211
0.00313697
0.00425964
0.00389942
0.00257649
0.00119595
0.000336562
2.32811e-05
2.89922e-08
3.82809e-10
1.78886e-11
-8.31516e-14
-5.47757e-14
-1.58305e-14
2.09553e-14
3.31899e-14
5.32461e-15
-2.94896e-15
-2.21456e-15
-3.37481e-16
-3.22856e-17
2.1419e-18
2.79107e-18
1.19414e-18
4.01517e-19
1.19135e-19
3.22637e-20
8.04577e-21
1.83924e-21
3.78246e-22
6.66781e-23
8.62042e-24
1.03691e-25
-4.41247e-25
-2.04623e-25
-6.74236e-26
-1.89721e-26
-4.82077e-27
-1.26823e-27
9.28489e-05
0.000243728
0.000455404
0.00064372
0.00116712
0.00198022
0.0019122
0.000176991
-0.00220677
-0.00210823
0.00316622
0.0157866
0.0310906
0.0403546
0.0394639
0.0305783
0.0183886
0.00813635
0.00219915
0.000128171
1.51654e-10
-2.84714e-12
-6.52726e-13
-8.1486e-14
2.94072e-13
5.30569e-13
1.12142e-13
-2.90054e-14
-5.67774e-14
-9.34277e-15
-3.49983e-17
1.26376e-16
4.56488e-17
1.36669e-17
3.82131e-18
1.02002e-18
2.61403e-19
6.43124e-20
1.513e-20
3.37682e-21
7.05661e-22
1.34983e-22
2.25755e-23
2.90421e-24
1.15985e-25
-9.26618e-26
-4.41002e-26
-1.38048e-26
-3.59213e-27
-9.14874e-28
0.000452827
0.00108287
0.00204706
0.00331952
0.00584678
0.00840674
0.00683228
-0.000452072
-0.00712169
-0.00429291
0.0172038
0.05706
0.102629
0.131727
0.131107
0.106069
0.0678882
0.0329153
0.0106211
0.00126342
3.70849e-10
9.33785e-13
-5.491e-13
5.88838e-12
7.63316e-12
2.02438e-12
-3.15875e-13
-1.19875e-12
-2.69441e-13
-9.26262e-15
2.84146e-15
6.38937e-16
1.17441e-16
2.54909e-17
5.76332e-18
1.30587e-18
2.9302e-19
6.4812e-20
1.40672e-20
2.97017e-21
6.00895e-22
1.137e-22
1.93038e-23
2.67941e-24
2.06671e-25
-3.66535e-26
-2.29229e-26
-7.02026e-27
-1.59712e-27
-2.77192e-28
0.00117924
0.00272662
0.00518933
0.00882143
0.0153302
0.0208477
0.0156205
-0.00226095
-0.0160595
-0.00385887
0.0471953
0.132973
0.228699
0.292485
0.294177
0.243719
0.160999
0.0814269
0.0281927
0.00418117
2.1536e-09
1.05619e-10
8.73059e-11
7.44646e-11
3.53371e-11
4.53824e-13
-2.09257e-11
-5.69585e-12
-3.49203e-13
5.61428e-14
1.41067e-14
8.95215e-16
7.60501e-17
1.23941e-17
1.77257e-18
1.6655e-19
-1.06829e-20
-1.05292e-20
-3.22461e-21
-6.6274e-22
-8.24297e-23
4.81342e-24
7.21071e-24
2.99704e-24
9.57003e-25
2.72731e-25
7.39313e-26
1.97498e-26
5.28788e-27
1.63365e-27
0.00223481
0.00507842
0.0097139
0.0168563
0.0290928
0.0384646
0.0273333
-0.00604951
-0.0276977
-0.00050296
0.0926227
0.23943
0.400615
0.512277
0.520344
0.438817
0.296504
0.154244
0.0557499
0.00935009
5.75364e-09
6.6027e-10
5.50889e-10
3.15389e-10
7.73378e-11
-3.2062e-10
-1.02626e-10
-8.35831e-12
8.45859e-13
2.74587e-13
2.00664e-14
-5.02058e-16
-1.63495e-16
-4.32805e-17
-1.12272e-17
-2.84131e-18
-6.84376e-19
-1.52578e-19
-3.03886e-20
-5.04186e-21
-5.43003e-22
4.15944e-23
4.94661e-23
2.00175e-23
6.30706e-24
1.75625e-24
4.53565e-25
1.11495e-25
2.65303e-26
6.96098e-27
0.00334725
0.00754105
0.0144426
0.0252548
0.0434497
0.0566104
0.0386258
-0.011207
-0.0399023
0.00562465
0.144272
0.353616
0.581677
0.746017
0.765803
0.655709
0.451328
0.239931
0.089455
0.0162952
2.35417e-05
1.65753e-09
1.14623e-09
7.05035e-10
-4.62515e-09
-1.69838e-09
-1.65993e-10
1.07013e-11
4.39607e-12
4.80524e-13
-5.66438e-15
-2.35927e-15
-4.67969e-16
-1.01128e-16
-2.36831e-17
-5.41861e-18
-1.1526e-18
-2.14398e-19
-2.9868e-20
-6.71365e-22
1.57806e-21
7.9746e-22
2.82129e-22
8.52028e-23
2.33405e-23
5.96632e-24
1.44722e-24
3.3707e-25
7.60892e-26
1.87567e-26
0.00406079
0.00912434
0.0174084
0.0303959
0.0522704
0.0678375
0.0449595
-0.0162855
-0.0493784
0.0109369
0.183953
0.438689
0.716398
0.924597
0.960199
0.833197
0.58247
0.315033
0.120228
0.0231903
0.000106194
3.72591e-09
-2.92544e-08
-7.30451e-08
-2.95782e-08
-3.13691e-09
1.12503e-10
5.82027e-11
1.05426e-11
8.82409e-14
-2.92842e-14
-7.15793e-15
-5.9904e-16
-8.98974e-17
-1.80516e-17
-3.21317e-18
-3.53201e-19
5.90836e-20
5.87009e-20
2.6524e-20
9.51083e-21
3.00083e-21
8.66376e-22
2.33501e-22
5.94763e-23
1.44442e-23
3.36827e-24
7.58876e-25
1.66147e-25
3.95927e-26
0.00404251
0.00909921
0.0172273
0.029748
0.0512991
0.0670732
0.0438569
-0.0192693
-0.0530604
0.0116093
0.193748
0.461568
0.757775
0.988859
1.04009
0.912336
0.645198
0.353217
0.136923
0.0273925
0.000206278
-1.20757e-06
-1.17723e-06
-5.0714e-07
-7.64013e-08
1.00684e-09
6.6945e-10
1.8093e-10
1.18297e-11
-4.30127e-13
-1.41076e-13
-9.5681e-15
1.4249e-16
5.09205e-17
1.78503e-17
6.51651e-18
2.35544e-18
8.1679e-19
2.68773e-19
8.37454e-20
2.4733e-20
6.93937e-21
1.85496e-21
4.7391e-22
1.16109e-22
2.73769e-23
6.23531e-24
1.37719e-24
2.96201e-25
6.92689e-26
0.00293447
0.00670797
0.0123777
0.0204288
0.0355888
0.0486531
0.0321655
-0.0192073
-0.0492346
0.00327196
0.160679
0.401918
0.680791
0.910308
0.975898
0.866424
0.619385
0.342161
0.133824
0.0272012
0.000234708
-8.46683e-06
-5.374e-06
-1.46844e-06
-8.01705e-08
5.20507e-09
2.49093e-09
3.37235e-10
-3.99025e-12
-1.95286e-12
-2.70367e-13
2.04771e-15
7.40332e-16
2.10303e-16
6.34727e-17
1.96734e-17
6.08079e-18
1.84916e-18
5.48771e-19
1.58021e-19
4.39746e-20
1.17984e-20
3.04912e-21
7.59237e-22
1.82374e-22
4.23436e-23
9.52715e-24
2.08361e-24
4.44476e-25
1.03135e-25
0.00115679
0.0028267
0.00482706
0.0065356
0.0119497
0.0199916
0.0149876
-0.012694
-0.0363075
-0.0124553
0.0864656
0.262286
0.485741
0.681312
0.74699
0.669126
0.480008
0.265107
0.103251
0.0207004
0.000133424
-2.86353e-05
-1.35539e-05
-2.38997e-06
3.24545e-08
2.32529e-08
5.63081e-09
2.02067e-10
-1.45341e-11
-4.86783e-12
-3.22642e-13
6.21174e-15
1.72003e-15
3.3503e-16
9.35117e-17
2.86239e-17
8.75708e-18
2.62264e-18
7.64212e-19
2.1606e-19
5.91446e-20
1.56516e-20
4.00086e-21
9.87967e-22
2.35909e-22
5.45641e-23
1.22534e-23
2.6794e-24
5.72371e-25
1.33229e-25
-0.000368505
-0.00057324
-0.00151351
-0.00454878
-0.00728697
-0.00456866
0.000521809
-0.00347985
-0.0190144
-0.0261174
0.00728264
0.105126
0.255007
0.395111
0.446357
0.400305
0.283708
0.153234
0.0574111
0.0103645
-9.54335e-05
-7.48366e-05
-2.14861e-05
-1.54219e-06
1.49632e-07
6.02686e-08
7.29541e-09
-1.34642e-10
-6.07302e-11
-7.35799e-12
8.99715e-14
3.22173e-14
2.92478e-15
2.14458e-16
7.61591e-17
2.61093e-17
8.46075e-18
2.6203e-18
7.79711e-19
2.23567e-19
6.1835e-20
1.65016e-20
4.25047e-21
1.05766e-21
2.5464e-22
5.94453e-23
1.34922e-23
2.98645e-24
6.46777e-25
1.531e-25
-0.000988247
-0.00206163
-0.00398363
-0.00807408
-0.0140672
-0.0150345
-0.00582929
0.00435646
-0.00306586
-0.0289534
-0.0419736
-0.00928458
0.068048
0.146641
0.175609
0.15436
0.10281
0.049955
0.01528
0.00105834
-0.000347124
-0.000128741
-1.7637e-05
1.37349e-06
4.96499e-07
7.61039e-08
-1.06734e-09
-5.53457e-10
-1.18641e-10
-3.49982e-12
2.8303e-13
6.61333e-14
1.95342e-15
2.03907e-17
2.26629e-17
1.2111e-17
4.91402e-18
1.73586e-18
5.63254e-19
1.7187e-19
4.98619e-20
1.38331e-20
3.68397e-21
9.4489e-22
2.34161e-22
5.62539e-23
1.31449e-23
2.99754e-24
6.69146e-25
1.63795e-25
-0.000733746
-0.00165691
-0.00284811
-0.00487102
-0.00921983
-0.0118381
-0.00517753
0.00727631
0.0064097
-0.0184013
-0.0488841
-0.0545613
-0.0343965
-0.00873771
-0.000201343
-0.00501808
-0.0121797
-0.013699
-0.00938234
-0.00363969
-0.000780304
-5.54019e-05
1.05699e-05
3.8414e-06
5.81041e-07
2.9384e-09
-5.12931e-09
-1.5803e-09
-1.03168e-10
4.12512e-12
9.81292e-13
3.79814e-14
-7.29202e-16
-1.61248e-16
-2.97911e-17
-3.70347e-18
3.83476e-19
5.06531e-19
2.44387e-19
9.23706e-20
3.08009e-20
9.45413e-21
2.72691e-21
7.48134e-22
1.96831e-22
4.99588e-23
1.22898e-23
2.94081e-24
6.86433e-25
1.75675e-25
-9.50001e-05
-0.000354092
-0.000293822
0.000366673
-0.000159843
-0.00223247
-0.00136659
0.00509863
0.00842833
-0.00188147
-0.0245241
-0.0464995
-0.0593126
-0.0663909
-0.0690837
-0.0649636
-0.0515192
-0.0323385
-0.0147842
-0.00432795
-0.000396105
3.99333e-05
1.85566e-05
4.10258e-06
1.71258e-07
-3.90023e-08
-1.37701e-08
-1.18338e-09
5.21917e-11
1.26606e-11
5.81842e-13
-1.65564e-14
-2.83426e-15
-3.01805e-16
-6.06908e-17
-1.2935e-17
-2.36362e-18
-2.71707e-19
3.57316e-20
3.94006e-20
1.81035e-20
6.60507e-21
2.13901e-21
6.40572e-22
1.80965e-22
4.87751e-23
1.26311e-23
3.15771e-24
7.64573e-25
2.02142e-25
0.000271386
0.000466412
0.00100001
0.00257221
0.00434732
0.00370356
0.000827938
0.000465557
0.0050713
0.00869089
0.00264779
-0.0155097
-0.0393231
-0.0581668
-0.0629654
-0.0556045
-0.0395069
-0.0217348
-0.00863937
-0.00196074
8.00448e-06
2.89726e-05
1.25698e-05
1.84186e-06
-2.05083e-07
-7.08626e-08
-6.92454e-09
5.17794e-10
1.22114e-10
4.55142e-12
-2.74251e-13
-4.93701e-14
-9.97256e-16
-5.26328e-17
-2.40299e-17
-6.76597e-18
-1.2551e-18
-5.5652e-20
8.2854e-20
5.12356e-20
2.15014e-20
7.66612e-21
2.47875e-21
7.47591e-22
2.13417e-22
5.81628e-23
1.52153e-23
3.83499e-24
9.3388e-25
2.47642e-25
0.000211487
0.00040632
0.000551829
0.00122064
0.00288325
0.00333848
0.000437328
-0.0023772
0.000640674
0.00882699
0.0122516
0.00524518
-0.00816662
-0.018368
-0.0187954
-0.0139127
-0.0071634
-0.00224662
-5.85852e-05
0.00043452
9.30829e-05
7.59444e-06
-2.03915e-06
-1.4016e-06
-2.98199e-07
-1.04888e-08
4.06007e-09
1.02631e-09
3.53165e-11
-4.01913e-12
-8.57769e-13
-9.86913e-15
7.28825e-16
1.54191e-16
3.08855e-17
7.81101e-18
2.56436e-18
9.43588e-19
3.44169e-19
1.19366e-19
3.91668e-20
1.2212e-20
3.637e-21
1.03892e-21
2.85489e-22
7.5633e-23
1.93496e-23
4.7872e-24
1.14679e-24
2.98987e-25
-3.49638e-05
-8.22684e-05
-0.000487242
-0.00102031
-0.000710727
-7.55222e-05
-0.000787208
-0.0021948
-0.0012503
0.00250878
0.00590674
0.00738733
0.00996772
0.0151754
0.0193635
0.0198449
0.0158127
0.00944695
0.00406428
0.00101703
7.32273e-05
-3.1379e-05
-1.50597e-05
-2.64289e-06
7.6869e-08
3.99736e-08
8.04881e-09
1.37234e-10
-4.73745e-11
-1.28823e-11
-5.46066e-13
1.73555e-14
3.27497e-15
3.34335e-16
7.12237e-17
1.98857e-17
6.12071e-18
1.95155e-18
6.20639e-19
1.93193e-19
5.8409e-20
1.71067e-20
4.85043e-21
1.33147e-21
3.53924e-22
9.11261e-23
2.27347e-23
5.49855e-24
1.28995e-24
3.29047e-25
-0.000146475
-0.00032886
-0.000834771
-0.00159402
-0.00203243
-0.00183778
-0.00122074
-0.000406649
-0.000445738
-0.00211104
-0.00357228
0.000140099
0.011148
0.0241299
0.0306332
0.0281583
0.0194892
0.00996679
0.00337007
0.000473464
-0.000105179
-5.72701e-05
-1.52456e-05
-5.79151e-07
1.44781e-07
6.1205e-08
6.2441e-09
-4.45948e-10
-1.32576e-10
-9.29106e-12
3.20278e-13
6.95694e-14
2.77304e-15
8.24225e-17
4.31962e-17
1.75379e-17
6.29692e-18
2.13008e-18
6.90323e-19
2.15211e-19
6.46376e-20
1.87246e-20
5.23719e-21
1.41558e-21
3.70046e-22
9.36161e-23
2.2935e-23
5.4448e-24
1.25343e-24
3.12969e-25
-8.72911e-05
-0.000226705
-0.000483624
-0.000744888
-0.00100288
-0.00120514
-0.000736477
0.000615542
0.000945335
-0.00194332
-0.00585949
-0.00487708
0.00318621
0.0137846
0.0185442
0.0162706
0.0101078
0.00415021
0.000763481
-0.000222426
-0.000116824
-3.54202e-05
-4.0171e-06
7.3812e-07
2.8406e-07
3.68867e-08
-3.90355e-09
-1.17296e-09
-8.4247e-11
3.73329e-12
9.21823e-13
3.95988e-14
-4.26867e-16
-6.79125e-17
-6.94872e-19
5.5744e-18
3.27203e-18
1.38666e-18
5.08147e-19
1.70132e-19
5.32916e-20
1.58085e-20
4.4722e-21
1.2119e-21
3.15518e-22
7.90952e-23
1.91241e-23
4.46614e-24
1.00864e-24
2.45827e-25
-2.60509e-06
-4.50172e-05
-0.000102613
-1.40909e-05
0.000137417
-3.26768e-05
-0.000278785
0.000283272
0.00113315
0.000376441
-0.00219791
-0.00400839
-0.00296028
-0.000502471
0.000901493
0.000610152
-0.000342477
-0.000901993
-0.000748811
-0.000307552
-7.98159e-05
-7.96172e-06
3.78343e-06
1.38318e-06
1.51873e-07
-2.16558e-08
-6.98342e-09
-6.01486e-10
2.70094e-11
6.96096e-12
3.69489e-13
-7.53579e-15
-1.29754e-15
-1.72746e-16
-2.86636e-17
-3.30222e-18
4.47294e-19
5.20771e-19
2.53198e-19
9.75399e-20
3.31452e-20
1.03249e-20
3.0031e-21
8.24092e-22
2.14745e-22
5.3371e-23
1.26898e-23
2.89291e-24
6.33333e-25
1.47837e-25
9.57442e-06
7.43464e-06
-3.53063e-05
-1.16181e-05
0.000174038
0.000217538
-0.000121119
-0.00033047
0.000260436
0.00121953
0.00121804
-0.000413601
-0.00310712
-0.00538921
-0.00609599
-0.0053434
-0.00366575
-0.00189202
-0.000656871
-0.000133834
-2.51917e-06
1.24964e-05
5.26063e-06
6.88492e-07
-8.99664e-08
-2.77693e-08
-2.1038e-09
1.63661e-10
3.81439e-11
2.01783e-12
-6.3634e-14
-1.24558e-14
-8.30482e-16
-1.2793e-16
-2.97064e-17
-5.99626e-18
-8.83717e-19
5.45959e-21
7.56675e-20
4.07799e-20
1.59528e-20
5.33212e-21
1.60296e-21
4.4339e-22
1.1418e-22
2.75434e-23
6.24014e-24
1.32707e-24
2.63803e-25
5.27853e-26
-1.06156e-05
-1.41445e-05
-6.95926e-05
-0.000179212
-0.000181988
-5.76479e-05
-7.20584e-05
-0.000356728
-0.000402942
0.000323184
0.00134482
0.00135761
-0.000111458
-0.00208062
-0.00294126
-0.00251759
-0.00143451
-0.000457312
-1.60976e-05
7.55582e-05
3.87099e-05
1.03948e-05
9.44568e-07
-3.68805e-07
-1.16674e-07
-7.5099e-09
1.02067e-09
2.42551e-10
5.34383e-12
-5.91554e-13
-8.2528e-14
-2.20216e-15
-1.96583e-16
-5.40294e-17
-1.31371e-17
-2.84518e-18
-4.65458e-19
-7.78212e-21
3.73283e-20
2.13231e-20
8.45565e-21
2.79702e-21
8.14559e-22
2.13112e-22
5.03034e-23
1.06053e-23
1.92813e-24
2.70023e-25
1.37157e-26
-1.13088e-26
-1.04106e-05
-1.40731e-05
-2.03159e-05
-8.15193e-05
-0.000172707
-0.00012922
4.02552e-05
2.26225e-05
-0.000302812
-0.000465525
-3.29337e-05
0.000756723
0.00134514
0.00150835
0.00143104
0.00125361
0.000968652
0.00060093
0.000287311
9.23803e-05
1.32914e-05
-3.96036e-06
-1.79617e-06
-3.87957e-07
-1.69634e-08
6.66139e-09
2.22867e-09
1.63556e-10
-1.01766e-11
-2.70017e-12
-1.23987e-13
2.76604e-15
5.23903e-16
8.42114e-17
1.69167e-17
3.9829e-18
1.09947e-18
3.40198e-19
1.09185e-19
3.42009e-20
1.01121e-20
2.77439e-21
6.97837e-22
1.58313e-22
3.13153e-23
4.91666e-24
3.77021e-25
-1.24066e-25
-8.07951e-26
-3.54253e-26
4.19961e-06
9.16937e-06
4.38483e-05
8.7275e-05
6.65573e-05
1.90026e-05
7.46449e-05
0.000179295
7.24931e-05
-0.000299406
-0.000548959
-0.000261271
0.000554625
0.00140042
0.00169009
0.00146857
0.000951694
0.000439839
0.000122527
4.69696e-06
-1.17764e-05
-4.75183e-06
-8.06896e-07
3.38577e-09
2.65663e-08
9.97363e-09
1.50221e-09
-8.92812e-11
-2.63473e-11
-2.36636e-12
5.0939e-14
1.04846e-14
6.83021e-16
1.06371e-16
2.78507e-17
7.70073e-18
2.21548e-18
6.51495e-19
1.90971e-19
5.45078e-20
1.48823e-20
3.83655e-21
9.23086e-22
2.04262e-22
4.04987e-23
6.76774e-24
7.6687e-25
-3.60462e-26
-5.95188e-26
-2.93064e-26
7.02624e-06
1.16376e-05
2.90719e-05
7.54242e-05
0.000108004
7.31988e-05
1.23827e-05
4.70659e-05
0.0001547
0.000120117
-0.000134932
-0.000387245
-0.000391345
-0.000211587
-5.89354e-05
-4.78791e-05
-9.11118e-05
-0.000109463
-7.85082e-05
-3.61577e-05
-9.71665e-06
-8.40783e-07
4.85912e-07
1.97578e-07
3.14402e-08
-1.25379e-09
-6.19317e-10
-1.26357e-10
-2.93732e-12
5.14952e-13
1.09506e-13
3.46521e-15
5.9036e-18
2.21793e-17
1.26456e-17
5.26864e-18
1.92386e-18
6.4889e-19
2.05231e-19
6.10709e-20
1.70981e-20
4.49868e-21
1.10967e-21
2.55379e-22
5.4316e-23
1.04692e-23
1.74751e-24
2.19605e-25
5.70851e-27
-1.09448e-26
-3.11684e-07
-1.97937e-06
-1.44105e-05
-2.38921e-05
-6.10168e-06
5.22377e-06
-3.42351e-05
-6.36671e-05
1.38898e-05
0.000153559
0.00017358
-8.53412e-06
-0.000319577
-0.000565971
-0.000634786
-0.0005501
-0.000374808
-0.000196315
-7.62122e-05
-1.77886e-05
-3.97795e-07
1.27731e-06
5.93606e-07
1.15266e-07
-9.72637e-09
-4.17609e-09
-6.28945e-10
3.68219e-11
9.78322e-12
4.78686e-13
-1.67299e-14
-2.5616e-15
-1.73981e-16
-1.82194e-17
1.25668e-18
2.23593e-18
1.17844e-18
4.77064e-19
1.67621e-19
5.32694e-20
1.56054e-20
4.25665e-21
1.08676e-21
2.60199e-22
5.83493e-23
1.21895e-23
2.34313e-24
4.03319e-25
5.79899e-26
4.96541e-27
-3.25611e-06
-5.8323e-06
-1.59749e-05
-3.65849e-05
-4.66152e-05
-3.05327e-05
-1.47567e-05
-3.19836e-05
-5.47009e-05
-1.65111e-05
8.00663e-05
0.000135961
8.68595e-05
-2.19976e-05
-8.71635e-05
-7.88031e-05
-3.62483e-05
-1.38342e-06
1.12051e-05
8.68416e-06
3.25978e-06
5.51968e-07
-6.97819e-08
-5.45515e-08
-1.33161e-08
-3.52362e-10
1.69061e-10
4.0251e-11
1.16307e-12
-1.09624e-13
-2.10179e-14
-9.23349e-16
-7.84115e-17
-1.76065e-17
-1.70068e-18
8.50324e-19
6.79729e-19
3.16711e-19
1.19815e-19
3.99035e-20
1.20942e-20
3.39307e-21
8.89661e-22
2.19187e-22
5.08649e-23
1.11155e-23
2.27971e-24
4.35242e-25
7.60385e-26
1.24134e-26
-3.31388e-07
-5.96539e-08
3.28266e-06
3.86138e-06
-3.96984e-06
-6.26036e-06
1.05987e-05
1.82536e-05
-1.3674e-05
-5.73588e-05
-4.95017e-05
2.59365e-05
0.00012416
0.000191191
0.000203609
0.00017679
0.000125034
7.04998e-05
3.00616e-05
8.29416e-06
6.60978e-07
-4.77948e-07
-2.22723e-07
-3.56848e-08
4.32875e-09
1.39561e-09
1.27854e-10
-7.70035e-12
-1.99739e-12
-1.57923e-13
2.21815e-15
3.10817e-16
2.99757e-17
3.85428e-18
1.71513e-18
1.06938e-18
5.41402e-19
2.27776e-19
8.36543e-20
2.76822e-20
8.41668e-21
2.38075e-21
6.31588e-22
1.57969e-22
3.73661e-23
8.37e-24
1.77456e-24
3.55097e-25
6.6644e-26
1.2538e-26
1.13401e-06
2.12287e-06
5.97035e-06
1.31857e-05
1.55566e-05
1.0173e-05
6.69302e-06
1.3093e-05
1.61387e-05
-1.1035e-06
-3.02567e-05
-4.04303e-05
-1.76267e-05
2.20112e-05
4.4556e-05
4.14038e-05
2.50054e-05
8.91005e-06
1.65191e-07
-2.00921e-06
-8.97195e-07
-1.88894e-07
9.49457e-09
1.21491e-08
3.10609e-09
1.29314e-10
-3.36095e-11
-7.77847e-12
-4.04838e-13
-1.30371e-14
1.93401e-15
3.00423e-16
5.5513e-17
1.41042e-17
4.25309e-18
1.43192e-18
5.04111e-19
1.75124e-19
5.81475e-20
1.82373e-20
5.39176e-21
1.50487e-21
3.97489e-22
9.95882e-23
2.3709e-23
5.36889e-24
1.15651e-24
2.36697e-25
4.58907e-26
9.13415e-27
1.62955e-07
1.34616e-07
-6.83288e-07
-5.25431e-07
2.05723e-06
2.17575e-06
-2.9923e-06
-4.77945e-06
5.2219e-06
1.7181e-05
1.25908e-05
-1.04628e-05
-3.75172e-05
-5.50474e-05
-5.72797e-05
-4.95461e-05
-3.5866e-05
-2.10617e-05
-9.38879e-06
-2.692e-06
-2.69203e-07
1.10245e-07
4.49921e-08
5.75123e-09
-5.81497e-10
-1.93005e-10
-4.04458e-11
-4.92318e-12
4.05695e-13
1.24349e-13
8.38131e-15
-3.90739e-17
-1.96898e-18
2.87829e-18
1.79022e-18
7.81469e-19
2.97311e-19
1.03763e-19
3.38259e-20
1.0387e-20
3.01847e-21
8.32502e-22
2.18347e-22
5.45409e-23
1.29895e-23
2.95158e-24
6.39983e-25
1.3233e-25
2.6047e-26
5.3187e-27
-2.99546e-07
-5.70463e-07
-1.65124e-06
-3.55392e-06
-4.1038e-06
-2.60468e-06
-1.88133e-06
-3.6798e-06
-4.00053e-06
9.20077e-07
8.20676e-06
1.0063e-05
3.45849e-06
-6.5006e-06
-1.20133e-05
-1.14162e-05
-7.38811e-06
-3.16213e-06
-6.58359e-07
1.72262e-07
2.03737e-07
7.03115e-08
9.92434e-09
-2.42451e-09
-1.00408e-09
-1.81228e-10
9.52199e-12
3.83951e-12
5.78963e-13
1.36666e-15
-1.71605e-15
-3.18878e-16
-6.44326e-17
-1.34914e-17
-2.39226e-18
-2.7401e-19
2.27601e-20
2.88361e-20
1.26698e-20
4.3738e-21
1.33862e-21
3.78221e-22
1.00379e-22
2.52345e-23
6.03545e-24
1.37661e-24
2.99759e-25
6.23213e-26
1.23589e-26
2.55428e-27
-3.6744e-08
-2.80976e-08
1.37278e-07
1.00692e-07
-4.29021e-07
-4.4795e-07
6.26435e-07
9.47933e-07
-1.07536e-06
-3.49596e-06
-2.49245e-06
2.26622e-06
7.78152e-06
1.12088e-05
1.165e-05
1.01065e-05
7.2632e-06
4.24703e-06
1.95368e-06
6.44633e-07
9.88715e-08
-1.88878e-08
-8.8937e-09
-1.95899e-09
-1.90624e-10
5.76369e-11
2.02556e-11
3.33999e-12
-1.4655e-13
-3.97533e-14
-3.1241e-15
-1.21308e-16
-4.60355e-17
-1.30295e-17
-2.95372e-18
-5.55159e-19
-8.08793e-20
-5.36026e-21
2.07207e-21
1.242e-21
4.52523e-22
1.38115e-22
3.81068e-23
9.78392e-24
2.36893e-24
5.44526e-25
1.19227e-25
2.4902e-26
4.9608e-27
1.03137e-27
3.97838e-08
7.98164e-08
2.3757e-07
5.11215e-07
5.72114e-07
3.55904e-07
2.87162e-07
5.19478e-07
5.13317e-07
-1.66211e-07
-1.10874e-06
-1.39224e-06
-5.12037e-07
9.79142e-07
1.84299e-06
1.7021e-06
1.0884e-06
5.17289e-07
1.76358e-07
2.70142e-08
-1.4454e-08
-1.59756e-09
9.39275e-10
4.78467e-10
1.58785e-10
2.23938e-11
-4.13972e-12
-1.57978e-12
-1.37738e-13
4.9872e-15
8.42039e-16
4.11406e-17
-1.02261e-17
-5.1429e-18
-1.42862e-18
-3.09927e-19
-5.49344e-20
-7.25719e-21
-2.71091e-22
2.61765e-22
1.2983e-22
4.38117e-23
1.26431e-23
3.32127e-24
8.1435e-25
1.8857e-25
4.1478e-26
8.69e-27
1.73523e-27
3.61587e-28
)
;

boundaryField
{
    movingWall
    {
        type            zeroGradient;
    }
    fixedWalls
    {
        type            zeroGradient;
    }
    frontAndBack
    {
        type            empty;
    }
}

