/*--------------------------------*- C++ -*----------------------------------*\
| =========                 |                                                 |
| \\      /  F ield         | OpenFOAM: The Open Source CFD Toolbox           |
|  \\    /   O peration     | Version:  v2006                                 |
|   \\  /    A nd           | Website:  www.openfoam.com                      |
|    \\/     M anipulation  |                                                 |
\*---------------------------------------------------------------------------*/
FoamFile
{
    version     2.0;
    format      ascii;
    class       volScalarField;
    location    "0";
    object      f;
}
// * * * * * * * * * * * * * * * * * * * * * * * * * * * * * * * * * * * * * //

dimensions      [0 0 0 0 0 0 0];


internalField   nonuniform List<scalar> 
2500
(
-3.79676e-22
-3.79522e-22
-3.78359e-22
-3.73228e-22
-3.58474e-22
-3.28542e-22
-2.83179e-22
-2.28688e-22
-1.71464e-22
-1.12818e-22
-5.32963e-23
-1.06944e-26
3.44707e-23
4.20762e-23
2.76352e-23
6.47208e-24
-6.84404e-24
-7.86706e-24
-1.95475e-24
3.21389e-24
3.96375e-24
1.29056e-24
-2.0541e-24
-4.15322e-24
-4.60222e-24
-3.92759e-24
-2.83456e-24
-1.80544e-24
-1.03973e-24
-5.49759e-25
-2.697e-25
-1.23657e-25
-5.32606e-26
-2.16222e-26
-8.28845e-27
-3.00033e-27
-1.02355e-27
-3.2736e-28
-9.70948e-29
-2.6102e-29
-6.01873e-30
-9.86608e-31
2.56297e-32
1.22685e-31
7.50466e-32
3.44669e-32
1.38684e-32
5.1445e-33
1.80139e-33
6.03265e-34
-1.33272e-21
-1.33223e-21
-1.32882e-21
-1.31297e-21
-1.26398e-21
-1.159e-21
-9.96388e-22
-8.04208e-22
-6.1106e-22
-4.18974e-22
-2.19795e-22
-3.07725e-23
1.02358e-22
1.42073e-22
9.68545e-23
1.9583e-23
-3.28255e-23
-3.88044e-23
-1.59771e-23
6.02058e-24
1.16327e-23
3.68192e-24
-7.57591e-24
-1.47626e-23
-1.61954e-23
-1.3709e-23
-9.81119e-24
-6.19488e-24
-3.53597e-24
-1.85309e-24
-9.01103e-25
-4.09587e-25
-1.7492e-25
-7.04226e-26
-2.67749e-26
-9.6143e-27
-3.25374e-27
-1.03236e-27
-3.03724e-28
-8.09588e-29
-1.84861e-29
-2.98252e-30
9.61211e-32
3.78742e-31
2.28774e-31
1.04313e-31
4.17535e-32
1.5429e-32
5.3884e-33
1.8019e-33
-4.49503e-21
-4.49351e-21
-4.48451e-21
-4.44069e-21
-4.28952e-21
-3.93778e-21
-3.37352e-21
-2.71744e-21
-2.09457e-21
-1.50234e-21
-8.69844e-22
-2.21601e-22
2.81757e-22
4.74021e-22
3.4597e-22
7.11266e-23
-1.33193e-22
-1.66912e-22
-8.32836e-23
5.71853e-24
3.53931e-23
1.24248e-23
-2.54561e-23
-5.02171e-23
-5.50784e-23
-4.63831e-23
-3.29439e-23
-2.06178e-23
-1.16577e-23
-6.05035e-24
-2.91348e-24
-1.31143e-24
-5.54649e-25
-2.21145e-25
-8.32644e-26
-2.96043e-26
-9.91751e-27
-3.11317e-27
-9.05261e-28
-2.37999e-28
-5.33068e-29
-8.23075e-30
4.69128e-31
1.16104e-30
6.79322e-31
3.05124e-31
1.20951e-31
4.43927e-32
1.54331e-32
5.1474e-33
-1.45375e-20
-1.45328e-20
-1.45123e-20
-1.44111e-20
-1.39891e-20
-1.28672e-20
-1.09666e-20
-8.79294e-21
-6.88292e-21
-5.19729e-21
-3.31959e-21
-1.17995e-21
6.81505e-22
1.56043e-21
1.25759e-21
3.06681e-22
-4.81785e-22
-6.6088e-22
-3.70026e-22
-2.34395e-23
1.13492e-22
4.95749e-23
-7.79493e-23
-1.63732e-22
-1.81203e-22
-1.52186e-22
-1.07309e-22
-6.65334e-23
-3.7232e-23
-1.9116e-23
-9.10447e-24
-4.05296e-24
-1.69506e-24
-6.68213e-25
-2.48685e-25
-8.7358e-26
-2.88933e-26
-8.94427e-27
-2.55974e-27
-6.59688e-28
-1.43331e-28
-2.04321e-29
2.18526e-30
3.47785e-30
1.94089e-30
8.52291e-31
3.32967e-31
1.2098e-31
4.17756e-32
1.38804e-32
-4.49805e-20
-4.49658e-20
-4.49276e-20
-4.47782e-20
-4.37772e-20
-4.03865e-20
-3.41398e-20
-2.71143e-20
-2.1576e-20
-1.73216e-20
-1.22589e-20
-5.50545e-21
1.22009e-21
5.05725e-21
4.6293e-21
1.43416e-21
-1.57529e-21
-2.47159e-21
-1.51463e-21
-2.03838e-22
3.84089e-22
2.1579e-22
-2.13794e-22
-5.11995e-22
-5.77172e-22
-4.84394e-22
-3.39026e-22
-2.08048e-22
-1.15079e-22
-5.83677e-23
-2.74531e-23
-1.20663e-23
-4.98124e-24
-1.93754e-24
-7.11078e-25
-2.46109e-25
-8.00987e-26
-2.43516e-26
-6.82208e-27
-1.71006e-27
-3.55302e-28
-4.42673e-29
8.86674e-30
9.93945e-30
5.22941e-30
2.22721e-30
8.52438e-31
3.05261e-31
1.04396e-31
3.45087e-32
-1.32816e-19
-1.32769e-19
-1.32713e-19
-1.329e-19
-1.31284e-19
-1.21644e-19
-1.01437e-19
-7.90937e-20
-6.40042e-20
-5.54818e-20
-4.39154e-20
-2.37262e-20
-2.95708e-24
1.61258e-20
1.7177e-20
6.75803e-21
-4.60087e-21
-8.85845e-21
-5.91151e-21
-1.06349e-21
1.35502e-21
9.51474e-22
-4.97363e-22
-1.53501e-21
-1.78137e-21
-1.49611e-21
-1.03857e-21
-6.29864e-22
-3.43785e-22
-1.71932e-22
-7.97061e-23
-3.45166e-23
-1.40325e-23
-5.37136e-24
-1.93794e-24
-6.58423e-25
-2.09919e-25
-6.2324e-26
-1.69655e-26
-4.09241e-27
-7.97066e-28
-7.86025e-29
3.0583e-29
2.61056e-29
1.28045e-29
5.22951e-30
1.94138e-30
6.79758e-31
2.29037e-31
7.5177e-32
-3.73215e-19
-3.73061e-19
-3.72929e-19
-3.75759e-19
-3.76919e-19
-3.51433e-19
-2.86338e-19
-2.15568e-19
-1.77171e-19
-1.7015e-19
-1.52891e-19
-9.65877e-20
-1.4911e-20
5.08069e-20
6.4134e-20
3.10955e-20
-1.13306e-20
-3.06807e-20
-2.24082e-20
-4.78462e-21
4.90121e-21
4.10239e-21
-7.99418e-22
-4.40745e-21
-5.33258e-21
-4.48546e-21
-3.08347e-21
-1.84414e-21
-9.90901e-22
-4.87475e-22
-2.22184e-22
-9.45414e-23
-3.77348e-23
-1.41636e-23
-5.00211e-24
-1.65953e-24
-5.14892e-25
-1.48036e-25
-3.8723e-26
-8.8468e-27
-1.5684e-27
-9.82862e-29
8.57304e-29
5.83972e-29
2.6095e-29
9.93636e-30
3.47829e-30
1.16205e-30
3.79444e-31
1.23051e-31
-9.94894e-19
-9.94408e-19
-9.93393e-19
-1.00888e-18
-1.03544e-18
-9.74183e-19
-7.62598e-19
-5.36379e-19
-4.45348e-19
-4.96872e-19
-5.18256e-19
-3.75571e-19
-1.00973e-19
1.60123e-19
2.41296e-19
1.38611e-19
-1.8399e-20
-1.03079e-19
-8.33559e-20
-2.01843e-20
1.7951e-20
1.71313e-20
4.26747e-22
-1.21006e-20
-1.55059e-20
-1.30593e-20
-8.86684e-21
-5.21348e-21
-2.7492e-21
-1.32621e-21
-5.9233e-22
-2.4675e-22
-9.62814e-23
-3.52549e-23
-1.21098e-23
-3.89112e-24
-1.16242e-24
-3.19113e-25
-7.87025e-26
-1.65846e-26
-2.56489e-27
-5.73592e-29
1.62679e-28
8.55445e-29
3.04912e-29
8.83855e-30
2.18071e-30
4.70334e-31
9.76691e-32
2.65559e-32
-2.50688e-18
-2.50548e-18
-2.49758e-18
-2.56204e-18
-2.72179e-18
-2.59546e-18
-1.89461e-18
-1.15809e-18
-9.54288e-19
-1.3708e-18
-1.71455e-18
-1.40359e-18
-5.01257e-19
5.13965e-19
9.16118e-19
5.97897e-19
2.18095e-20
-3.36201e-19
-3.06034e-19
-8.24546e-20
6.61594e-20
6.9389e-20
1.16923e-20
-3.17427e-20
-4.39115e-20
-3.69506e-20
-2.46741e-20
-1.4201e-20
-7.31836e-21
-3.44729e-21
-1.50197e-21
-6.0939e-22
-2.30999e-22
-8.18547e-23
-2.70577e-23
-8.30026e-24
-2.34031e-24
-5.96386e-25
-1.33239e-25
-2.45628e-26
-3.24166e-27
-2.08745e-28
-5.96165e-29
-9.9575e-29
-7.911e-29
-4.44245e-29
-2.04684e-29
-8.23427e-30
-2.98014e-30
-9.84553e-31
-5.94549e-18
-5.94222e-18
-5.89391e-18
-6.11898e-18
-6.84775e-18
-6.67131e-18
-4.30198e-18
-1.86331e-18
-1.40217e-18
-3.52772e-18
-5.55373e-18
-5.06271e-18
-2.16255e-18
1.69402e-18
3.49751e-18
2.48845e-18
3.96568e-19
-1.06438e-18
-1.1127e-18
-3.31693e-19
2.44829e-19
2.74029e-19
7.05182e-20
-7.98857e-20
-1.21695e-19
-1.01727e-19
-6.63625e-20
-3.71579e-20
-1.86067e-20
-8.50885e-21
-3.59325e-21
-1.40882e-21
-5.13525e-22
-1.7364e-22
-5.41307e-23
-1.53783e-23
-3.90134e-24
-8.52764e-25
-1.5097e-25
-2.05758e-26
-4.18155e-27
-3.26458e-27
-2.57906e-27
-1.5746e-27
-7.99315e-28
-3.56e-28
-1.43511e-28
-5.334e-29
-1.84864e-29
-6.01499e-30
-1.32035e-17
-1.32001e-17
-1.29547e-17
-1.36137e-17
-1.64635e-17
-1.66647e-17
-8.55469e-18
-4.71455e-19
7.96932e-19
-8.23477e-18
-1.76776e-17
-1.76882e-17
-8.56871e-18
5.57177e-18
1.32774e-17
9.92275e-18
2.44019e-18
-3.27811e-18
-4.0181e-18
-1.32962e-18
9.08667e-19
1.06205e-18
3.23113e-19
-1.96725e-19
-3.32828e-19
-2.7299e-19
-1.72184e-19
-9.29779e-20
-4.4878e-20
-1.97578e-20
-8.00704e-21
-2.99409e-21
-1.02976e-21
-3.22663e-22
-9.0332e-23
-2.17142e-23
-4.07502e-24
-4.16964e-25
5.32127e-26
1.72442e-26
-2.07815e-26
-2.46975e-26
-1.66476e-26
-8.87166e-27
-4.10106e-27
-1.71274e-27
-6.60412e-28
-2.38159e-28
-8.09798e-29
-2.60978e-29
-2.72715e-17
-2.72937e-17
-2.62171e-17
-2.76477e-17
-3.74392e-17
-4.10406e-17
-1.32572e-17
1.2986e-17
1.80508e-17
-1.60197e-17
-5.56157e-17
-6.01205e-17
-3.20157e-17
1.67539e-17
4.94574e-17
3.7591e-17
1.13029e-17
-9.88562e-18
-1.44658e-17
-5.35407e-18
3.37355e-18
4.07329e-18
1.28798e-18
-5.02034e-19
-9.09967e-19
-7.15595e-19
-4.29545e-19
-2.20916e-19
-1.01596e-19
-4.25069e-20
-1.6251e-20
-5.64804e-21
-1.75493e-21
-4.68857e-22
-9.69456e-23
-9.07921e-24
4.10734e-24
2.83722e-24
9.02556e-25
5.15397e-26
-1.52119e-25
-1.33804e-25
-7.8939e-26
-3.88112e-26
-1.69954e-26
-6.8313e-27
-2.5623e-27
-9.05872e-28
-3.03835e-28
-9.70995e-29
-5.18897e-17
-5.20922e-17
-4.79825e-17
-4.83398e-17
-7.75038e-17
-1.03154e-16
-8.09517e-18
7.65108e-17
1.02011e-16
-1.78336e-17
-1.76492e-16
-2.00103e-16
-1.14783e-16
3.86369e-17
1.83111e-16
1.35415e-16
4.3285e-17
-2.92154e-17
-5.23205e-17
-2.16901e-17
1.2401e-17
1.56524e-17
4.6365e-18
-1.4794e-18
-2.52739e-18
-1.83386e-18
-1.02351e-18
-4.92402e-19
-2.1196e-19
-8.23984e-20
-2.86876e-20
-8.67685e-21
-2.09309e-21
-2.74866e-22
8.16847e-23
8.36547e-23
4.07712e-23
1.39083e-23
2.82476e-24
-4.25884e-25
-8.57354e-25
-5.98398e-25
-3.19904e-25
-1.48321e-25
-6.24187e-26
-2.43807e-26
-8.95243e-27
-3.1152e-27
-1.03278e-27
-3.27411e-28
-8.95777e-17
-9.06652e-17
-7.74146e-17
-5.53255e-17
-1.30354e-16
-2.94819e-16
4.47473e-17
4.24925e-16
5.30151e-16
3.30475e-17
-6.1991e-16
-6.4166e-16
-4.07062e-16
7.01855e-17
8.77265e-16
4.74754e-16
1.35108e-16
-8.14311e-17
-1.97085e-16
-8.83522e-17
4.3208e-17
6.16562e-17
1.50354e-17
-5.49982e-18
-7.22136e-18
-4.57345e-18
-2.29636e-18
-1.00625e-18
-3.93269e-19
-1.35324e-19
-3.87601e-20
-7.51455e-21
4.32423e-22
1.40904e-21
9.12361e-22
4.20139e-22
1.52316e-22
4.06857e-23
4.04368e-24
-4.1091e-24
-3.91691e-24
-2.3467e-24
-1.16484e-24
-5.1574e-25
-2.10196e-25
-8.01836e-26
-2.89173e-26
-9.92362e-27
-3.25508e-27
-1.02376e-27
-1.36571e-16
-1.41e-16
-1.08494e-16
9.35413e-17
-3.76582e-16
-1.30808e-15
6.28583e-16
4.16881e-15
3.74824e-15
2.13223e-16
-3.39368e-15
-1.53264e-15
-1.34325e-15
1.17468e-14
6.90547e-15
1.33524e-15
2.8764e-16
-8.35746e-16
-1.02082e-15
-3.6606e-16
1.38384e-16
2.70409e-16
4.11316e-17
-2.48767e-17
-2.11489e-17
-1.08788e-17
-4.69419e-18
-1.79419e-18
-5.95332e-19
-1.54318e-19
-1.67366e-20
1.36933e-20
1.3298e-20
7.72874e-21
3.5612e-21
1.36391e-21
4.19597e-22
8.32356e-23
-9.31227e-24
-2.18247e-23
-1.54255e-23
-8.31883e-24
-3.89793e-24
-1.66188e-24
-6.59183e-25
-2.46339e-25
-8.74231e-26
-2.96211e-26
-9.61813e-27
-3.00101e-27
-1.74214e-16
-1.86199e-16
-1.44332e-16
9.51608e-16
-2.01852e-14
-5.88248e-15
1.50044e-14
1.59778e-14
1.44949e-14
-1.04151e-13
-1.86426e-14
1.1427e-13
2.11677e-13
1.41145e-13
2.44507e-14
-3.17388e-14
-4.26191e-14
-1.99899e-14
-7.04435e-15
-1.20602e-15
3.74502e-15
1.61954e-15
5.73996e-17
-1.25873e-16
-6.09786e-17
-2.31916e-17
-8.02916e-18
-2.43124e-18
-5.19382e-19
3.30452e-20
1.27337e-19
9.79829e-20
5.52725e-20
2.60168e-20
1.04977e-20
3.55803e-21
9.09813e-22
8.02143e-23
-9.7669e-23
-9.06523e-23
-5.42615e-23
-2.71077e-23
-1.21277e-23
-5.00818e-24
-1.93988e-24
-7.11662e-25
-2.4885e-25
-8.33072e-26
-2.67848e-26
-8.29034e-27
7.33937e-14
3.83371e-14
6.36716e-15
-3.83571e-14
-1.14553e-13
2.99838e-13
7.88601e-14
-2.38407e-13
-1.22422e-12
-1.01023e-12
8.92831e-13
2.201e-12
1.67266e-12
4.58665e-13
-1.37426e-12
-9.1935e-13
-3.16071e-13
-9.76066e-14
-2.05431e-14
7.66836e-14
4.07118e-14
5.80694e-15
-2.04087e-15
-6.93584e-16
-1.46215e-16
-3.56504e-17
-8.37595e-18
-9.99721e-19
7.65762e-19
8.83048e-19
6.11663e-19
3.43745e-19
1.66885e-19
7.09276e-20
2.59996e-20
7.71444e-21
1.40048e-21
-2.79231e-22
-4.7086e-22
-3.2351e-22
-1.73975e-22
-8.19795e-23
-3.52988e-23
-1.41782e-23
-5.37601e-24
-1.93893e-24
-6.68602e-25
-2.21246e-25
-7.04462e-26
-2.16269e-26
2.00328e-12
1.74782e-12
8.01898e-13
-1.75453e-13
-1.50931e-13
1.99409e-12
-5.85348e-13
-7.22406e-12
-7.7521e-12
-2.62524e-12
6.42494e-12
6.09765e-12
4.18241e-12
-1.52032e-11
-1.14967e-11
-3.42921e-12
-5.93607e-13
-2.07626e-13
1.25915e-12
6.88688e-13
1.20491e-13
-5.77214e-14
-2.1808e-14
-1.99284e-15
-5.29245e-17
4.43283e-18
8.53676e-18
7.33884e-18
5.29302e-18
3.34131e-18
1.8769e-18
9.4401e-19
4.23531e-19
1.668e-19
5.51987e-20
1.32521e-20
4.08162e-22
-2.10462e-21
-1.75998e-21
-1.03183e-21
-5.14322e-22
-2.31289e-22
-9.63821e-23
-3.7768e-23
-1.40429e-23
-4.98431e-24
-1.69592e-24
-5.54871e-25
-1.74972e-25
-5.32708e-26
7.95603e-12
7.32041e-12
7.3234e-12
2.1977e-14
1.24495e-11
3.41234e-12
-1.04529e-11
-2.05347e-11
-2.07048e-11
1.18257e-10
2.73181e-11
-3.40755e-11
-1.44656e-10
-1.22561e-10
-2.91116e-11
7.49755e-13
2.55855e-11
2.3703e-11
9.67866e-12
1.75601e-12
-1.21269e-12
-4.98364e-13
-5.38602e-14
3.2486e-15
8.77581e-16
1.81008e-16
5.84735e-17
2.82582e-17
1.59889e-17
8.94116e-18
4.67164e-18
2.2252e-18
9.43623e-19
3.43396e-19
9.77571e-20
1.35694e-20
-7.57551e-21
-8.70448e-21
-5.65974e-21
-2.99875e-21
-1.41058e-21
-6.10022e-22
-2.46966e-22
-9.46116e-23
-3.45383e-23
-1.20726e-23
-4.05471e-24
-1.31188e-24
-4.09691e-25
-1.23677e-25
1.6646e-11
1.66678e-11
2.19354e-11
4.18935e-11
6.65231e-11
-8.0095e-11
-3.58347e-11
1.72351e-10
9.23563e-10
1.27657e-09
6.52401e-11
-2.00554e-09
-1.40751e-09
-3.4884e-10
4.62132e-10
7.97823e-10
4.30249e-10
1.41734e-10
2.15904e-11
-2.19571e-11
-9.41801e-12
-1.11482e-12
7.14047e-14
2.19278e-14
1.94005e-15
1.92093e-16
9.15148e-17
5.84002e-17
3.55459e-17
1.97634e-17
1.01074e-17
4.67004e-18
1.87539e-18
6.10647e-19
1.26759e-19
-1.70315e-20
-3.88984e-20
-2.87481e-20
-1.6276e-20
-8.01678e-21
-3.59686e-21
-1.50325e-21
-5.9276e-22
-2.22322e-22
-7.97482e-23
-2.74653e-23
-9.10779e-24
-2.91432e-24
-9.01291e-25
-2.69735e-25
2.14892e-11
4.48674e-11
4.34155e-11
2.14641e-10
1.60058e-10
-3.01519e-10
1.44686e-09
7.70311e-09
1.05419e-08
3.86708e-09
-7.15246e-09
-9.04193e-09
-4.82881e-09
1.72025e-09
6.19165e-09
4.05237e-09
1.46601e-09
2.88496e-10
-3.14996e-10
-1.44367e-10
-1.94191e-11
1.15424e-12
3.95299e-13
3.76054e-14
-8.49947e-16
-2.12996e-16
6.81261e-17
1.05224e-16
7.08345e-17
3.90368e-17
1.97574e-17
8.93523e-18
3.33716e-18
8.80592e-19
3.17472e-20
-1.54948e-19
-1.35609e-19
-8.252e-20
-4.25559e-20
-1.97766e-20
-8.51572e-21
-3.44969e-21
-1.32701e-21
-4.87727e-22
-1.72008e-22
-5.83894e-23
-1.91218e-23
-6.05178e-24
-1.8534e-24
-5.49812e-25
1.25737e-11
1.2516e-10
1.61997e-10
4.47929e-10
1.56759e-10
2.6339e-10
1.36402e-08
3.11266e-08
2.59751e-08
-4.71029e-09
-4.35128e-08
-1.7194e-08
-8.1285e-09
3.65106e-08
2.39393e-08
7.36058e-09
2.08293e-09
-4.4414e-09
-1.92811e-09
-2.74692e-10
1.50027e-11
5.58588e-12
6.1852e-13
-1.47267e-14
-4.81336e-15
-7.27959e-16
1.93915e-16
2.70221e-16
1.4471e-16
7.08144e-17
3.5525e-17
1.59736e-17
5.28358e-18
7.60597e-19
-5.21975e-19
-5.96546e-19
-3.93803e-19
-2.12183e-19
-1.01685e-19
-4.49114e-20
-1.86187e-20
-7.3225e-21
-2.75056e-21
-9.91326e-22
-3.43911e-22
-1.15115e-22
-3.72412e-23
-1.16598e-23
-3.53641e-24
-1.03979e-24
-2.43462e-11
1.585e-10
1.14853e-09
-2.95686e-08
-1.35397e-08
3.74942e-09
3.138e-08
5.08169e-08
-7.14499e-08
-3.12553e-07
-1.30004e-07
3.29916e-07
6.81817e-07
2.25653e-07
4.42162e-08
-1.47598e-07
-1.1688e-07
-3.43961e-08
-3.42945e-09
1.56821e-10
6.43505e-11
8.70521e-12
-1.48204e-13
-5.64631e-14
-8.44543e-15
2.07258e-15
2.69329e-15
9.71649e-16
2.70162e-16
1.05159e-16
5.83502e-17
2.82257e-17
7.32035e-18
-1.00928e-18
-2.43586e-18
-1.79629e-18
-1.00715e-18
-4.92773e-19
-2.21061e-19
-9.30321e-20
-3.71772e-20
-1.42075e-20
-5.21561e-21
-1.8448e-21
-6.30055e-22
-2.081e-22
-6.65465e-23
-2.06207e-23
-6.19536e-24
-1.80547e-24
-6.02466e-07
-5.62268e-07
-6.76093e-07
-9.14417e-07
-6.91697e-07
-6.82679e-08
-1.10837e-07
-1.42366e-06
-3.2789e-06
-1.97729e-06
1.71269e-06
5.09386e-06
3.99565e-06
5.34603e-07
-2.77646e-06
-1.99714e-06
-6.80989e-07
-8.17063e-08
9.62464e-10
4.80963e-10
1.08475e-10
1.872e-12
-2.07474e-13
-7.85073e-14
2.78697e-14
5.89439e-14
2.24114e-14
2.69328e-15
1.93757e-16
6.7985e-17
9.14185e-17
5.84141e-17
8.50516e-18
-8.39144e-18
-8.03638e-18
-4.6974e-18
-2.29772e-18
-1.02407e-18
-4.2976e-19
-1.72264e-19
-6.63906e-20
-2.46835e-20
-8.86987e-21
-3.08439e-21
-1.03883e-21
-3.39094e-22
-1.07325e-22
-3.29469e-23
-9.81146e-24
-2.83445e-24
-4.10432e-06
-4.1323e-06
-3.99267e-06
-3.6819e-06
-3.27962e-06
-2.44304e-06
-6.80094e-06
-1.48404e-05
-1.40228e-05
-4.65611e-06
1.38186e-05
2.05568e-05
9.15772e-06
-1.90483e-05
-1.62057e-05
-6.6309e-06
-1.48303e-06
-5.42314e-08
9.71317e-10
5.6632e-10
1.19324e-10
6.80504e-13
-1.40031e-13
1.30546e-13
5.87875e-13
2.79202e-13
5.89456e-14
2.07263e-15
-7.28377e-16
-2.13272e-16
1.91937e-16
1.80909e-16
4.38566e-18
-3.56716e-17
-2.32012e-17
-1.0883e-17
-4.57525e-18
-1.83459e-18
-7.15879e-19
-2.73095e-19
-1.01764e-19
-3.69629e-20
-1.30632e-20
-4.4866e-21
-1.49642e-21
-4.84468e-22
-1.522e-22
-4.63845e-23
-1.37085e-23
-3.92711e-24
-1.07167e-05
-1.09958e-05
-1.00705e-05
-7.32903e-06
-6.61095e-06
-1.49667e-05
-2.96336e-05
-4.30446e-05
-2.67378e-05
1.67367e-05
4.26614e-05
4.2367e-05
-0.000117842
-0.000106924
-3.49423e-05
-9.19986e-06
-1.51102e-06
9.81988e-09
1.96437e-09
4.23634e-10
4.03132e-10
3.80074e-12
-1.08323e-13
1.19086e-11
4.51801e-12
5.87891e-13
2.78732e-14
-8.44715e-15
-4.81449e-15
-8.50373e-16
1.93968e-15
8.77393e-16
-5.29867e-17
-1.46236e-16
-6.09884e-17
-2.11535e-17
-7.2234e-18
-2.52824e-18
-9.10301e-19
-3.32951e-19
-1.21738e-19
-4.39256e-20
-1.55102e-20
-5.33378e-21
-1.78167e-21
-5.77228e-22
-1.81206e-22
-5.50748e-23
-1.61928e-23
-4.60095e-24
-1.43348e-05
-1.48968e-05
-1.32874e-05
-8.49591e-06
-6.79557e-06
-3.67144e-05
-6.87114e-05
-6.23651e-05
6.08108e-06
0.000139795
4.9039e-05
-0.00046977
-0.000758873
-0.000243015
0.000656656
0.00152294
0.00163439
0.00118543
0.000541557
0.000113371
1.47964e-07
1.68254e-11
8.47667e-11
6.3736e-11
1.19088e-11
1.3056e-13
-7.8514e-14
-5.64672e-14
-1.47282e-14
3.76023e-14
2.19259e-14
3.24822e-15
-1.99277e-15
-6.93569e-16
-1.25879e-16
-2.48809e-17
-5.50191e-18
-1.4803e-18
-5.02388e-19
-1.96855e-19
-7.99301e-20
-3.17566e-20
-1.21046e-20
-4.4084e-21
-1.53516e-21
-5.11985e-22
-1.63708e-22
-5.02022e-23
-1.47557e-23
-4.15041e-24
6.77403e-05
6.04713e-05
7.5409e-05
0.000125939
9.78055e-05
-3.96972e-05
-9.81598e-05
0.000263396
0.000853268
0.000488511
-0.00165806
-0.00380513
-0.0024768
0.00509632
0.0193624
0.0334629
0.0391165
0.0356267
0.0256973
0.0143192
0.00570501
0.00124999
2.47022e-05
8.47689e-11
-1.08339e-13
-1.40065e-13
-2.07496e-13
-1.48209e-13
6.18487e-13
3.95278e-13
7.14002e-14
-5.38576e-14
-2.18068e-14
-2.04075e-15
5.73831e-17
4.1125e-17
1.50328e-17
4.63552e-18
1.28762e-18
3.22992e-19
7.048e-20
1.16818e-20
4.24528e-22
-7.9956e-22
-4.97166e-22
-2.13638e-22
-7.78667e-23
-2.54192e-23
-7.56098e-24
-2.04849e-24
0.000964936
0.000934222
0.00102312
0.00122241
0.000955794
0.000214042
0.000514996
0.00269326
0.003848
0.000378713
-0.00743737
-0.0124032
-0.00391992
0.0282666
0.0803277
0.13203
0.156776
0.149148
0.115692
0.0719
0.034191
0.0108643
0.00124999
1.6824e-11
3.80181e-12
6.80126e-13
1.87167e-12
8.70482e-12
5.58565e-12
1.15418e-12
-1.11477e-12
-4.98341e-13
-5.77184e-14
5.80656e-15
1.61943e-15
2.70395e-16
6.16529e-17
1.56514e-17
4.073e-18
1.06197e-18
2.74011e-19
6.93876e-20
1.71331e-20
4.10395e-21
9.52369e-22
2.16223e-22
4.97635e-23
1.25008e-23
3.71076e-24
1.30095e-24
0.00324332
0.00318362
0.00341453
0.00382697
0.0029645
0.00127567
0.00288591
0.00845273
0.0097061
-0.000959423
-0.0193702
-0.0263045
0.000532057
0.0770356
0.19376
0.310559
0.372106
0.361494
0.290146
0.188825
0.0958421
0.034191
0.00570501
1.4797e-07
4.03153e-10
1.19322e-10
1.08472e-10
6.43484e-11
1.50022e-11
-1.94183e-11
-9.41762e-12
-1.21264e-12
1.20484e-13
4.07093e-14
3.74477e-15
1.38391e-16
4.32089e-17
1.24011e-17
3.37359e-18
9.08704e-19
2.44857e-19
6.61764e-20
1.79603e-20
4.90583e-21
1.35713e-21
3.84993e-22
1.13857e-22
3.55332e-23
1.16841e-23
3.98181e-24
0.00660678
0.00651846
0.00694758
0.00756084
0.00582034
0.00310688
0.00679255
0.0170937
0.0177479
-0.00426389
-0.0368022
-0.0418475
0.0128662
0.147054
0.3432
0.541326
0.654532
0.645617
0.53149
0.356978
0.188825
0.0719
0.0143192
0.000113371
4.23654e-10
5.66335e-10
4.80958e-10
1.56816e-10
-2.7468e-10
-1.44361e-10
-2.19562e-11
1.75592e-12
6.8865e-13
7.6679e-14
-1.20594e-15
-3.66035e-16
-8.8346e-17
-2.16883e-17
-5.35347e-18
-1.32939e-18
-3.31591e-19
-8.24084e-20
-2.01633e-20
-4.7753e-21
-1.05952e-21
-2.02221e-22
-2.28084e-23
5.95476e-24
6.10552e-24
3.2433e-24
0.00944994
0.0093432
0.00994966
0.0107104
0.00820225
0.00448993
0.0102402
0.0251498
0.0250459
-0.00858774
-0.053423
-0.0549275
0.0281662
0.21431
0.478548
0.748814
0.915981
0.915791
0.771061
0.53149
0.290146
0.115692
0.0256973
0.000541557
1.96418e-09
9.71365e-10
9.62454e-10
-3.42929e-09
-1.92804e-09
-3.14984e-10
2.15893e-11
9.67816e-12
1.25908e-12
-2.05419e-14
-7.04392e-15
-1.02077e-15
-1.97078e-16
-5.23183e-17
-1.44649e-17
-4.01772e-18
-1.11253e-18
-3.05956e-19
-8.33208e-20
-2.23929e-20
-5.90512e-21
-1.51207e-21
-3.6904e-22
-8.29185e-23
-1.58471e-23
-1.9101e-24
0.00971737
0.00959957
0.0102566
0.0111361
0.0083458
0.00408574
0.01052
0.0277566
0.0276708
-0.011218
-0.0619494
-0.0614402
0.0359631
0.245675
0.540458
0.847631
1.05175
1.06595
0.915791
0.645617
0.361494
0.149148
0.0356267
0.00118543
9.81842e-09
-5.42241e-08
-8.17015e-08
-3.43948e-08
-4.44127e-09
2.88484e-10
1.41728e-10
2.37018e-11
-2.07616e-13
-9.7602e-14
-1.99888e-14
-8.35709e-16
-8.14336e-17
-2.9215e-17
-9.88511e-18
-3.27776e-18
-1.06418e-18
-3.361e-19
-1.03031e-19
-3.06593e-20
-8.84943e-21
-2.46796e-21
-6.59481e-22
-1.66395e-22
-3.86209e-23
-7.80424e-24
0.00592472
0.00578558
0.00634353
0.00733662
0.00504504
0.000616797
0.00540603
0.021576
0.0235426
-0.0102562
-0.0582614
-0.0604601
0.0261202
0.219609
0.499839
0.803928
1.02174
1.05175
0.915981
0.654532
0.372106
0.156776
0.0391165
0.00163439
-1.51095e-06
-1.48297e-06
-6.80966e-07
-1.16877e-07
2.08284e-09
1.46595e-09
4.3023e-10
2.5584e-11
-5.93595e-13
-3.16058e-13
-4.26162e-14
2.87638e-16
1.35106e-16
4.32841e-17
1.13029e-17
2.44038e-18
3.96744e-19
2.19184e-20
-1.83424e-20
-1.13042e-20
-4.58944e-21
-1.57062e-21
-4.79977e-22
-1.32523e-22
-3.25872e-23
-6.76247e-24
-0.000214832
-0.000345618
-8.42501e-05
0.000837222
-6.1376e-05
-0.00365018
-0.00278863
0.00745072
0.013512
-0.00322434
-0.0373823
-0.0514476
-0.00649324
0.126216
0.346089
0.604664
0.803928
0.847631
0.748814
0.541326
0.310559
0.13203
0.0334629
0.00152294
-9.19965e-06
-6.63075e-06
-1.99709e-06
-1.47593e-07
7.36038e-09
4.05222e-09
7.97781e-10
7.48592e-13
-3.42911e-12
-9.19294e-13
-3.17338e-14
1.33522e-15
4.74747e-16
1.35413e-16
3.75905e-17
9.9228e-18
2.4886e-18
5.9801e-19
1.38674e-19
3.11258e-20
6.77141e-21
1.43968e-21
3.08832e-22
7.19266e-23
1.98681e-23
6.56971e-24
-0.00391536
-0.00400698
-0.00406288
-0.0034614
-0.00300334
-0.00491902
-0.00743621
-0.00480514
0.00340919
0.00546581
-0.00996808
-0.0361008
-0.0400075
0.0176317
0.157674
0.346089
0.499839
0.540458
0.478548
0.3432
0.19376
0.0803277
0.0193624
0.000656655
-3.49418e-05
-1.62055e-05
-2.77639e-06
4.4218e-08
2.39391e-08
6.19132e-09
4.62077e-10
-2.91098e-11
-1.1496e-11
-1.37417e-12
2.44491e-14
6.90511e-15
8.77248e-16
1.8311e-16
4.94569e-17
1.32775e-17
3.49768e-18
9.16244e-19
2.41365e-19
6.41677e-20
1.71918e-20
4.63541e-21
1.25997e-21
3.46855e-22
9.71696e-23
2.7743e-23
-0.00312187
-0.00314626
-0.00338622
-0.00323994
-0.00221472
-0.00217276
-0.00552193
-0.00804344
-0.00210966
0.00972516
0.00919438
-0.0167779
-0.0495942
-0.0468676
0.0176317
0.126216
0.219609
0.245675
0.21431
0.147054
0.0770356
0.0282667
0.00509632
-0.000243013
-0.000106923
-1.90481e-05
5.34627e-07
2.2566e-07
3.65102e-08
1.71969e-09
-3.48821e-10
-1.22552e-10
-1.52019e-11
4.58633e-13
1.41135e-13
1.17462e-14
7.01958e-17
3.86398e-17
1.67548e-17
5.57227e-18
1.69431e-18
5.14127e-19
1.60204e-19
5.0844e-20
1.61417e-20
5.06369e-21
1.56292e-21
4.74936e-22
1.42397e-22
4.21865e-23
0.000172745
0.000210495
1.76576e-05
-0.000278837
0.00045875
0.00164552
0.000147862
-0.0037167
-0.00266746
0.00703166
0.013244
0.000360313
-0.029595
-0.0495942
-0.0400075
-0.00649325
0.0261202
0.0359631
0.0281662
0.0128663
0.000532095
-0.00391989
-0.00247679
-0.000758869
-0.000117841
9.15762e-06
3.99561e-06
6.81811e-07
-8.12863e-09
-4.82883e-09
-1.40748e-09
-1.4464e-10
4.1821e-12
1.67255e-12
2.11665e-13
-1.34316e-15
-4.07037e-16
-1.14776e-16
-3.20132e-17
-8.56768e-18
-2.16208e-18
-5.01043e-19
-1.00878e-19
-1.48701e-20
1.37684e-23
1.22666e-21
6.83977e-22
2.82652e-22
1.02671e-22
3.4576e-23
0.00163466
0.00168232
0.00164363
0.00132449
0.00132474
0.00232198
0.0029361
0.00119008
-0.00113204
0.000607834
0.00633149
0.00840731
0.000360317
-0.0167779
-0.0361008
-0.0514476
-0.0604601
-0.0614402
-0.0549274
-0.0418475
-0.0263044
-0.0124032
-0.00380513
-0.000469768
4.23665e-05
2.05565e-05
5.09378e-06
3.29909e-07
-1.71934e-08
-9.04165e-09
-2.00548e-09
-3.40755e-11
6.09722e-12
2.20087e-12
1.14267e-13
-1.53255e-15
-6.41618e-16
-2.00092e-16
-6.01168e-17
-1.76867e-17
-5.06211e-18
-1.40333e-18
-3.75462e-19
-9.65432e-20
-2.37087e-20
-5.49883e-21
-1.17753e-21
-2.20748e-22
-3.04816e-23
8.53585e-26
0.000386601
0.000398098
0.00048226
0.00040574
8.31125e-06
9.94644e-05
0.00128921
0.0018748
-0.000189257
-0.00304785
-0.00150594
0.0063315
0.013244
0.00919438
-0.00996808
-0.0373823
-0.0582614
-0.0619493
-0.053423
-0.0368022
-0.0193702
-0.00743738
-0.00165806
4.90376e-05
4.26606e-05
1.38184e-05
1.71267e-06
-1.30001e-07
-4.35117e-08
-7.15221e-09
6.52585e-11
2.73179e-11
6.42463e-12
8.92791e-13
-1.86429e-14
-3.39372e-15
-6.1989e-16
-1.76485e-16
-5.56125e-17
-1.76761e-17
-5.55307e-18
-1.71425e-18
-5.18132e-19
-1.52841e-19
-4.38963e-20
-1.2252e-20
-3.31713e-21
-8.69007e-22
-2.19519e-22
-5.3208e-23
-0.00111337
-0.00112591
-0.00104813
-0.000951852
-0.00122376
-0.00163726
-0.00117733
-1.26927e-05
-0.000180496
-0.00228232
-0.00304785
0.000607838
0.00703166
0.00972515
0.00546581
-0.00322433
-0.0102562
-0.011218
-0.00858774
-0.00426391
-0.00095945
0.000378691
0.000488502
0.000139791
1.67357e-05
-4.65609e-06
-1.97727e-06
-3.12547e-07
-4.70983e-09
3.86697e-09
1.27653e-09
1.18253e-10
-2.62515e-12
-1.01019e-12
-1.04147e-13
2.1318e-16
3.30427e-17
-1.78321e-17
-1.60175e-17
-8.23331e-18
-3.52694e-18
-1.37043e-18
-4.96715e-19
-1.70088e-19
-5.54587e-20
-1.73134e-20
-5.1945e-21
-1.50143e-21
-4.18685e-22
-1.12729e-22
-0.0011691
-0.00117641
-0.00115275
-0.00110063
-0.00117242
-0.00138083
-0.00139727
-0.00106451
-0.00058457
-0.000180497
-0.000189253
-0.00113204
-0.00266747
-0.00210968
0.00340918
0.013512
0.0235426
0.0276708
0.0250459
0.0177479
0.00970607
0.00384798
0.000853258
6.07801e-06
-2.67383e-05
-1.40229e-05
-3.27888e-06
-7.14441e-08
2.59749e-08
1.05417e-08
9.23521e-10
-2.07041e-11
-7.75186e-12
-1.22419e-12
1.44939e-14
3.748e-15
5.30136e-16
1.02013e-16
1.80538e-17
7.99008e-19
-1.40104e-18
-9.53765e-19
-4.45128e-19
-1.77086e-19
-6.3973e-20
-2.15652e-20
-6.87936e-21
-2.09344e-21
-6.10715e-22
-1.71362e-22
-0.000869532
-0.000861409
-0.000841566
-0.000891016
-0.000997969
-0.000902085
-0.000669836
-0.000826158
-0.00106452
-1.26959e-05
0.00187481
0.00119009
-0.0037167
-0.00804346
-0.00480514
0.00745075
0.0215761
0.0277566
0.0251498
0.0170937
0.00845269
0.00269324
0.000263387
-6.23677e-05
-4.30462e-05
-1.48407e-05
-1.42367e-06
5.08164e-08
3.11263e-08
7.703e-09
1.72343e-10
-2.05338e-11
-7.22373e-12
-2.38402e-13
1.59756e-14
4.1684e-15
4.24939e-16
7.65209e-17
1.29922e-17
-4.67915e-19
-1.86155e-18
-1.1573e-18
-5.36058e-19
-2.15446e-19
-7.90499e-20
-2.70994e-20
-8.78813e-21
-2.71594e-21
-8.03762e-22
-2.2856e-22
-0.00122513
-0.00121549
-0.00115544
-0.00121265
-0.00148613
-0.00144033
-0.000808727
-0.000669835
-0.00139727
-0.00117733
0.00128921
0.0029361
0.000147856
-0.00552194
-0.00743621
-0.0027886
0.00540608
0.01052
0.0102402
0.00679251
0.00288586
0.000514967
-9.81679e-05
-6.87162e-05
-2.96356e-05
-6.80137e-06
-1.10835e-07
3.13808e-08
1.36402e-08
1.44686e-09
-3.58318e-11
-1.04519e-11
-5.85259e-13
7.88594e-14
1.50039e-14
6.2853e-16
4.47709e-17
-8.07699e-18
-1.32463e-17
-8.549e-18
-4.29932e-18
-1.89347e-18
-7.62145e-19
-2.86169e-19
-1.01378e-19
-3.41199e-20
-1.09602e-20
-3.37156e-21
-9.95811e-22
-2.83015e-22
-0.00167564
-0.00167406
-0.00159632
-0.00159809
-0.00192207
-0.00206204
-0.00144033
-0.000902082
-0.00138083
-0.00163726
9.94685e-05
0.00232198
0.00164551
-0.00217278
-0.00491903
-0.00365016
0.000616842
0.00408577
0.00448992
0.00310684
0.00127562
0.000214009
-3.97081e-05
-3.67204e-05
-1.4969e-05
-2.44344e-06
-6.82543e-08
3.75103e-09
2.63647e-10
-3.01506e-10
-8.00921e-11
3.41288e-12
1.99419e-12
2.99841e-13
-5.88209e-15
-1.30792e-15
-2.94762e-16
-1.03123e-16
-4.10242e-17
-1.66567e-17
-6.66769e-18
-2.59394e-18
-9.73592e-19
-3.51216e-19
-1.21568e-19
-4.03613e-20
-1.28592e-20
-3.93535e-21
-1.1583e-21
-3.28342e-22
-0.00157523
-0.00157691
-0.00151371
-0.00149617
-0.00175003
-0.00192207
-0.00148613
-0.000997965
-0.00117242
-0.00122376
8.31508e-06
0.00132475
0.000458745
-0.00221474
-0.00300334
-6.13534e-05
0.00504509
0.00834583
0.00820225
0.0058203
0.00296445
0.000955758
9.77913e-05
-6.79859e-06
-6.61299e-06
-3.28018e-06
-6.91697e-07
-1.35302e-08
1.56693e-10
1.60051e-10
6.65256e-11
1.24503e-11
-1.50923e-13
-1.14552e-13
-2.01846e-14
-3.76464e-16
-1.30299e-16
-7.74674e-17
-3.7419e-17
-1.64536e-17
-6.84332e-18
-2.71996e-18
-1.03473e-18
-3.76659e-19
-1.31194e-19
-4.37476e-20
-1.39798e-20
-4.2867e-21
-1.26316e-21
-3.58245e-22
-0.00132914
-0.00132784
-0.0012747
-0.0012758
-0.00149617
-0.00159809
-0.00121265
-0.000891012
-0.00110063
-0.000951853
0.000405744
0.0013245
-0.000278842
-0.00323996
-0.00346141
0.000837245
0.00733667
0.0111361
0.0107104
0.0075608
0.00382692
0.00122237
0.000125927
-8.49785e-06
-7.33055e-06
-3.68249e-06
-9.14471e-07
-2.95542e-08
4.48092e-10
2.14684e-10
4.18938e-11
2.07541e-14
-1.75659e-13
-3.83629e-14
9.53321e-16
9.37201e-17
-5.52467e-17
-4.82932e-17
-2.76232e-17
-1.36021e-17
-6.11388e-18
-2.55995e-18
-1.00808e-18
-3.75469e-19
-1.32801e-19
-4.47455e-20
-1.44009e-20
-4.43762e-21
-1.31209e-21
-3.7298e-22
-0.00132495
-0.00132232
-0.00126595
-0.0012747
-0.00151371
-0.00159632
-0.00115544
-0.000841561
-0.00115275
-0.00104813
0.000482264
0.00164364
1.7652e-05
-0.00338624
-0.00406289
-8.42268e-05
0.00634357
0.0102567
0.00994965
0.00694754
0.00341448
0.00102308
7.53975e-05
-1.32902e-05
-1.00724e-05
-3.99325e-06
-6.76118e-07
1.14837e-09
1.61968e-10
4.34306e-11
2.19388e-11
7.32281e-12
8.01617e-13
6.36614e-15
-1.44158e-16
-1.08346e-16
-7.73191e-17
-4.79286e-17
-2.61898e-17
-1.29419e-17
-5.88841e-18
-2.49535e-18
-9.92545e-19
-3.72623e-19
-1.32608e-19
-4.48934e-20
-1.45016e-20
-4.48131e-21
-1.3279e-21
-3.78102e-22
-0.00138366
-0.00138157
-0.00132232
-0.00132784
-0.00157691
-0.00167406
-0.00121549
-0.000861404
-0.00117641
-0.00112591
0.000398102
0.00168232
0.00021049
-0.00314628
-0.00400698
-0.000345594
0.00578562
0.00959959
0.00934319
0.00651842
0.00318357
0.000934187
6.04594e-05
-1.49001e-05
-1.09978e-05
-4.13285e-06
-5.62273e-07
1.58571e-10
1.25186e-10
4.4869e-11
1.66686e-11
7.32108e-12
1.74787e-12
3.83234e-14
-1.86007e-16
-1.4085e-16
-9.05684e-17
-5.20376e-17
-2.7266e-17
-1.31872e-17
-5.93663e-18
-2.50321e-18
-9.93545e-19
-3.72751e-19
-1.32663e-19
-4.49311e-20
-1.45219e-20
-4.49026e-21
-1.3313e-21
-3.79261e-22
-0.0013855
-0.00138366
-0.00132495
-0.00132913
-0.00157523
-0.00167564
-0.00122513
-0.000869528
-0.0011691
-0.00111337
0.000386605
0.00163467
0.000172739
-0.00312189
-0.00391537
-0.000214809
0.00592477
0.0097174
0.00944993
0.00660674
0.00324327
0.000964903
6.77289e-05
-1.43378e-05
-1.07186e-05
-4.10489e-06
-6.02485e-07
-2.43534e-11
1.2576e-11
2.1492e-11
1.66475e-11
7.95657e-12
2.00335e-12
7.33843e-14
-1.7403e-16
-1.36424e-16
-8.94817e-17
-5.18353e-17
-2.72438e-17
-1.31905e-17
-5.93989e-18
-2.50461e-18
-9.94029e-19
-3.72903e-19
-1.3271e-19
-4.49457e-20
-1.45266e-20
-4.49178e-21
-1.33179e-21
-3.79415e-22
)
;

boundaryField
{
    movingWall
    {
        type            zeroGradient;
    }
    fixedWalls
    {
        type            zeroGradient;
    }
    frontAndBack
    {
        type            empty;
    }
}

