/*--------------------------------*- C++ -*----------------------------------*\
| =========                 |                                                 |
| \\      /  F ield         | OpenFOAM: The Open Source CFD Toolbox           |
|  \\    /   O peration     | Version:  v2006                                 |
|   \\  /    A nd           | Website:  www.openfoam.com                      |
|    \\/     M anipulation  |                                                 |
\*---------------------------------------------------------------------------*/
FoamFile
{
    version     2.0;
    format      ascii;
    class       volScalarField;
    location    "0";
    object      f;
}
// * * * * * * * * * * * * * * * * * * * * * * * * * * * * * * * * * * * * * //

dimensions      [0 0 0 0 0 0 0];


internalField   nonuniform List<scalar> 
2500
(
-9.82367e-32
-9.79657e-32
-9.22215e-32
-6.96983e-32
-3.0747e-32
4.54324e-33
1.98416e-32
2.60368e-32
5.41344e-32
1.22615e-31
2.12382e-31
2.80127e-31
2.95676e-31
2.61428e-31
2.01026e-31
1.38525e-31
8.74856e-32
5.13996e-32
2.83247e-32
1.46902e-32
7.1764e-33
3.30246e-33
1.43212e-33
5.85841e-34
2.26445e-34
8.28819e-35
2.87953e-35
9.52038e-36
3.00307e-36
9.06008e-37
2.62047e-37
7.28234e-38
1.94851e-38
5.02923e-39
1.25437e-39
3.02809e-40
7.08533e-41
1.60906e-41
3.55073e-42
7.62195e-43
1.59307e-43
3.24487e-44
6.44608e-45
1.24978e-45
2.36637e-46
4.37819e-47
7.91943e-48
1.40116e-48
2.42584e-49
4.11149e-50
-6.10251e-31
-6.12629e-31
-5.85274e-31
-4.41773e-31
-1.74135e-31
7.19189e-32
1.61388e-31
1.51149e-31
2.56818e-31
6.29488e-31
1.16777e-30
1.59207e-30
1.69811e-30
1.49607e-30
1.13679e-30
7.71216e-31
4.79717e-31
2.78561e-31
1.52468e-31
7.89164e-32
3.8614e-32
1.78378e-32
7.77336e-33
3.19627e-33
1.24157e-33
4.56487e-34
1.59236e-34
5.2836e-35
1.67197e-35
5.05887e-36
1.46712e-36
4.08758e-37
1.09642e-37
2.83695e-38
7.09358e-39
1.71682e-39
4.02777e-40
9.17195e-41
2.0297e-41
4.36956e-42
9.15989e-43
1.87137e-43
3.72883e-44
7.25148e-45
1.37716e-45
2.55558e-46
4.6361e-47
8.22575e-48
1.42804e-48
2.42672e-49
-3.66946e-30
-3.71174e-30
-3.60557e-30
-2.71385e-30
-9.09748e-31
7.86193e-31
1.32625e-30
9.76663e-31
1.19192e-30
3.12786e-30
6.28355e-30
8.88714e-30
9.58031e-30
8.39509e-30
6.28182e-30
4.17637e-30
2.54604e-30
1.45523e-30
7.89212e-31
4.07431e-31
1.99841e-31
9.28189e-32
4.07216e-32
1.68603e-32
6.59206e-33
2.43791e-33
8.54798e-34
2.84905e-34
9.05139e-35
2.74837e-35
7.99637e-36
2.23466e-36
6.01168e-37
1.56e-37
3.91196e-38
9.49577e-39
2.23448e-39
5.10403e-40
1.13306e-40
2.44713e-41
5.14671e-42
1.05494e-42
2.109e-43
4.11486e-44
7.84007e-45
1.45949e-45
2.65587e-46
4.72634e-47
8.22877e-48
1.40217e-48
-2.1322e-29
-2.17542e-29
-2.15408e-29
-1.61511e-29
-4.24935e-30
7.25978e-30
1.06471e-29
6.92149e-30
5.59802e-30
1.50694e-29
3.31288e-29
4.87722e-29
5.31372e-29
4.62181e-29
3.39215e-29
2.19736e-29
1.30421e-29
7.29487e-30
3.90632e-30
2.00992e-30
9.8959e-31
4.63263e-31
2.05174e-31
8.57574e-32
3.38218e-32
1.26038e-32
4.44834e-33
1.49101e-33
4.76005e-34
1.45156e-34
4.23973e-35
1.1891e-35
3.2099e-36
8.35743e-37
2.10276e-37
5.1213e-38
1.20922e-38
2.77168e-39
6.17463e-40
1.33832e-40
2.82482e-41
5.81101e-42
1.16587e-42
2.28277e-43
4.36446e-44
8.15219e-45
1.48831e-45
2.65686e-46
4.63952e-47
7.92804e-48
-1.19509e-28
-1.23132e-28
-1.24699e-28
-9.31407e-29
-1.64908e-29
6.01343e-29
8.21441e-29
5.13528e-29
2.80815e-29
7.06358e-29
1.71329e-28
2.63318e-28
2.89911e-28
2.49755e-28
1.78991e-28
1.12166e-28
6.42327e-29
3.48581e-29
1.83324e-29
9.39192e-30
4.65281e-30
2.20416e-30
9.89636e-31
4.1914e-31
1.67256e-31
6.29565e-32
2.24074e-32
7.56388e-33
2.42931e-33
7.44674e-34
2.18513e-34
6.15457e-35
1.66803e-35
4.35974e-36
1.1011e-36
2.69196e-37
6.38048e-38
1.46815e-38
3.28345e-39
7.14467e-40
1.51396e-40
3.12658e-41
6.29711e-42
1.23763e-42
2.37496e-43
4.45186e-44
8.15531e-45
1.46059e-45
2.55841e-46
4.38455e-47
-6.44929e-28
-6.71893e-28
-6.99077e-28
-5.21119e-28
-4.0421e-29
4.58563e-28
6.05057e-28
3.81449e-28
1.57905e-28
3.23811e-28
8.69481e-28
1.39867e-27
1.55612e-27
1.32507e-27
9.22746e-28
5.54447e-28
3.02461e-28
1.57132e-28
8.04451e-29
4.0978e-29
2.05188e-29
9.90507e-30
4.53965e-30
1.95947e-30
7.94673e-31
3.03139e-31
1.09073e-31
3.71478e-32
1.20193e-32
3.70758e-33
1.09393e-33
3.09645e-34
8.43095e-35
2.21336e-35
5.6143e-36
1.37846e-36
3.28123e-37
7.58253e-38
1.7031e-38
3.72182e-39
7.92026e-40
1.64256e-40
3.32187e-41
6.55505e-42
1.26277e-42
2.37589e-43
4.36782e-44
7.84896e-45
1.3792e-45
2.37065e-46
-3.34498e-27
-3.52849e-27
-3.79484e-27
-2.8366e-27
9.16137e-29
3.26206e-27
4.24603e-27
2.75825e-27
9.94074e-28
1.46045e-27
4.32561e-27
7.303e-27
8.21348e-27
6.90117e-27
4.64578e-27
2.64714e-27
1.35011e-27
6.56237e-28
3.21643e-28
1.62543e-28
8.30491e-29
4.14046e-29
1.96081e-29
8.70662e-30
3.61277e-30
1.40322e-30
5.12097e-31
1.7638e-31
5.75897e-32
1.78994e-32
5.31564e-33
1.51335e-33
4.14249e-34
1.09301e-34
2.78601e-35
6.87327e-36
1.64388e-36
3.81682e-37
8.61335e-38
1.8911e-38
4.04293e-39
8.42237e-40
1.71081e-40
3.39028e-41
6.55766e-42
1.23861e-42
2.28542e-43
4.12107e-44
7.26486e-45
1.25247e-45
-1.66545e-26
-1.78091e-26
-1.99586e-26
-1.50948e-26
2.1881e-27
2.18034e-26
2.83799e-26
1.91461e-26
6.65888e-27
6.50465e-27
2.1022e-26
3.7403e-26
4.25764e-26
3.52603e-26
2.28261e-26
1.21623e-26
5.63156e-27
2.44875e-27
1.10544e-27
5.51645e-28
2.94745e-28
1.56463e-28
7.84396e-29
3.64253e-29
1.56303e-29
6.22397e-30
2.31415e-30
8.08488e-31
2.66945e-31
8.37243e-32
2.50544e-32
7.18076e-33
1.97755e-33
5.24758e-34
1.3449e-34
3.33568e-35
8.01992e-36
1.87178e-36
4.24572e-37
9.36879e-38
2.01284e-38
4.2134e-39
8.59832e-40
1.71151e-40
3.32453e-41
6.30455e-42
1.16767e-42
2.11296e-43
3.73702e-44
6.46214e-45
-7.96449e-26
-8.63653e-26
-1.01881e-25
-7.90957e-26
1.94924e-26
1.3746e-25
1.80713e-25
1.26818e-25
4.48529e-26
2.84846e-26
9.90738e-26
1.87209e-25
2.16284e-25
1.7651e-25
1.0931e-25
5.34809e-26
2.13631e-26
7.433e-27
2.69426e-27
1.30517e-27
8.05048e-28
5.00411e-28
2.81632e-28
1.41321e-28
6.38624e-29
2.63448e-29
1.00421e-29
3.57257e-30
1.19587e-30
3.79148e-31
1.14474e-31
3.30613e-32
9.16768e-33
2.44827e-33
6.31285e-34
1.57498e-34
3.80853e-35
8.93916e-36
2.03891e-36
4.52357e-37
9.76992e-38
2.05551e-38
4.21516e-39
8.42929e-40
1.64454e-40
3.1315e-41
5.82215e-42
1.0573e-42
1.87611e-43
3.25398e-44
-3.67625e-25
-4.03431e-25
-5.06526e-25
-4.11802e-25
1.3034e-25
8.18869e-25
1.09653e-24
7.99809e-25
2.92905e-25
1.20037e-25
4.46801e-25
9.10658e-25
1.07336e-24
8.64046e-25
5.09246e-25
2.23168e-25
6.92242e-26
1.17026e-26
-1.14038e-27
-8.61752e-28
6.43513e-28
1.07262e-27
8.42173e-28
4.9454e-28
2.43611e-28
1.05868e-28
4.17398e-29
1.51974e-29
5.17321e-30
1.66128e-30
5.06762e-31
1.47636e-31
4.12543e-32
1.10953e-32
2.88009e-33
7.23182e-34
1.75973e-34
4.15561e-35
9.53494e-36
2.12768e-36
4.62097e-37
9.7741e-38
2.01453e-38
4.04792e-39
7.93298e-40
1.51692e-40
2.83126e-41
5.15997e-42
9.18602e-43
1.59801e-43
-1.66214e-24
-1.83142e-24
-2.4673e-24
-2.14938e-24
7.17028e-25
4.61047e-24
6.34029e-24
4.80006e-24
1.82127e-24
4.6016e-25
1.88236e-24
4.27154e-24
5.1831e-24
4.12566e-24
2.30217e-24
8.71244e-25
1.5418e-25
-6.54848e-26
-7.47147e-26
-3.85675e-26
-1.23473e-26
-1.23146e-27
1.57159e-27
1.4668e-27
8.51329e-28
4.01179e-28
1.65731e-28
6.21626e-29
2.15964e-29
7.03994e-30
2.1728e-30
6.39185e-31
1.80133e-31
4.88227e-32
1.27658e-32
3.22784e-33
7.90745e-34
1.87958e-34
4.34004e-35
9.74385e-36
2.12861e-36
4.52745e-37
9.38061e-38
1.8942e-38
3.72924e-39
7.16126e-40
1.34183e-40
2.45422e-41
4.3833e-42
7.64764e-43
-7.60778e-24
-8.25471e-24
-1.18801e-23
-1.13101e-23
3.22128e-24
2.45081e-23
3.4924e-23
2.74125e-23
1.07015e-23
1.36345e-24
7.0572e-24
1.91078e-23
2.42358e-23
1.91596e-23
1.00674e-23
3.09945e-24
-1.35239e-25
-8.7971e-25
-6.68595e-25
-3.35586e-25
-1.25938e-25
-3.348e-26
-3.25788e-27
2.99303e-27
2.62882e-27
1.42046e-27
6.2698e-28
2.44308e-28
8.69863e-29
2.88491e-29
9.02139e-30
2.68234e-30
7.62926e-31
2.08515e-31
5.49481e-32
1.39976e-32
3.45381e-33
8.26677e-34
1.92163e-34
4.34198e-35
9.54333e-36
2.04154e-36
4.25284e-37
8.63088e-38
1.70713e-38
3.2922e-39
6.19279e-40
1.13668e-40
2.03663e-41
3.56355e-42
-3.72181e-23
-3.84408e-23
-5.72082e-23
-5.99582e-23
1.04773e-23
1.2271e-22
1.83148e-22
1.48987e-22
5.92731e-23
6.0838e-25
2.06266e-23
8.01762e-23
1.09119e-22
8.62887e-23
4.24353e-23
9.47553e-24
-4.60098e-24
-6.60372e-24
-4.44839e-24
-2.19123e-24
-8.57291e-25
-2.65458e-25
-5.74822e-26
-1.81581e-27
6.5673e-27
4.6381e-27
2.25524e-27
9.22621e-28
3.38164e-28
1.14349e-28
3.62724e-29
1.09088e-29
3.13327e-30
8.63953e-31
2.29559e-31
5.8941e-32
1.46539e-32
3.53314e-33
8.27057e-34
1.88128e-34
4.1611e-35
8.95447e-36
1.87567e-36
3.82602e-37
7.60311e-38
1.47253e-38
2.78064e-39
5.12165e-40
9.20538e-41
1.6152e-41
-2.04768e-22
-1.94434e-22
-2.78934e-22
-3.17754e-22
7.75288e-24
5.76431e-22
9.13623e-22
7.70802e-22
3.09562e-22
-3.54258e-23
1.85246e-23
3.0684e-22
4.70025e-22
3.76005e-22
1.71848e-22
2.05887e-23
-3.82705e-23
-4.05167e-23
-2.55599e-23
-1.2366e-23
-4.89657e-24
-1.60168e-24
-4.12651e-25
-6.49686e-26
9.08406e-27
1.36901e-26
7.70875e-27
3.35285e-27
1.27035e-27
4.38688e-28
1.41259e-28
4.29891e-29
1.2473e-29
3.47086e-30
9.30191e-31
2.40805e-31
6.03448e-32
1.46608e-32
3.457e-33
7.91815e-34
1.76282e-34
3.81661e-35
8.03963e-36
1.64842e-36
3.29118e-37
6.40139e-38
1.21344e-38
2.24271e-39
4.04325e-40
7.11358e-41
-1.26621e-21
-1.09519e-21
-1.38869e-21
-1.66192e-21
-2.31615e-22
2.5248e-21
4.33079e-21
3.79807e-21
1.52867e-21
-3.92095e-22
-3.5642e-22
1.0099e-21
1.9228e-21
1.58426e-21
6.67536e-22
-6.26523e-24
-2.41916e-22
-2.20925e-22
-1.32973e-22
-6.30995e-23
-2.49546e-23
-8.33888e-24
-2.30092e-24
-4.68276e-25
-2.81283e-26
3.53401e-26
2.51158e-26
1.17666e-26
4.6216e-27
1.63068e-27
5.32995e-28
1.64118e-28
4.81001e-29
1.3509e-29
3.6523e-30
9.53538e-31
2.40921e-31
5.89969e-32
1.4017e-32
3.23363e-33
7.2475e-34
1.57893e-34
3.34506e-35
6.89445e-36
1.38304e-36
2.70147e-37
5.14032e-38
9.53253e-39
1.72369e-39
3.04057e-40
-8.31431e-21
-6.67192e-21
-7.0507e-21
-8.4499e-21
-2.49007e-21
1.02121e-20
1.94845e-20
1.78448e-20
7.18137e-21
-3.00474e-21
-3.9418e-21
2.38082e-21
7.40883e-21
6.47281e-21
2.49529e-21
-4.2799e-22
-1.32958e-21
-1.10489e-21
-6.38977e-22
-2.96647e-22
-1.16205e-22
-3.90066e-23
-1.10794e-23
-2.48785e-24
-3.14279e-25
7.50081e-26
7.8801e-26
4.01334e-26
1.63354e-26
5.88093e-27
1.94881e-27
6.0664e-28
1.7951e-28
5.08736e-29
1.38758e-29
3.65411e-30
9.31094e-31
2.29885e-31
5.50491e-32
1.27941e-32
2.88747e-33
6.33095e-34
1.34912e-34
2.7954e-35
5.63437e-36
1.10523e-36
2.11096e-37
3.92771e-38
7.12289e-39
1.25966e-39
-5.42473e-20
-4.13155e-20
-3.5994e-20
-4.1117e-20
-1.76472e-20
3.75423e-20
8.30732e-20
8.01231e-20
3.24374e-20
-1.91204e-20
-2.88625e-20
-4.06534e-22
2.66529e-20
2.58865e-20
9.10494e-21
-3.34243e-21
-6.64318e-21
-5.14286e-21
-2.8625e-21
-1.29551e-21
-4.99317e-22
-1.66517e-22
-4.76707e-23
-1.11479e-23
-1.72351e-24
1.14306e-25
2.43466e-25
1.34291e-25
5.63125e-26
2.06008e-26
6.90247e-27
2.16845e-27
6.47211e-28
1.84999e-28
5.08992e-29
1.35224e-29
3.47591e-30
8.65581e-31
2.08989e-31
4.89507e-32
1.11278e-32
2.45609e-33
5.26555e-34
1.09697e-34
2.22175e-35
4.37686e-36
8.39123e-37
1.56645e-37
2.84892e-38
5.05076e-39
-3.35509e-19
-2.45527e-19
-1.80076e-19
-1.88317e-19
-1.01562e-19
1.21958e-19
3.34628e-19
3.45041e-19
1.42995e-19
-1.05442e-19
-1.76348e-19
-5.24258e-20
8.88364e-20
1.03335e-19
3.3564e-20
-1.91526e-20
-3.07965e-20
-2.2447e-20
-1.20033e-20
-5.27023e-21
-1.98544e-21
-6.51882e-22
-1.85352e-22
-4.37288e-23
-7.21674e-24
9.30702e-26
7.67782e-25
4.45657e-25
1.89985e-25
7.01082e-26
2.36467e-26
7.47726e-27
2.24761e-27
6.47539e-28
1.79692e-28
4.81716e-29
1.24971e-29
3.14058e-30
7.64977e-31
1.80673e-31
4.1389e-32
9.19966e-33
1.98482e-33
4.15837e-34
8.46434e-35
1.67481e-35
3.22322e-36
6.03702e-37
1.1011e-37
1.9569e-38
-1.91069e-18
-1.34365e-18
-8.54094e-19
-7.95785e-19
-4.99665e-19
3.30165e-19
1.26365e-18
1.43205e-18
6.24646e-19
-5.04987e-19
-9.5546e-19
-4.35962e-19
2.73661e-19
4.24257e-19
1.32229e-19
-9.39842e-20
-1.34066e-19
-9.2255e-20
-4.71569e-20
-1.99537e-20
-7.29279e-21
-2.33596e-21
-6.50976e-22
-1.51106e-22
-2.46219e-23
3.04249e-25
2.56347e-24
1.47933e-24
6.28116e-25
2.31361e-25
7.80752e-26
2.47596e-26
7.481e-27
2.17065e-27
6.07556e-28
1.64442e-28
4.30922e-29
1.0939e-29
2.69061e-30
6.41326e-31
1.48163e-31
3.31852e-32
7.2087e-33
1.51942e-33
3.10913e-34
6.1802e-35
1.19412e-35
2.24417e-36
4.10508e-37
7.31362e-38
-9.82745e-18
-6.5778e-18
-3.69761e-18
-3.01937e-18
-2.11891e-18
6.24495e-19
4.38659e-18
5.75845e-18
2.72545e-18
-2.0453e-18
-4.69936e-18
-2.6115e-18
7.82347e-19
1.84585e-18
5.84105e-19
-4.18195e-19
-5.53574e-19
-3.57896e-19
-1.73299e-19
-7.0018e-20
-2.45934e-20
-7.6011e-21
-2.04386e-21
-4.5332e-22
-6.65962e-23
4.75014e-24
9.15056e-24
4.91651e-24
2.02895e-24
7.36363e-25
2.4671e-25
7.81115e-26
2.36699e-26
6.91286e-27
1.95273e-27
5.3431e-28
1.41663e-28
3.63882e-29
9.05264e-30
2.18079e-30
5.08712e-31
1.14929e-31
2.51564e-32
5.33766e-33
1.09851e-33
2.19436e-34
4.25773e-35
8.0304e-36
1.47337e-36
2.63161e-37
-4.50235e-17
-2.84048e-17
-1.40195e-17
-9.87412e-18
-7.57931e-18
-6.33833e-20
1.33811e-17
2.25022e-17
1.18479e-17
-6.53484e-18
-2.11957e-17
-1.32293e-17
2.01965e-18
8.59949e-18
2.86386e-18
-1.76963e-18
-2.19391e-18
-1.31212e-18
-5.9299e-19
-2.25793e-19
-7.52401e-20
-2.20921e-20
-5.59567e-21
-1.12623e-21
-1.18064e-22
3.8841e-23
3.39064e-23
1.61978e-23
6.34449e-24
2.23564e-24
7.36638e-25
2.31564e-25
7.02092e-26
2.06422e-26
5.89583e-27
1.63554e-27
4.40157e-28
1.14764e-28
2.89601e-29
7.0681e-30
1.6681e-30
3.80732e-31
8.40779e-32
1.79754e-32
3.72336e-33
7.47841e-34
1.45772e-34
2.75998e-35
5.08013e-36
9.09794e-37
-1.82078e-16
-1.13859e-16
-4.47983e-17
-2.60452e-17
-2.12159e-17
-9.11227e-18
3.25091e-17
8.45961e-17
5.14491e-17
-1.37008e-17
-8.7719e-17
-6.0795e-17
3.5522e-18
4.25145e-17
1.46061e-17
-7.64845e-18
-8.48387e-18
-4.53977e-18
-1.87023e-18
-6.58628e-19
-2.04258e-19
-5.54922e-20
-1.25985e-20
-1.98422e-21
5.54204e-23
2.21944e-22
1.24271e-22
5.18461e-23
1.88726e-23
6.34559e-24
2.0302e-24
6.28889e-25
1.9035e-25
5.64578e-26
1.63868e-26
4.63819e-27
1.27532e-27
3.39559e-28
8.73568e-29
2.169e-29
5.19579e-30
1.20109e-30
2.68107e-31
5.78386e-32
1.20709e-32
2.43963e-33
4.78008e-34
9.08908e-35
1.67886e-35
3.01532e-36
-6.22663e-16
-6.46271e-16
-1.22323e-16
-4.94535e-17
-4.30914e-17
-8.97179e-17
5.0381e-17
3.8765e-16
2.4055e-16
-6.93027e-18
-4.63094e-16
-2.86405e-16
-3.99716e-18
2.38468e-16
7.24403e-17
-3.7149e-17
-3.26681e-17
-1.46706e-17
-5.31223e-18
-1.6838e-18
-4.70457e-19
-1.11492e-19
-1.92915e-20
-3.73772e-22
1.66777e-21
1.01183e-21
4.31484e-22
1.56775e-22
5.18362e-23
1.61986e-23
4.91985e-24
1.48166e-24
4.46791e-25
1.34748e-25
4.02957e-26
1.1819e-26
3.36851e-27
9.27012e-28
2.45471e-28
6.24556e-29
1.52679e-29
3.58884e-30
8.121e-31
1.77152e-31
3.73074e-32
7.59579e-33
1.49719e-33
2.86067e-34
5.30479e-35
9.558e-36
-1.34772e-15
-5.34493e-15
-1.12538e-15
-1.13675e-16
-7.7708e-15
-3.66893e-15
2.47474e-16
8.15945e-15
1.19191e-15
-2.67218e-15
-8.94184e-15
-1.34754e-15
2.23392e-15
2.20024e-15
3.03085e-16
-2.36625e-16
-1.27176e-16
-4.23553e-17
-1.28057e-17
-3.50982e-18
-8.19899e-19
-1.34548e-19
3.61789e-21
1.61193e-20
9.28338e-21
3.88614e-21
1.37327e-21
4.31187e-22
1.24152e-22
3.38845e-23
9.15441e-24
2.569e-24
7.70856e-25
2.44765e-25
7.9272e-26
2.52693e-26
7.75487e-27
2.26819e-27
6.30412e-28
1.66596e-28
4.19476e-29
1.009e-29
2.32476e-30
5.14364e-31
1.0954e-31
2.25008e-32
4.46639e-33
8.58185e-34
1.59854e-34
2.89048e-35
-6.21976e-16
-9.79877e-15
-2.13958e-13
-1.68135e-13
-9.62168e-14
-2.98747e-14
3.47829e-13
5.74186e-14
-2.15622e-13
-3.80106e-13
-5.63808e-14
9.18688e-14
8.98778e-14
1.21938e-14
-2.97459e-15
-2.99046e-15
-4.48464e-16
-8.91807e-17
-2.17648e-17
-4.78236e-18
-6.12474e-19
1.56389e-19
1.69512e-19
8.93787e-20
3.68213e-20
1.28586e-20
3.88186e-21
1.00963e-21
2.2121e-22
3.86714e-23
4.73373e-24
3.13327e-25
1.0026e-25
1.17646e-25
7.62668e-26
3.57582e-26
1.38169e-26
4.67387e-27
1.42996e-27
4.03574e-28
1.06444e-28
2.64774e-29
6.25335e-30
1.40949e-30
3.04431e-31
6.32141e-32
1.26536e-32
2.44725e-33
4.58186e-34
8.31828e-35
1.18409e-11
1.21953e-12
-1.57992e-12
-4.38557e-12
4.82519e-13
1.12811e-11
2.25457e-12
-1.13202e-11
-1.32717e-11
-2.11607e-12
4.74291e-12
3.45356e-12
4.55832e-13
-1.6858e-13
-1.42735e-13
-1.80829e-14
2.78579e-17
-1.88855e-17
-8.02088e-18
5.05419e-19
2.35033e-18
1.63205e-18
8.06739e-19
3.34119e-19
1.19768e-19
3.6775e-20
9.25647e-21
1.65715e-21
5.21181e-23
-1.18874e-22
-6.67299e-23
-2.46193e-23
-7.20256e-24
-1.71573e-24
-3.11173e-25
-2.70694e-26
9.40945e-27
6.65976e-27
2.65348e-27
8.57555e-28
2.45109e-28
6.42076e-29
1.57067e-29
3.62907e-30
7.98031e-31
1.67925e-31
3.39509e-32
6.61626e-33
1.24597e-33
2.27224e-34
1.25178e-10
3.04089e-11
-1.68555e-12
-1.99801e-11
2.64899e-10
6.71068e-11
-3.69591e-10
-3.6378e-10
-6.56983e-11
1.86703e-10
1.18776e-10
1.58207e-11
-6.61461e-12
-5.13343e-12
-6.93303e-13
1.25899e-14
2.2417e-15
2.01187e-16
3.73749e-17
1.80688e-17
1.2685e-17
6.45136e-18
2.72435e-18
1.02055e-18
3.337e-19
8.91161e-20
1.60055e-20
-4.13893e-22
-1.99619e-21
-1.12922e-21
-4.5389e-22
-1.51155e-22
-4.37061e-23
-1.11313e-23
-2.48073e-24
-4.65775e-25
-6.41883e-26
-1.59229e-27
3.05289e-27
1.48195e-27
4.9819e-28
1.42162e-28
3.66115e-29
8.74634e-30
1.96765e-30
4.20768e-31
8.60716e-32
1.69192e-32
3.20697e-33
5.87734e-34
2.42904e-10
7.70939e-10
3.69563e-09
5.80916e-09
1.42825e-09
-5.99299e-09
-7.06417e-09
-1.61292e-09
5.64457e-09
3.45009e-09
4.89925e-10
-2.89198e-10
-1.78059e-10
-2.28835e-11
3.99319e-13
8.70758e-14
3.14373e-15
-7.58193e-17
2.07807e-18
3.42368e-17
4.31714e-17
2.06207e-17
7.86583e-18
2.72098e-18
8.0453e-19
1.68502e-19
3.23524e-21
-1.94171e-20
-1.26346e-20
-5.60463e-21
-2.04566e-21
-6.51199e-22
-1.85324e-22
-4.76376e-23
-1.1064e-23
-2.29538e-24
-4.10899e-25
-5.6977e-26
-3.12211e-27
1.60602e-27
8.50477e-28
2.83547e-28
7.88635e-29
1.96984e-29
4.55825e-30
9.93339e-31
2.05888e-31
4.08553e-32
7.79765e-33
1.43641e-33
-1.44993e-09
1.05639e-08
2.47333e-08
3.32581e-08
-3.79587e-08
-8.35104e-08
-2.74957e-08
1.11532e-07
7.31402e-08
1.25951e-08
-1.33764e-08
-7.07764e-09
-7.96548e-10
9.30023e-12
2.27133e-12
9.74592e-14
-3.66934e-15
-1.20169e-15
-1.85063e-16
3.90966e-17
1.84249e-16
6.5356e-17
2.05958e-17
6.43455e-18
1.62412e-18
1.53282e-19
-1.35619e-19
-1.11823e-19
-5.55837e-20
-2.21143e-20
-7.60559e-21
-2.33657e-21
-6.51847e-22
-1.66452e-22
-3.89749e-23
-8.32727e-24
-1.59799e-24
-2.64391e-25
-3.31927e-26
-1.15857e-27
1.0902e-27
5.04465e-28
1.57361e-28
4.15958e-29
9.9444e-30
2.21198e-30
4.64772e-31
9.31011e-32
1.78891e-32
3.31152e-33
-1.81483e-08
2.4162e-08
4.42434e-08
2.47602e-08
-6.85699e-07
-3.01503e-07
1.17789e-06
7.44927e-07
2.19041e-07
-5.4141e-07
-2.56386e-07
-2.9063e-08
1.6319e-10
4.18135e-11
2.43833e-12
-5.73356e-14
-3.62007e-14
-4.66049e-15
-4.8795e-16
5.38833e-15
1.33957e-15
1.84085e-16
4.3055e-17
1.26283e-17
2.32771e-18
-6.20399e-19
-8.22411e-19
-4.71185e-19
-2.04449e-19
-7.52847e-20
-2.46021e-20
-7.29388e-21
-1.98534e-21
-4.99179e-22
-1.1614e-22
-2.49314e-23
-4.88925e-24
-8.55182e-25
-1.25372e-25
-1.2204e-26
6.78033e-28
8.12999e-28
2.96503e-28
8.34235e-29
2.05958e-29
4.66812e-30
9.9254e-31
2.00393e-31
3.87142e-32
7.19409e-33
-2.31715e-06
-1.04898e-06
-2.15786e-06
-6.50701e-06
-2.60175e-06
6.77608e-06
9.69925e-06
1.25231e-06
-9.89327e-06
-5.83372e-06
-9.92582e-07
2.01721e-09
4.64564e-10
3.07712e-11
6.25278e-14
-1.03961e-13
-1.0966e-13
9.04677e-13
6.97343e-13
1.644e-13
5.38846e-15
3.84218e-17
3.38799e-17
1.79192e-17
4.52638e-19
-4.79904e-18
-3.51465e-18
-1.68509e-18
-6.58943e-19
-2.25861e-19
-7.00296e-20
-1.99546e-20
-5.26979e-21
-1.29521e-21
-2.96519e-22
-6.30552e-23
-1.23523e-23
-2.18734e-24
-3.34551e-25
-3.83065e-26
-7.99088e-28
1.31957e-27
5.54824e-28
1.63219e-28
4.11168e-29
9.41949e-30
2.01523e-30
4.08423e-31
7.90964e-32
1.4722e-32
-1.58186e-05
-2.41868e-05
-3.4818e-05
-3.32491e-05
4.56992e-06
4.43319e-05
2.67569e-05
-8.51362e-05
-6.4332e-05
-1.51003e-05
-9.22212e-07
5.38973e-11
5.3453e-11
2.19563e-11
2.09891e-11
5.34814e-12
1.31029e-11
9.98365e-12
4.77943e-12
6.97371e-13
-4.90647e-16
-1.87225e-16
1.16704e-18
3.70608e-17
-8.11826e-18
-2.17923e-17
-1.28128e-17
-5.31391e-18
-1.87058e-18
-5.93053e-19
-1.73304e-19
-4.7155e-20
-1.20018e-20
-2.86182e-21
-6.3873e-22
-1.32893e-22
-2.5536e-23
-4.44172e-24
-6.66838e-25
-7.42753e-26
-1.03543e-27
2.71829e-27
1.11073e-27
3.22764e-28
8.06748e-29
1.8378e-29
3.91507e-30
7.90845e-31
1.52764e-31
2.83769e-32
-3.46903e-05
-9.01262e-05
-0.000123752
-6.65824e-05
0.000120151
0.000105122
-0.000519989
-0.000456571
-0.000150824
0.000692149
0.00135099
0.00108707
0.000352443
3.48273e-06
2.45238e-09
8.10747e-10
1.09966e-10
3.00419e-11
9.98413e-12
9.04732e-13
-4.67889e-15
-1.20901e-15
-7.75191e-17
2.00759e-16
-1.90045e-17
-8.92094e-17
-4.23616e-17
-1.46717e-17
-4.53991e-18
-1.31211e-18
-3.57878e-19
-9.22457e-20
-2.24433e-20
-5.14152e-21
-1.10446e-21
-2.2079e-22
-4.04777e-23
-6.59306e-24
-8.7694e-25
-6.47986e-26
1.18653e-26
7.47001e-27
2.45685e-27
6.57948e-28
1.57481e-28
3.4927e-29
7.30808e-30
1.45768e-30
2.79005e-31
5.14777e-32
-2.77536e-05
-0.000140236
-0.000218245
0.00064796
0.000591933
-0.00168807
-0.00343913
-0.00111034
0.0108424
0.0312931
0.0481177
0.0492815
0.0373369
0.0198416
0.00662664
0.000838707
2.12401e-10
1.09978e-10
1.31044e-11
-1.09832e-13
-3.62976e-14
-3.68545e-15
3.14493e-15
2.24224e-15
2.78799e-17
-4.48451e-16
-1.27175e-16
-3.26677e-17
-8.48361e-18
-2.19379e-18
-5.53522e-19
-1.34047e-19
-3.07897e-20
-6.64093e-21
-1.32887e-21
-2.41706e-22
-3.82108e-23
-4.5849e-24
-1.31109e-25
1.55193e-25
6.9462e-26
2.14167e-26
5.64319e-27
1.35255e-27
3.02954e-28
6.43292e-29
1.30605e-29
2.54943e-30
4.80326e-31
8.75923e-32
0.000812191
0.00023666
0.00103677
0.00398414
0.00150732
-0.00885907
-0.0118323
0.00969757
0.0634367
0.138949
0.203905
0.218674
0.183692
0.116942
0.053226
0.0144132
0.000838709
8.1086e-10
5.34772e-12
-1.0428e-13
-5.75021e-14
9.74617e-14
8.70873e-14
1.25927e-14
-1.8081e-14
-2.9903e-15
-2.36631e-16
-3.71501e-17
-7.64852e-18
-1.76955e-18
-4.18141e-19
-9.39597e-20
-1.91432e-20
-3.33916e-21
-4.26934e-22
-5.94711e-24
2.06789e-23
9.49971e-24
3.1056e-24
8.72732e-25
2.23512e-25
5.35573e-26
1.21786e-26
2.6505e-27
5.55115e-28
1.12295e-28
2.19978e-29
4.18076e-30
7.71995e-31
1.3866e-31
0.00398542
0.00327511
0.00621249
0.0117992
0.00212819
-0.0240442
-0.024268
0.0407178
0.170573
0.333448
0.475128
0.522426
0.461028
0.316562
0.160689
0.053226
0.00662666
2.45268e-09
2.09874e-11
6.24224e-14
2.43816e-12
2.27127e-12
3.99334e-13
-6.93217e-13
-1.42721e-13
-2.97508e-15
3.03051e-16
7.24306e-17
1.46042e-17
2.86361e-18
5.84116e-19
1.32255e-19
3.35772e-20
9.11007e-21
2.49703e-21
6.68067e-22
1.71998e-22
4.24751e-23
1.00773e-23
2.30453e-24
5.09778e-25
1.09425e-25
2.285e-26
4.65057e-27
9.23674e-28
1.79165e-28
3.39533e-29
6.28745e-30
1.13776e-30
2.0119e-31
0.00897
0.00859017
0.0147265
0.0224448
0.00165931
-0.043786
-0.0364221
0.0891223
0.309629
0.560376
0.778286
0.872097
0.800349
0.580748
0.316562
0.116942
0.0198416
3.48285e-06
2.19508e-11
3.07681e-11
4.18114e-11
9.29984e-12
-2.2881e-11
-5.13293e-12
-1.68572e-13
1.21931e-14
2.20005e-15
2.38451e-16
4.25124e-17
8.59941e-18
1.84597e-18
4.24328e-19
1.03365e-19
2.58975e-20
6.47636e-21
1.58531e-21
3.76295e-22
8.63633e-23
1.91777e-23
4.12984e-24
8.64962e-25
1.76703e-25
3.5299e-26
6.90868e-27
1.32647e-27
2.5001e-28
4.62629e-29
8.40276e-30
1.49735e-30
2.61636e-31
0.0119993
0.0116152
0.0201467
0.0296429
0.000788365
-0.0589604
-0.0448189
0.128365
0.414021
0.713353
0.971082
1.1075
1.05306
0.800349
0.461028
0.183692
0.0373369
0.000352443
5.34461e-11
4.64546e-10
1.63181e-10
-7.96481e-10
-1.78048e-10
-6.61446e-12
4.55805e-13
8.98722e-14
2.23377e-15
-3.98544e-18
3.55706e-18
2.02143e-18
7.82996e-19
2.73894e-19
8.89166e-20
2.66788e-20
7.41663e-21
1.925e-21
4.70608e-22
1.09265e-22
2.42703e-23
5.19084e-24
1.07502e-24
2.16624e-25
4.26432e-26
8.22612e-27
1.55842e-27
2.90317e-28
5.32065e-29
9.59178e-30
1.69995e-30
2.95965e-31
0.00846541
0.00748151
0.0157089
0.0276505
0.00161882
-0.0600954
-0.0503718
0.126391
0.419763
0.719985
0.978236
1.13351
1.1075
0.872097
0.522426
0.218674
0.0492815
0.00108707
5.38795e-11
2.01764e-09
-2.90606e-08
-7.07714e-09
-2.89197e-10
1.58197e-11
3.45329e-12
9.1859e-14
-1.34739e-15
-2.86362e-16
-6.07827e-17
-1.32252e-17
-2.61004e-18
-4.3546e-19
-5.22606e-20
-3.55098e-22
2.39588e-21
1.01405e-21
3.07915e-22
8.04401e-23
1.91692e-23
4.28515e-24
9.13535e-25
1.87791e-25
3.75158e-26
7.32403e-27
1.40245e-27
2.63973e-28
4.88819e-29
8.90495e-30
1.59487e-30
2.80556e-31
-0.00078645
-0.00279301
0.000999085
0.0143126
0.00552898
-0.0413586
-0.0524309
0.0614547
0.294982
0.565975
0.816514
0.978236
0.971082
0.778286
0.475127
0.203905
0.0481177
0.00135098
-9.22124e-07
-9.92522e-07
-2.5637e-07
-1.33757e-08
4.89897e-10
1.18768e-10
4.74242e-12
-5.63763e-14
-8.94098e-15
-4.63041e-16
-8.77049e-17
-2.119e-17
-4.69716e-18
-9.5467e-19
-1.76084e-19
-2.87797e-20
-3.9176e-21
-3.49786e-22
2.02368e-23
2.10443e-23
7.15386e-24
1.90364e-24
4.51271e-25
9.99723e-26
2.11951e-26
4.35767e-27
8.752e-28
1.72313e-28
3.32924e-29
6.30988e-30
1.17188e-30
2.13004e-31
-0.00583135
-0.00777088
-0.00907058
1.55176e-05
0.00848103
-0.0104176
-0.0430755
-0.0225543
0.10326
0.323128
0.565975
0.719985
0.713353
0.560376
0.333448
0.138949
0.0312931
0.000692145
-1.50999e-05
-5.83353e-06
-5.41386e-07
1.25944e-08
3.44988e-09
1.86689e-10
-2.1159e-12
-3.80073e-13
-2.67179e-15
-6.91575e-18
-1.36902e-17
-6.52904e-18
-2.0427e-18
-5.0398e-19
-1.05091e-19
-1.9009e-20
-2.97197e-21
-3.83096e-22
-3.31036e-23
1.17407e-24
1.49408e-24
4.88849e-25
1.26048e-25
2.96892e-26
6.73613e-27
1.50319e-27
3.3141e-28
7.19388e-29
1.52853e-29
3.16249e-30
6.34871e-31
1.23427e-31
-0.00244422
-0.00281625
-0.00617225
-0.00559342
0.00658874
0.0108021
-0.0190037
-0.0573993
-0.0315734
0.10326
0.294982
0.419763
0.414021
0.309629
0.170573
0.0634367
0.0108424
-0.000150821
-6.43304e-05
-9.89303e-06
2.19029e-07
7.31363e-08
5.64422e-09
-6.56937e-11
-1.32706e-11
-2.15594e-13
1.19187e-15
2.40563e-16
5.14615e-17
1.18546e-17
2.72846e-18
6.2581e-19
1.434e-19
3.25659e-20
7.21906e-21
1.53899e-21
3.12217e-22
5.99182e-23
1.08501e-23
1.85383e-24
2.99713e-25
4.62146e-26
6.92007e-27
1.04222e-27
1.66451e-28
2.95449e-29
5.84019e-30
1.23071e-30
2.6284e-31
5.5042e-32
0.00224649
0.00314995
0.00170514
-0.00302598
0.000790689
0.0120982
0.00458534
-0.0328208
-0.0573993
-0.0225543
0.0614547
0.126391
0.128365
0.0891223
0.0407179
0.00969762
-0.00111032
-0.000456561
-8.51343e-05
1.25221e-06
7.44885e-07
1.11527e-07
-1.61282e-09
-3.63756e-10
-1.13191e-11
5.7414e-14
8.15885e-15
3.87678e-16
8.46106e-17
2.25093e-17
5.7615e-18
1.43321e-18
3.45436e-19
8.02466e-20
1.78806e-20
3.80779e-21
7.73285e-22
1.49587e-22
2.75502e-23
4.83014e-24
8.06086e-25
1.28072e-25
1.93865e-26
2.80253e-27
3.89307e-28
5.26986e-29
7.14426e-30
1.01237e-30
1.56697e-31
2.68739e-32
0.00134593
0.0019596
0.00282903
0.00048018
-0.00236941
0.00191706
0.00986889
0.00458533
-0.0190037
-0.0430755
-0.0524309
-0.0503719
-0.0448189
-0.0364221
-0.024268
-0.0118323
-0.00343913
-0.000519985
2.67563e-05
9.69902e-06
1.17785e-06
-2.74944e-08
-7.0638e-09
-3.69564e-10
2.2544e-12
3.47802e-13
2.47703e-16
5.0399e-17
3.25201e-17
1.33866e-17
4.38892e-18
1.26452e-18
3.34922e-19
8.31641e-20
1.95106e-20
4.33781e-21
9.15407e-22
1.83578e-22
3.50224e-23
6.36178e-24
1.10102e-24
1.81611e-25
2.85524e-26
4.27791e-27
6.10733e-28
8.31199e-29
1.08093e-29
1.35236e-30
1.65465e-31
2.04598e-32
-0.00105962
-0.00122416
-0.000268177
0.000942269
-0.00117324
-0.00362511
0.00191705
0.0120982
0.0108021
-0.0104176
-0.0413587
-0.0600954
-0.0589604
-0.043786
-0.0240442
-0.00885909
-0.00168807
0.00010512
4.43311e-05
6.77592e-06
-3.01495e-07
-8.35075e-08
-5.99264e-09
6.71031e-11
1.12804e-11
-2.98726e-14
-3.66826e-15
-8.97023e-17
-9.10809e-18
-6.1257e-20
6.25478e-19
3.30554e-19
1.22094e-19
3.75853e-20
1.02247e-20
2.52825e-21
5.77318e-22
1.22927e-22
2.45584e-23
4.62161e-24
8.21229e-25
1.37938e-25
2.18966e-26
3.27953e-27
4.6172e-28
6.06847e-29
7.35263e-30
8.01362e-31
7.43232e-32
4.91344e-33
-0.000712187
-0.000918573
-0.000987254
-4.85186e-05
0.000457067
-0.00117324
-0.00236941
0.000790693
0.00658873
0.00848102
0.00552899
0.00161885
0.000788378
0.0016593
0.00212817
0.00150731
0.000591927
0.000120149
4.56955e-06
-2.60174e-06
-6.85693e-07
-3.79573e-08
1.4282e-09
2.64889e-10
4.8243e-13
-9.62151e-14
-7.76994e-15
-4.30945e-17
-2.1217e-17
-7.57947e-18
-2.11887e-18
-4.99621e-19
-1.01538e-19
-1.76378e-20
-2.4868e-21
-2.3059e-22
8.04663e-24
1.05554e-23
3.24074e-24
7.21604e-25
1.31361e-25
1.97094e-26
2.23219e-27
1.00212e-28
-3.88085e-29
-1.61993e-29
-4.19845e-30
-9.01149e-31
-1.72727e-31
-3.05233e-32
-0.000140267
-6.94184e-05
-4.35185e-05
-0.00029876
-4.85189e-05
0.000942263
0.000480187
-0.00302597
-0.00559344
1.54998e-05
0.0143126
0.0276506
0.0296429
0.0224447
0.0117991
0.00398411
0.000647952
-6.65837e-05
-3.32498e-05
-6.50713e-06
2.47601e-08
3.32579e-08
5.80907e-09
-1.99798e-11
-4.38546e-12
-1.68134e-13
-1.13652e-16
-4.94404e-17
-2.604e-17
-9.87263e-18
-3.01902e-18
-7.95705e-19
-1.88297e-19
-4.11109e-20
-8.44792e-21
-1.66129e-21
-3.17566e-22
-5.99059e-23
-1.12965e-23
-2.14606e-24
-4.11038e-25
-7.89284e-26
-1.50599e-26
-2.82961e-27
-5.19776e-28
-9.28921e-29
-1.61067e-29
-2.70619e-30
-4.40494e-31
-6.9491e-32
-0.000950933
-0.000870364
-0.000122834
-4.35139e-05
-0.000987253
-0.000268184
0.00282904
0.00170515
-0.00617227
-0.0090706
0.000999113
0.015709
0.0201468
0.0147265
0.00621245
0.00103674
-0.000218254
-0.000123756
-3.48193e-05
-2.15793e-06
4.42449e-08
2.47338e-08
3.69561e-09
-1.68617e-12
-1.5801e-12
-2.13964e-13
-1.12529e-15
-1.22251e-16
-4.47734e-17
-1.40126e-17
-3.69591e-18
-8.53702e-19
-1.79988e-19
-3.59736e-20
-7.0458e-21
-1.38747e-21
-2.78625e-22
-5.71312e-23
-1.18615e-23
-2.46296e-24
-5.05556e-25
-1.01673e-25
-1.99157e-26
-3.78634e-27
-6.97453e-28
-1.24399e-28
-2.14875e-29
-3.59639e-30
-5.83742e-31
-9.19733e-32
-0.00168336
-0.0017391
-0.000870367
-6.94165e-05
-0.000918573
-0.00122417
0.0019596
0.00314995
-0.00281627
-0.0077709
-0.00279299
0.00748157
0.0116153
0.00859015
0.00327505
0.000236621
-0.000140249
-9.01334e-05
-2.41884e-05
-1.04896e-06
2.41644e-08
1.05646e-08
7.7094e-10
3.04086e-11
1.21933e-12
-9.80546e-15
-5.34568e-15
-6.45973e-16
-1.1379e-16
-2.83893e-17
-6.5744e-18
-1.34293e-18
-2.45376e-19
-4.12834e-20
-6.66486e-21
-1.09357e-21
-1.9405e-22
-3.8349e-23
-8.23308e-24
-1.82646e-24
-4.02333e-25
-8.61309e-26
-1.7761e-26
-3.51895e-27
-6.70072e-28
-1.22796e-28
-2.16944e-29
-3.70144e-30
-6.1091e-31
-9.76873e-32
-0.00159183
-0.00168336
-0.000950933
-0.000140263
-0.000712186
-0.00105962
0.00134594
0.0022465
-0.00244423
-0.00583137
-0.000786427
0.00846547
0.0119994
0.00896997
0.00398535
0.000812141
-2.77662e-05
-3.46971e-05
-1.58203e-05
-2.31711e-06
-1.8148e-08
-1.44987e-09
2.42933e-10
1.25184e-10
1.18401e-11
-6.15717e-16
-1.34564e-15
-6.22104e-16
-1.81966e-16
-4.50008e-17
-9.8228e-18
-1.90976e-18
-3.35324e-19
-5.42099e-20
-8.3064e-21
-1.26445e-21
-2.0436e-22
-3.71219e-23
-7.58528e-24
-1.657e-24
-3.66488e-25
-7.94024e-26
-1.66046e-26
-3.33512e-27
-6.43047e-28
-1.19163e-28
-2.12602e-29
-3.65882e-30
-6.08474e-31
-9.79489e-32
)
;

boundaryField
{
    movingWall
    {
        type            zeroGradient;
    }
    fixedWalls
    {
        type            zeroGradient;
    }
    frontAndBack
    {
        type            empty;
    }
}

