/*--------------------------------*- C++ -*----------------------------------*\
| =========                 |                                                 |
| \\      /  F ield         | OpenFOAM: The Open Source CFD Toolbox           |
|  \\    /   O peration     | Version:  v2006                                 |
|   \\  /    A nd           | Website:  www.openfoam.com                      |
|    \\/     M anipulation  |                                                 |
\*---------------------------------------------------------------------------*/
FoamFile
{
    version     2.0;
    format      ascii;
    class       volScalarField;
    location    "0";
    object      f;
}
// * * * * * * * * * * * * * * * * * * * * * * * * * * * * * * * * * * * * * //

dimensions      [0 0 0 0 0 0 0];


internalField   nonuniform List<scalar> 
2500
(
-4.18348e-91
1.47444e-73
-8.00331e-65
4.45649e-58
1.34415e-53
2.9004e-50
1.3469e-47
1.40804e-45
3.29496e-44
4.43447e-43
3.33512e-42
1.52941e-41
4.82311e-41
1.15801e-40
2.27439e-40
3.80392e-40
5.52646e-40
7.06013e-40
7.99438e-40
8.04372e-40
7.17837e-40
5.66616e-40
3.95234e-40
2.4407e-40
1.33982e-40
6.57414e-41
2.90116e-41
1.15875e-41
4.21462e-42
1.40414e-42
4.30815e-43
1.2234e-43
3.23019e-44
7.96305e-45
1.83984e-45
3.99796e-46
8.19664e-47
1.59014e-47
2.92679e-48
5.12352e-49
8.54951e-50
1.36273e-50
2.07879e-51
3.04023e-52
4.2699e-53
5.76774e-54
7.50397e-55
9.4157e-56
1.14086e-56
8.99798e-58
-1.09654e-88
1.28091e-71
-3.99337e-63
1.57052e-56
3.57241e-52
6.26871e-49
2.4471e-46
2.21393e-44
4.62622e-43
5.67055e-42
3.93309e-41
1.67612e-40
4.93914e-40
1.11325e-39
2.06219e-39
3.26907e-39
4.524e-39
5.53069e-39
6.01741e-39
5.83733e-39
5.03621e-39
3.85162e-39
2.60783e-39
1.56566e-39
8.36759e-40
4.00248e-40
1.72394e-40
6.72804e-41
2.39368e-41
7.80825e-42
2.34787e-42
6.53986e-43
1.6951e-43
4.10534e-44
9.32525e-45
1.99352e-45
4.0234e-46
7.68817e-47
1.3946e-47
2.40726e-48
3.96281e-49
6.23415e-50
9.39003e-51
1.35653e-51
1.88265e-52
2.51386e-53
3.23412e-54
4.01407e-55
4.81238e-56
3.91037e-57
-2.60533e-86
1.01562e-69
-1.82672e-61
5.11979e-55
8.83023e-51
1.27057e-47
4.20452e-45
3.32077e-43
6.25333e-42
7.04378e-41
4.54498e-40
1.81495e-39
5.03721e-39
1.07394e-38
1.88996e-38
2.85967e-38
3.79518e-38
4.46907e-38
4.70153e-38
4.42387e-38
3.71132e-38
2.76537e-38
1.82712e-38
1.07191e-38
5.60488e-39
2.62597e-39
1.109e-39
4.24783e-40
1.48461e-40
4.76145e-41
1.40879e-41
3.86414e-42
9.86954e-43
2.35695e-43
5.28235e-44
1.11482e-44
2.2224e-45
4.19677e-46
7.52678e-47
1.2851e-47
2.09339e-48
3.26005e-49
4.86259e-50
6.95872e-51
9.56983e-52
1.2666e-52
1.61561e-53
1.98865e-54
2.36501e-55
1.96563e-56
-6.03348e-84
7.8414e-68
-8.1281e-60
1.62614e-53
2.12308e-49
2.50507e-46
7.02822e-44
4.84734e-42
8.23132e-41
8.52614e-40
5.12193e-39
1.91794e-38
5.01646e-38
1.01214e-37
1.69285e-37
2.44568e-37
3.1138e-37
3.53329e-37
3.59568e-37
3.28314e-37
2.67931e-37
1.94572e-37
1.25487e-37
7.19554e-38
3.68181e-38
1.68985e-38
6.99831e-39
2.63117e-39
9.0345e-40
2.84908e-40
8.29525e-41
2.24065e-41
5.63973e-42
1.32811e-42
2.93695e-43
6.11933e-44
1.205e-44
2.24884e-45
3.98778e-46
6.73486e-47
1.08564e-47
1.67367e-48
2.47215e-49
3.50464e-50
4.77596e-51
6.26562e-52
7.92406e-53
9.67315e-54
1.14116e-54
9.6714e-56
-1.36068e-81
5.88912e-66
-3.51338e-58
5.02752e-52
4.96036e-48
4.79963e-45
1.14185e-42
6.87922e-41
1.05413e-39
1.00476e-38
5.62404e-38
1.97624e-37
4.87423e-37
9.31143e-37
1.48073e-36
2.04329e-36
2.49668e-36
2.73112e-36
2.68982e-36
2.38438e-36
1.89363e-36
1.34073e-36
8.44285e-37
4.73299e-37
2.37034e-37
1.06593e-37
4.32951e-38
1.59795e-38
5.391e-39
1.67178e-39
4.7902e-40
1.27428e-40
3.16093e-41
7.34065e-42
1.60178e-42
3.29506e-43
6.40953e-44
1.18221e-44
2.07283e-45
3.46292e-46
5.52404e-47
8.43065e-48
1.23322e-48
1.73192e-49
2.33881e-50
3.0414e-51
3.81374e-52
4.61717e-53
5.40332e-54
4.65714e-55
-2.98553e-79
4.29727e-64
-1.47311e-56
1.51149e-50
1.125e-46
8.92693e-44
1.80118e-41
9.48198e-40
1.31203e-38
1.1516e-37
6.01118e-37
1.9837e-36
4.61663e-36
8.35463e-36
1.26371e-35
1.66626e-35
1.95475e-35
2.06235e-35
1.96672e-35
1.69336e-35
1.30932e-35
9.04148e-36
5.56096e-36
3.04849e-36
1.49459e-36
6.58638e-37
2.6241e-37
9.50876e-38
3.15227e-38
9.61351e-39
2.71105e-39
7.10307e-40
1.73655e-40
3.97719e-41
8.56398e-42
1.73943e-42
3.3425e-43
6.0933e-44
1.05641e-44
1.74587e-45
2.75613e-46
4.16427e-47
6.03262e-48
8.39306e-49
1.12318e-49
1.44782e-50
1.80009e-51
2.16137e-52
2.50916e-53
2.19428e-54
-6.36692e-77
3.04261e-62
-5.98074e-55
4.4141e-49
2.47396e-45
1.60995e-42
2.75549e-40
1.26796e-38
1.58547e-37
1.28235e-36
6.24768e-36
1.93781e-35
4.25828e-35
7.30401e-35
1.05132e-34
1.32508e-34
1.49314e-34
1.52014e-34
1.40442e-34
1.17512e-34
8.85022e-35
5.96296e-35
3.58319e-35
1.92133e-35
9.22341e-36
3.98378e-36
1.55709e-36
5.54023e-37
1.80495e-37
5.41391e-38
1.50274e-38
3.87811e-39
9.34505e-40
2.1109e-40
4.4856e-41
8.996e-42
1.7078e-42
3.07717e-43
5.27552e-44
8.62503e-45
1.34753e-45
2.01571e-46
2.89199e-47
3.98615e-48
5.28635e-49
6.75488e-50
8.32739e-51
9.91663e-52
1.14205e-52
1.01128e-53
-1.3183e-74
2.0871e-60
-2.34626e-53
1.25071e-47
5.26878e-44
2.81196e-41
4.08339e-39
1.64305e-37
1.85795e-36
1.38573e-35
6.30733e-35
1.84026e-34
3.82104e-34
6.21553e-34
8.51738e-34
1.02661e-33
1.11169e-33
1.09276e-33
9.78652e-34
7.9622e-34
5.84371e-34
3.8431e-34
2.25696e-34
1.18404e-34
5.5667e-35
2.35697e-35
9.03894e-36
3.15832e-36
1.01129e-36
2.98367e-37
8.15222e-38
2.0724e-38
4.92252e-39
1.09672e-39
2.30003e-40
4.55495e-41
8.54314e-42
1.52156e-42
2.57964e-43
4.17247e-44
6.45178e-45
9.55518e-46
1.35777e-46
1.85413e-47
2.43687e-48
3.08676e-49
3.77327e-50
4.45661e-51
5.09161e-52
4.5571e-53
-2.64709e-72
1.38445e-58
-8.87098e-52
3.43394e-46
1.08528e-42
4.75042e-40
5.85419e-38
2.06055e-36
2.10877e-35
1.45139e-34
6.17761e-34
1.69701e-33
3.33183e-33
5.14287e-33
6.71269e-33
7.74081e-33
8.05954e-33
7.65391e-33
6.64908e-33
5.26317e-33
3.76619e-33
2.41855e-33
1.38859e-33
7.1291e-34
3.28321e-34
1.36296e-34
5.12927e-35
1.76024e-35
5.54017e-36
1.60792e-36
4.32496e-37
1.08312e-37
2.53615e-38
5.57368e-39
1.15369e-39
2.25627e-40
4.18118e-41
7.36132e-42
1.23425e-42
1.97514e-43
3.02286e-44
4.43269e-45
6.23867e-46
8.44079e-47
1.09946e-47
1.38062e-48
1.67351e-49
1.96046e-50
2.22203e-51
2.00698e-52
-5.14812e-70
8.85979e-57
-3.22179e-50
9.12335e-45
2.15915e-41
7.75135e-39
8.10859e-37
2.49758e-35
2.31509e-34
1.47143e-33
5.86253e-33
1.5177e-32
2.81978e-32
4.13269e-32
5.14054e-32
5.6741e-32
5.68361e-32
5.21843e-32
4.40059e-32
3.39121e-32
2.3672e-32
1.48499e-32
8.33789e-33
4.19033e-33
1.89076e-33
7.69702e-34
2.84294e-34
9.5833e-35
2.96515e-35
8.46648e-36
2.24208e-36
5.53197e-37
1.27702e-37
2.76858e-38
5.6565e-39
1.09252e-39
2.00053e-40
3.48188e-41
5.77391e-42
9.14224e-43
1.38493e-43
2.01091e-44
2.80335e-45
3.75807e-46
4.85159e-47
6.03982e-48
7.25989e-49
8.43561e-50
9.48558e-51
8.63399e-52
-9.68398e-68
5.45246e-55
-1.11898e-48
2.34199e-43
4.14274e-40
1.21982e-37
1.08348e-35
2.92163e-34
2.45482e-33
1.44183e-32
5.3831e-32
1.31462e-31
2.31322e-31
3.22115e-31
3.82038e-31
4.03846e-31
3.89437e-31
3.45983e-31
2.8345e-31
2.12804e-31
1.44983e-31
8.88825e-32
4.88199e-32
2.4023e-32
1.06225e-32
4.24122e-33
1.5377e-33
5.09224e-34
1.54907e-34
4.35197e-35
1.13477e-35
2.75875e-36
6.27901e-37
1.343e-37
2.70862e-38
5.16712e-39
9.34975e-40
1.60885e-40
2.63882e-41
4.13438e-42
6.1997e-43
8.91404e-44
1.23097e-44
1.63513e-45
2.09228e-46
2.58238e-47
3.07822e-48
3.5478e-49
3.958e-50
3.62609e-51
-1.75921e-65
3.21172e-53
-3.69338e-47
5.7992e-42
7.6534e-39
1.84838e-36
1.39447e-34
3.29321e-33
2.51018e-32
1.36341e-31
4.77537e-31
1.10129e-30
1.83686e-30
2.43189e-30
2.75173e-30
2.78726e-30
2.58959e-30
2.2283e-30
1.77522e-30
1.29939e-30
8.645e-31
5.18136e-31
2.78484e-31
1.34206e-31
5.81659e-32
2.27815e-32
8.10897e-33
2.63844e-33
7.89208e-34
2.1818e-34
5.6022e-35
1.34209e-35
3.01204e-36
6.35645e-37
1.26563e-37
2.38486e-38
4.26472e-39
7.25584e-40
1.17721e-40
1.82519e-41
2.70947e-42
3.85798e-43
5.2777e-44
6.94702e-45
8.81118e-46
1.07825e-46
1.27465e-47
1.45729e-48
1.61305e-49
1.48575e-50
-3.08087e-63
1.79693e-51
-1.14753e-45
1.38268e-40
1.35902e-37
2.69225e-35
1.7258e-33
3.57079e-32
2.47109e-31
1.24202e-30
4.08596e-30
8.90855e-30
1.40972e-29
1.77578e-29
1.91814e-29
1.86282e-29
1.66898e-29
1.39261e-29
1.08004e-29
7.71351e-30
5.01411e-30
2.93904e-30
1.54615e-30
7.29893e-31
3.10122e-31
1.1917e-31
4.16501e-32
1.33169e-32
3.91727e-33
1.06578e-33
2.69513e-34
6.36307e-35
1.4083e-35
2.93266e-36
5.76524e-37
1.07318e-37
1.89679e-38
3.19109e-39
5.12174e-40
7.85886e-41
1.15502e-41
1.62881e-42
2.20749e-43
2.87958e-44
3.62045e-45
4.39299e-46
5.15047e-47
5.84136e-48
6.41538e-49
5.93512e-50
-5.19007e-61
9.4173e-50
-3.30331e-44
3.16801e-39
2.3152e-36
3.76238e-34
2.05014e-32
3.71765e-31
2.33759e-30
1.08794e-29
3.366e-29
6.94661e-29
1.04393e-28
1.25212e-28
1.29194e-28
1.20374e-28
1.04116e-28
8.43642e-29
6.37746e-29
4.44786e-29
2.82631e-29
1.62065e-29
8.3468e-30
3.86046e-30
1.60828e-30
6.0644e-31
2.08144e-31
6.54055e-32
1.8923e-32
5.0674e-33
1.26218e-33
2.93715e-34
6.41138e-35
1.3176e-35
2.55771e-36
4.70385e-37
8.21797e-38
1.36726e-38
2.17114e-39
3.29731e-40
4.79825e-41
6.70201e-42
8.99945e-43
1.16347e-43
1.45016e-44
1.74483e-45
2.029e-46
2.2829e-47
2.48784e-48
2.3097e-49
-8.38421e-59
4.48929e-48
-8.54684e-43
6.96022e-38
3.77616e-35
5.03467e-33
2.3333e-31
3.70921e-30
2.12066e-29
9.14438e-29
2.66449e-28
5.21185e-28
7.44587e-28
8.51049e-28
8.39358e-28
7.50828e-28
6.27803e-28
4.94886e-28
3.65193e-28
2.4894e-28
1.54692e-28
8.67922e-29
4.37673e-29
1.98353e-29
8.10346e-30
2.9988e-30
1.01092e-30
3.12242e-31
8.88628e-32
2.34255e-32
5.74782e-33
1.31851e-33
2.83898e-34
5.75854e-35
1.10395e-35
2.0061e-36
3.46481e-37
5.70146e-38
8.95834e-39
1.34672e-39
1.94061e-40
2.685e-41
3.57253e-42
4.57786e-43
5.657e-44
6.74984e-45
7.78561e-46
8.69082e-47
9.39827e-48
8.74918e-49
-1.29165e-56
1.80175e-46
-1.84907e-41
1.46289e-36
5.8836e-34
6.43743e-32
2.53915e-30
3.5391e-29
1.84099e-28
7.3585e-28
2.02236e-27
3.75475e-27
5.10518e-27
5.56525e-27
5.25024e-27
4.51235e-27
3.65368e-27
2.80838e-27
2.02661e-27
1.35142e-27
8.2145e-28
4.50976e-28
2.22674e-28
9.88898e-29
3.96221e-29
1.4392e-29
4.76586e-30
1.44713e-30
4.05185e-31
1.05162e-31
2.54223e-32
5.74951e-33
1.22132e-33
2.44545e-34
4.63045e-35
8.31547e-36
1.42001e-36
2.31139e-37
3.59397e-38
5.34879e-39
7.63314e-40
1.04626e-40
1.37955e-41
1.75231e-42
2.14702e-43
2.54067e-44
2.90703e-45
3.21967e-46
3.45522e-47
3.22312e-48
-1.87436e-54
4.33778e-45
-2.54155e-40
2.93404e-35
8.73571e-33
7.84685e-31
2.63664e-29
3.22214e-28
1.52575e-27
5.6547e-27
1.46828e-26
2.59164e-26
3.35763e-26
3.49405e-26
3.15532e-26
2.60766e-26
2.04928e-26
1.54052e-26
1.08942e-26
7.11236e-27
4.22903e-27
2.27137e-27
1.09795e-27
4.77794e-28
1.87759e-28
6.69482e-29
2.17807e-29
6.5027e-30
1.79154e-30
4.57863e-31
1.0907e-31
2.43236e-32
5.09814e-33
1.00784e-33
1.88519e-34
3.34616e-35
5.65058e-36
9.09944e-37
1.40035e-37
2.06352e-38
2.91675e-39
3.96115e-40
5.17644e-41
6.51834e-42
7.91962e-43
9.29525e-44
1.05512e-44
1.15954e-45
1.23497e-46
1.15363e-47
-2.47706e-52
-1.95881e-43
3.35965e-39
5.60122e-34
1.23259e-31
9.0961e-30
2.60709e-28
2.79289e-27
1.20412e-26
4.13792e-26
1.01699e-25
1.70964e-25
2.11333e-25
2.10133e-25
1.81783e-25
1.44586e-25
1.10613e-25
8.16438e-26
5.67211e-26
3.62788e-26
2.10948e-26
1.10782e-26
5.24051e-27
2.23422e-27
8.611e-28
3.01427e-28
9.63578e-29
2.82902e-29
7.6706e-30
1.93074e-30
4.53299e-31
9.96998e-32
2.06226e-32
4.0258e-33
7.44028e-34
1.30553e-34
2.18046e-35
3.47441e-36
5.29292e-37
7.7236e-38
1.08147e-38
1.45539e-39
1.8852e-40
2.35367e-41
2.83598e-42
3.30176e-43
3.71845e-44
4.05517e-45
4.28665e-46
4.00768e-47
-2.64864e-50
-4.34977e-41
4.57679e-37
1.01551e-32
1.64748e-30
1.00008e-28
2.44973e-27
2.29963e-26
9.02508e-26
2.87415e-25
6.70005e-25
1.07496e-24
1.26968e-24
1.20749e-24
1.00143e-24
7.6729e-25
5.73819e-25
4.1803e-25
2.86139e-25
1.79362e-25
1.01901e-25
5.22732e-26
2.41817e-26
1.00967e-26
3.81619e-27
1.31151e-27
4.12013e-28
1.18978e-28
3.17547e-29
7.87361e-30
1.82229e-30
3.95369e-31
8.07247e-32
1.55645e-32
2.84272e-33
4.93197e-34
8.1486e-35
1.28501e-35
1.93816e-36
2.80119e-37
3.88607e-38
5.183e-39
6.65559e-40
8.23974e-41
9.84713e-42
1.13733e-42
1.27093e-43
1.37552e-44
1.44327e-45
1.34981e-46
-8.5393e-49
-4.80623e-39
2.39892e-35
1.74657e-31
2.07777e-29
1.03974e-27
2.18322e-26
1.79517e-25
6.40707e-25
1.8879e-24
4.1841e-24
6.42268e-24
7.26081e-24
6.61135e-24
5.26042e-24
3.88648e-24
2.85795e-24
2.0692e-24
1.39996e-24
8.59884e-25
4.7656e-25
2.38401e-25
1.07727e-25
4.40253e-26
1.63151e-26
5.50507e-27
1.69981e-27
4.82894e-28
1.26895e-28
3.10018e-29
7.07486e-30
1.51455e-30
3.05313e-31
5.81557e-32
1.04992e-32
1.80148e-33
2.94501e-34
4.5972e-35
6.8664e-36
9.83083e-37
1.35148e-37
1.78672e-38
2.27486e-39
2.79306e-40
3.31109e-41
3.79429e-42
4.20756e-43
4.51976e-44
4.70769e-45
4.40238e-46
7.77653e-46
-4.3879e-37
9.70956e-34
2.8554e-30
2.45966e-28
1.01835e-26
1.84201e-25
1.32684e-24
4.29736e-24
1.16751e-23
2.46671e-23
3.63386e-23
3.9397e-23
3.43848e-23
2.62658e-23
1.87309e-23
1.36592e-23
9.91745e-24
6.65424e-24
4.00084e-24
2.15733e-24
1.04983e-24
4.62611e-25
1.84885e-25
6.71577e-26
2.2249e-26
6.75354e-27
1.88795e-27
4.88603e-28
1.17653e-28
2.64815e-29
5.59515e-30
1.11391e-30
2.0967e-31
3.74263e-32
6.35256e-33
1.02779e-33
1.58854e-34
2.35007e-35
3.33382e-36
4.5425e-37
5.95385e-38
7.51729e-39
9.15486e-40
1.07671e-40
1.22432e-41
1.34743e-42
1.43674e-43
1.48566e-44
1.38862e-45
3.78799e-43
-3.63719e-35
3.37271e-32
4.48022e-29
2.71215e-27
9.34347e-26
1.46857e-24
9.28446e-24
2.71802e-23
6.76007e-23
1.36593e-22
1.93902e-22
2.02106e-22
1.69279e-22
1.24213e-22
8.55862e-23
6.26728e-23
4.61545e-23
3.08008e-23
1.8087e-23
9.45197e-24
4.45865e-24
1.91145e-24
7.46175e-25
2.65567e-25
8.63879e-26
2.57853e-26
7.09559e-27
1.80918e-27
4.29522e-28
9.53868e-29
1.98978e-29
3.91349e-30
7.28149e-31
1.28549e-31
2.15906e-32
3.45814e-33
5.29337e-34
7.75843e-35
1.09077e-35
1.47338e-36
1.91495e-37
2.39809e-38
2.89728e-39
3.38109e-40
3.81548e-41
4.16802e-42
4.41196e-43
4.52967e-44
4.23022e-45
1.31009e-40
-2.82055e-33
1.03243e-30
6.91767e-28
2.75151e-26
7.94626e-25
1.10364e-23
6.16376e-23
1.62036e-22
3.63788e-22
7.0568e-22
9.70985e-22
9.76242e-22
7.85761e-22
5.54052e-22
3.69203e-22
2.76615e-22
2.09413e-22
1.39226e-22
7.95429e-23
4.00682e-23
1.82344e-23
7.5816e-24
2.8865e-24
1.00614e-24
3.21416e-25
9.43749e-26
2.55764e-26
6.42793e-27
1.50532e-27
3.29972e-28
6.79855e-29
1.32148e-29
2.43135e-30
4.24674e-31
7.06024e-32
1.11983e-32
1.69812e-33
2.46653e-34
3.43761e-35
4.60431e-36
5.9353e-37
7.37358e-38
8.8393e-39
1.0237e-39
1.14663e-40
1.24345e-41
1.30681e-42
1.33225e-43
1.24274e-44
3.97902e-38
-2.06428e-31
2.76394e-29
1.10171e-26
2.51569e-25
6.10965e-24
7.78258e-23
3.90345e-22
9.12761e-22
1.80039e-21
3.36854e-21
4.53399e-21
4.41878e-21
3.4233e-21
2.31954e-21
1.49606e-21
1.17951e-21
9.30984e-22
6.16137e-22
3.40523e-22
1.64192e-22
7.16474e-23
2.87773e-23
1.06661e-23
3.63992e-24
1.14236e-24
3.30178e-25
8.81863e-26
2.18604e-26
5.05276e-27
1.09385e-27
2.22706e-28
4.28014e-29
7.79042e-30
1.34679e-30
2.21716e-31
3.48369e-32
5.23507e-33
7.53787e-34
1.04172e-34
1.38388e-35
1.76975e-36
2.18157e-37
2.5954e-38
2.98348e-39
3.31742e-40
3.5718e-41
3.72741e-42
3.77367e-43
3.51509e-44
1.114e-35
-1.42462e-29
6.14652e-28
1.90942e-25
2.00056e-24
3.94674e-23
5.09861e-22
2.37991e-21
4.89604e-21
8.06195e-21
1.46297e-20
1.95673e-20
1.86318e-20
1.39223e-20
9.05899e-21
5.65878e-21
4.89605e-21
4.07552e-21
2.67288e-21
1.4182e-21
6.4902e-22
2.69504e-22
1.04057e-22
3.74729e-23
1.25197e-23
3.86352e-24
1.10046e-24
2.89977e-25
7.09659e-26
1.62024e-26
3.46647e-27
6.97847e-28
1.3268e-28
2.39023e-29
4.09179e-30
6.67306e-31
1.03908e-31
1.54796e-32
2.21024e-33
3.02975e-34
3.99315e-35
5.06727e-36
6.19938e-37
7.32094e-38
8.35464e-39
9.22361e-40
9.86125e-41
1.02198e-41
1.02762e-42
9.55606e-44
2.91462e-33
-9.20944e-28
9.18582e-27
3.63831e-24
1.30603e-23
1.52712e-22
3.03156e-21
1.41158e-20
2.54007e-20
3.18039e-20
5.62611e-20
7.69979e-20
7.26319e-20
5.24969e-20
3.274e-20
1.98143e-20
2.00057e-20
1.76265e-20
1.13528e-20
5.73015e-21
2.46427e-21
9.64805e-22
3.55998e-22
1.24332e-22
4.07002e-23
1.23728e-23
3.47972e-24
9.06143e-25
2.19231e-25
4.94954e-26
1.04746e-26
2.08657e-27
3.92717e-28
7.00649e-29
1.18833e-29
1.92077e-30
2.96534e-31
4.38113e-32
6.20554e-33
8.44024e-34
1.10396e-34
1.39051e-35
1.68876e-36
1.97999e-37
2.24361e-38
2.45974e-39
2.61173e-40
2.68835e-41
2.68511e-42
2.49223e-43
7.1476e-31
-5.51116e-26
-5.77159e-26
7.17781e-23
6.68284e-23
-1.09975e-21
1.54099e-20
8.1677e-20
1.30434e-19
1.0558e-19
1.81457e-19
2.69844e-19
2.59062e-19
1.81801e-19
1.08154e-19
6.34528e-20
8.15657e-20
7.53056e-20
4.69939e-20
2.23315e-20
8.92135e-21
3.25537e-21
1.13975e-21
3.85605e-22
1.24006e-22
3.72737e-23
1.03856e-23
2.6798e-24
6.42231e-25
1.43594e-25
3.00936e-26
5.93745e-27
1.10711e-27
1.95745e-28
3.29119e-29
5.27539e-30
8.07867e-31
1.18426e-31
1.66466e-32
2.24731e-33
2.91804e-34
3.64916e-35
4.40066e-36
5.1237e-37
5.76603e-38
6.27856e-39
6.62176e-40
6.77073e-41
6.71808e-42
6.22258e-43
1.6411e-28
-2.99635e-24
-1.24286e-23
1.33563e-21
4.22096e-22
-3.77305e-20
5.43996e-20
4.51721e-19
6.76541e-19
2.72488e-19
4.27883e-19
8.0021e-19
8.32058e-19
5.69002e-19
3.18867e-19
1.81949e-19
3.35886e-19
3.16304e-19
1.87998e-19
8.31638e-20
3.04243e-20
1.01826e-20
3.35109e-21
1.09921e-21
3.49593e-22
1.04672e-22
2.90673e-23
7.46357e-24
1.77707e-24
3.94301e-25
8.19567e-26
1.60339e-26
2.96466e-27
5.19875e-28
8.67124e-29
1.37913e-29
2.09609e-30
3.05012e-31
4.25664e-32
5.70599e-33
7.35749e-34
9.13778e-35
1.09448e-35
1.26573e-36
1.4149e-37
1.53048e-38
1.60354e-39
1.62893e-40
1.60582e-41
1.48405e-42
3.51678e-26
-1.43522e-22
-6.86451e-22
2.13267e-20
8.54389e-21
-5.9805e-19
-5.36531e-20
2.24596e-18
3.51462e-18
5.03664e-19
3.60259e-19
1.67875e-18
2.33483e-18
1.55018e-18
7.86638e-19
4.44992e-19
1.40436e-18
1.29423e-18
7.18157e-19
2.92015e-19
9.58392e-20
2.86419e-20
8.72701e-21
2.7924e-21
8.92821e-22
2.70379e-22
7.56445e-23
1.9463e-23
4.62423e-24
1.02111e-24
2.10903e-25
4.09704e-26
7.52005e-27
1.30903e-27
2.16759e-28
3.42302e-29
5.16631e-30
7.46633e-31
1.03495e-31
1.37809e-32
1.7652e-33
2.17792e-34
2.59156e-35
2.97756e-36
3.30692e-37
3.55396e-38
3.69972e-39
3.7343e-40
3.65794e-41
3.37248e-42
7.00108e-24
-5.73377e-21
-2.89338e-20
2.60467e-19
2.07972e-19
-6.66473e-18
-3.46689e-18
8.86249e-18
1.69303e-17
1.40639e-18
-2.25435e-18
-8.94633e-19
5.27535e-18
3.22476e-18
1.21557e-18
7.83821e-19
5.92674e-18
5.09581e-18
2.57927e-18
9.49372e-19
2.69587e-19
6.77914e-20
1.84574e-20
5.90158e-21
1.98483e-21
6.29172e-22
1.81001e-22
4.72036e-23
1.12637e-23
2.48468e-24
5.11171e-25
9.8762e-26
1.80167e-26
3.11616e-27
5.12674e-28
8.04407e-29
1.20634e-29
1.73237e-30
2.38621e-31
3.15741e-32
4.01896e-33
4.92749e-34
5.82648e-35
6.65218e-36
7.34151e-37
7.84034e-38
8.11061e-39
8.13512e-40
7.91899e-41
7.28256e-42
1.28642e-21
-1.71023e-19
-1.05979e-18
1.91273e-18
4.32655e-18
-5.53707e-17
-4.45552e-17
2.20247e-17
6.09054e-17
1.90601e-17
-9.59779e-18
-4.71764e-17
6.37061e-18
1.35928e-18
-2.44777e-18
-5.40314e-20
2.48288e-17
1.9059e-17
8.53799e-18
2.78703e-18
6.30999e-19
1.08553e-19
2.2183e-20
8.22189e-21
3.49111e-21
1.27187e-21
3.92315e-22
1.05705e-22
2.55681e-23
5.66154e-24
1.16334e-24
2.23935e-25
4.06515e-26
6.99291e-27
1.14397e-27
1.78463e-28
2.66086e-29
3.79889e-30
5.20202e-31
6.8426e-32
8.65783e-33
1.05513e-33
1.24008e-34
1.40719e-35
1.54351e-36
1.63825e-37
1.6843e-38
1.67899e-39
1.62433e-40
1.48982e-41
2.16539e-19
-3.04647e-18
-3.73657e-17
1.51241e-17
8.67762e-17
-3.85438e-15
-4.43174e-16
7.444e-16
4.7819e-16
5.9327e-16
-4.62505e-17
-9.73377e-16
-2.06504e-17
-3.62071e-17
-3.55294e-17
-8.76146e-18
1.01371e-16
6.71871e-17
2.53343e-17
7.11594e-18
9.77637e-19
-5.99351e-20
-5.02401e-20
-5.30099e-21
3.22519e-21
2.06966e-21
7.55489e-22
2.17182e-22
5.39165e-23
1.20496e-23
2.47971e-24
4.76315e-25
8.61375e-26
1.47496e-26
2.40097e-27
3.72638e-28
5.52684e-29
7.8484e-30
1.06886e-30
1.39813e-31
1.75901e-32
2.13136e-33
2.49033e-34
2.80922e-35
3.06294e-36
3.23141e-37
3.30215e-38
3.27178e-39
3.14606e-40
2.8775e-41
3.95584e-17
-1.29161e-15
-1.16068e-15
2.3487e-14
-1.37667e-13
-3.99281e-14
2.14572e-13
3.87706e-13
1.70688e-13
1.13494e-14
-2.49321e-13
-1.33432e-14
8.68548e-17
-3.00226e-16
-2.12681e-16
-4.17957e-17
5.08204e-16
2.26579e-16
6.41007e-17
1.48088e-17
-6.31296e-19
-1.47838e-18
-4.8905e-19
-9.22463e-20
-7.47146e-21
2.13639e-21
1.26525e-21
4.08885e-22
1.0565e-22
2.39389e-23
4.94251e-24
9.48216e-25
1.70933e-25
2.9152e-26
4.72454e-27
7.29875e-28
1.07734e-28
1.52231e-29
2.06261e-30
2.68382e-31
3.35828e-32
4.04659e-33
4.70132e-34
5.27274e-35
5.71536e-36
5.99408e-37
6.08881e-38
5.99671e-39
5.73167e-40
5.22716e-41
2.92156e-15
-5.18759e-14
8.86696e-13
2.2402e-13
-1.22588e-12
9.931e-12
1.01878e-11
1.1041e-11
2.42989e-12
-5.16013e-11
-3.33025e-12
8.71326e-16
3.09002e-16
-5.2541e-15
-8.18017e-16
3.03923e-15
6.68132e-15
7.02595e-16
1.19932e-16
2.19264e-17
-1.30471e-17
-8.08534e-18
-2.22209e-18
-4.13239e-19
-5.05828e-20
-7.56953e-22
1.83719e-21
7.14895e-22
1.93702e-22
4.4493e-23
9.20742e-24
1.76319e-24
3.16781e-25
5.38148e-26
8.68552e-27
1.33604e-27
1.96331e-28
2.76136e-29
3.72336e-30
4.82036e-31
6.00028e-32
7.19112e-33
8.30837e-34
9.26548e-35
9.98543e-36
1.04113e-36
1.05135e-37
1.02931e-38
9.77956e-40
8.89166e-41
-1.87815e-12
2.29645e-11
1.8859e-11
-2.65263e-10
7.43372e-11
4.88076e-09
2.37269e-10
-3.22419e-09
-7.38258e-09
-6.35037e-10
2.83017e-13
3.58062e-14
-1.54258e-13
-4.13783e-14
1.06559e-12
5.21735e-13
3.82244e-14
3.5602e-16
1.20426e-16
1.72923e-17
-6.67345e-17
-3.27417e-17
-7.57679e-18
-1.279e-18
-1.58404e-19
-8.73068e-21
2.57512e-21
1.21019e-21
3.37409e-22
7.77185e-23
1.60285e-23
3.05514e-24
5.46383e-25
9.24212e-26
1.48551e-26
2.27573e-27
3.33012e-28
4.66316e-29
6.25862e-30
8.06318e-31
9.98582e-32
1.19044e-32
1.36789e-33
1.51693e-34
1.62547e-35
1.68497e-36
1.69155e-37
1.6463e-38
1.5549e-39
1.40924e-40
-6.08454e-11
9.42819e-10
-1.57662e-08
-4.36467e-09
5.07181e-08
1.14446e-07
-2.94335e-06
-1.28403e-06
-9.62128e-08
5.74195e-11
8.65357e-12
5.88558e-13
-1.11327e-12
1.88103e-11
2.26294e-11
2.73075e-12
5.05395e-15
3.15424e-16
2.54944e-16
1.68241e-17
-2.59341e-16
-1.15712e-16
-2.0394e-17
-2.88369e-18
-3.14565e-19
-1.49195e-20
4.82882e-21
2.10768e-21
5.67167e-22
1.27809e-22
2.59915e-23
4.90879e-24
8.72359e-25
1.46859e-25
2.35095e-26
3.58766e-27
5.22922e-28
7.29193e-29
9.74321e-30
1.2493e-30
1.53945e-31
1.82562e-32
2.08637e-33
2.30079e-34
2.45135e-35
2.52637e-36
2.52138e-37
2.43946e-38
2.29036e-39
2.06892e-40
2.71462e-08
-8.57388e-08
-3.30537e-07
4.23315e-06
8.8741e-07
-6.31624e-06
-2.07587e-05
-6.30428e-06
-1.73309e-07
1.02784e-09
3.84043e-10
1.35417e-10
2.89393e-11
2.8239e-10
7.68934e-11
2.48755e-12
6.61331e-15
6.03538e-16
1.25498e-15
7.81097e-17
-2.62203e-15
-3.99008e-16
-3.74041e-17
-3.77579e-18
-2.66721e-19
1.51023e-20
1.25582e-20
3.78622e-21
9.09424e-22
1.95027e-22
3.87316e-23
7.22923e-24
1.27674e-24
2.14106e-25
3.41689e-26
5.19836e-27
7.55134e-28
1.049e-28
1.39571e-29
1.78135e-30
2.18419e-31
2.57669e-32
2.92869e-33
3.21156e-34
3.4021e-35
3.48577e-36
3.45839e-37
3.32618e-38
3.1043e-39
2.7944e-40
7.31802e-07
-6.03685e-06
3.32924e-05
5.25498e-05
-0.000425945
-9.77255e-05
0.000425559
0.0118905
0.0301584
0.0368771
0.0270936
0.0113253
0.00175534
1.50502e-09
2.59708e-11
4.28915e-13
6.861e-15
3.20039e-14
6.5592e-15
-9.08631e-14
-2.708e-14
-8.54137e-16
9.02064e-18
2.5276e-18
6.19491e-19
1.35407e-19
2.8811e-20
6.12187e-21
1.28511e-21
2.61884e-22
5.11632e-23
9.52033e-24
1.68313e-24
2.82652e-25
4.5128e-26
6.85991e-27
9.94472e-28
1.37729e-28
1.82549e-29
2.31954e-30
2.83016e-31
3.3212e-32
3.75413e-33
4.09329e-34
4.3109e-35
4.39081e-36
4.3303e-37
4.13977e-38
3.84037e-39
3.44433e-40
-1.83429e-05
-4.09518e-05
0.000555497
-0.00198944
-0.00310907
0.0103216
0.0583429
0.144538
0.230063
0.24522
0.182521
0.0882067
0.0223345
0.000790885
1.15637e-10
1.08697e-11
3.77069e-12
1.21618e-12
-1.7359e-12
-1.35263e-12
-8.92507e-14
1.67358e-15
1.66157e-16
1.76018e-17
2.12003e-18
2.64533e-19
3.71052e-20
6.37061e-21
1.28268e-21
2.70349e-22
5.53471e-23
1.07006e-23
1.94223e-24
3.31525e-25
5.34102e-26
8.15139e-27
1.18242e-27
1.63489e-28
2.16007e-29
2.7332e-30
3.31865e-31
3.87369e-32
4.35393e-33
4.7195e-34
4.94064e-35
5.00167e-36
4.9026e-37
4.65814e-38
4.29479e-39
3.83692e-40
-0.00104745
0.000913969
0.00184995
-0.0136654
-0.00247704
0.0946502
0.264416
0.462943
0.626216
0.641999
0.48829
0.252818
0.0755955
0.0058041
4.33025e-10
1.66841e-10
6.04011e-11
5.66014e-12
-5.61563e-11
-5.44255e-12
7.61486e-14
9.40096e-15
5.11718e-17
5.98973e-18
4.20193e-19
-4.40739e-20
-1.66803e-20
-2.03923e-21
1.16061e-22
1.27738e-22
4.03269e-23
9.4362e-24
1.88309e-24
3.37601e-25
5.57791e-26
8.61655e-27
1.25566e-27
1.73651e-28
2.28879e-29
2.88445e-30
3.48483e-31
4.04493e-32
4.51931e-33
4.86849e-34
5.0645e-35
5.09446e-36
4.9617e-37
4.6843e-38
4.29156e-39
3.81803e-40
-0.0031934
0.00474155
-0.00430793
-0.0309516
0.0314412
0.262105
0.562302
0.813852
0.9975
1.01868
0.805949
0.444899
0.148458
0.0163648
1.20101e-09
4.09215e-10
2.12742e-10
-2.71208e-09
-2.96866e-10
1.66209e-12
4.54272e-13
9.0245e-15
-1.22373e-16
-2.91045e-17
-5.6846e-18
-1.00924e-18
-1.60373e-19
-2.21267e-20
-2.50346e-21
-1.90727e-22
4.01717e-24
5.50378e-24
1.46957e-24
2.93931e-25
5.09493e-26
8.03903e-27
1.18099e-27
1.63523e-28
2.14988e-29
2.69698e-30
3.23966e-31
3.73638e-32
4.14654e-33
4.43618e-34
4.58276e-35
4.57792e-36
4.42793e-37
4.15192e-38
3.77827e-39
3.34585e-40
0.013797
0.012129
-0.023118
-0.0362147
0.0961658
0.422453
0.761952
0.963101
1.0954
1.1321
0.936725
0.546003
0.196066
0.0266109
1.47394e-08
-3.70428e-08
-9.99013e-08
-1.97076e-08
-1.3495e-10
1.0017e-11
1.23579e-12
-2.0347e-15
-6.0732e-16
-7.90039e-17
-1.24042e-17
-2.007e-18
-3.06375e-19
-4.22247e-20
-5.07721e-21
-5.00577e-22
-3.19896e-23
1.30048e-24
9.548e-25
2.26162e-25
4.14578e-26
6.67061e-27
9.84402e-28
1.35974e-28
1.77739e-29
2.21327e-30
2.63703e-31
3.01574e-32
3.31841e-33
3.52036e-34
3.6066e-35
3.57364e-36
3.42928e-37
3.1908e-38
2.88193e-39
2.53837e-40
0.0227742
0.0199655
-0.0289252
-0.0531263
0.105504
0.461664
0.792225
0.952094
1.03189
1.0514
0.875608
0.518483
0.190668
0.0273362
1.63024e-07
-2.06931e-06
-6.89518e-07
-3.84487e-08
2.61675e-10
5.21463e-11
5.25736e-13
-2.68774e-14
-2.33702e-15
-8.43147e-17
-1.279e-17
-2.03479e-18
-3.05294e-19
-4.13213e-20
-4.87033e-21
-4.71724e-22
-3.03449e-23
8.57086e-25
7.64204e-25
1.79649e-25
3.23487e-26
5.10677e-27
7.39966e-28
1.00481e-28
1.29283e-29
1.58637e-30
1.86429e-31
2.10465e-32
2.28779e-33
2.3991e-34
2.43102e-35
2.38374e-36
2.26478e-37
2.08737e-38
1.86833e-39
1.6344e-40
0.0128818
0.0194747
-0.0137256
-0.0608968
0.0373085
0.329836
0.642441
0.852714
0.956357
0.934423
0.722082
0.396311
0.134694
0.0165489
-1.69919e-05
-1.06134e-05
-1.65381e-06
6.18596e-09
1.95288e-09
9.09535e-11
-1.43077e-12
-1.4849e-13
5.78456e-16
4.06296e-17
1.97042e-18
-8.07869e-20
-3.69017e-20
-4.99807e-21
-2.40902e-22
6.80418e-23
2.56455e-23
5.73673e-24
1.05433e-24
1.7327e-25
2.6366e-26
3.778e-27
5.14281e-28
6.68353e-29
8.31811e-30
9.93641e-31
1.14137e-31
1.26279e-32
1.34779e-33
1.38973e-34
1.38629e-35
1.33953e-36
1.25531e-37
1.14218e-38
1.01008e-39
8.75192e-41
-0.00262279
0.00743304
0.00582574
-0.0339154
-0.0349597
0.0862275
0.323634
0.592528
0.732975
0.683618
0.472227
0.22436
0.0619949
0.00416065
-0.000109932
-2.76387e-05
-1.24759e-06
3.35384e-08
4.98345e-09
-5.93581e-11
-7.13084e-12
4.37727e-14
3.74756e-15
6.01994e-17
1.10215e-17
1.87794e-18
2.97985e-19
4.40259e-20
6.03565e-21
7.75864e-22
9.53031e-23
1.14429e-23
1.3725e-24
1.66888e-25
2.0635e-26
2.57443e-27
3.19908e-28
3.91044e-29
4.65935e-30
5.38207e-31
6.01101e-32
6.48593e-33
6.76324e-34
6.82147e-35
6.66264e-36
6.30964e-37
5.80091e-38
5.1837e-39
4.50735e-40
3.85066e-41
-0.00442343
-0.00326137
0.00813903
0.00254464
-0.0351399
-0.04807
0.0467398
0.217491
0.321793
0.289782
0.168339
0.0547058
0.00262513
-0.00152556
-0.000387676
-1.28791e-05
8.21825e-07
1.45092e-07
-1.525e-09
-2.5006e-10
1.71083e-12
2.04187e-13
-3.22691e-16
-8.13717e-18
6.45857e-18
1.95771e-18
3.79085e-19
5.86535e-20
7.78887e-21
9.21186e-22
9.96361e-23
1.01186e-23
9.97185e-25
9.93864e-26
1.04198e-26
1.16809e-27
1.37804e-28
1.65616e-29
1.97006e-30
2.27883e-31
2.54207e-32
2.72743e-33
2.81531e-34
2.80025e-35
2.6895e-36
2.49982e-37
2.25332e-38
1.97362e-39
1.68265e-40
1.41274e-41
0.00239191
-0.001096
-0.00178097
0.00857085
0.00367832
-0.0231128
-0.0372225
-0.018852
0.00801509
0.00453147
-0.0144469
-0.0218881
-0.0111389
-0.00262922
-2.40601e-05
1.03072e-05
2.47525e-06
-6.91872e-10
-4.37311e-09
-8.67262e-11
4.2192e-12
1.7832e-13
-1.56323e-15
-9.6641e-17
-1.66232e-18
6.96888e-19
1.66366e-19
2.52379e-20
3.00585e-21
2.90113e-22
2.16208e-23
9.3708e-25
-4.68768e-26
-1.68536e-26
-2.38379e-27
-2.36068e-28
-1.57858e-29
-1.58234e-31
1.66657e-31
3.61272e-32
5.4107e-33
6.85189e-34
7.81338e-35
8.26021e-36
8.2307e-37
7.81249e-38
7.11688e-39
6.25689e-40
5.33193e-41
4.4709e-42
-0.000638412
0.000833116
-0.000923472
-0.00186517
0.00360736
0.0075043
-0.00128288
-0.0223912
-0.0435274
-0.0471818
-0.0327979
-0.0119345
-0.00145113
0.000648776
0.000194156
1.31647e-05
-5.34678e-07
-1.04844e-07
4.07601e-11
7.72391e-11
3.23162e-12
-4.5495e-14
-4.28726e-15
-2.47858e-18
-1.21322e-18
-3.3986e-19
-7.22578e-20
-1.31747e-20
-2.16086e-21
-3.25398e-22
-4.54328e-23
-5.91492e-24
-7.20822e-25
-8.2457e-26
-8.87157e-27
-8.98697e-28
-8.57135e-29
-7.68434e-30
-6.44894e-31
-5.02258e-32
-3.56519e-33
-2.21243e-34
-1.05936e-35
-1.55502e-37
4.90487e-38
9.00455e-39
1.11445e-39
1.17957e-40
1.14164e-41
1.05478e-42
9.89965e-05
-0.000191445
0.000334204
0.000191106
-0.00147081
-0.000594306
0.00388968
0.00685056
0.00642785
0.00807023
0.00958826
0.00682707
0.00261674
0.000522492
-2.45891e-05
-9.52063e-06
-8.52044e-07
2.13608e-08
4.45139e-09
4.44669e-11
-1.22126e-12
-1.55472e-13
1.234e-16
8.08523e-18
5.44905e-19
-1.1782e-20
-1.74132e-20
-4.7531e-21
-9.40228e-22
-1.57503e-22
-2.36506e-23
-3.26991e-24
-4.21975e-25
-5.11973e-26
-5.86503e-27
-6.36278e-28
-6.553e-29
-6.421e-30
-5.99785e-31
-5.34997e-32
-4.56258e-33
-3.72243e-34
-2.90417e-35
-2.16245e-36
-1.52976e-37
-1.01873e-38
-6.26725e-40
-3.41265e-41
-1.44821e-42
-1.75223e-44
-4.30533e-05
8.7414e-05
-0.000170348
-5.01055e-05
0.000939869
-0.000412837
-0.0039735
-0.00206291
0.011832
0.022553
0.0188394
0.00819759
0.00105032
-0.000244751
-0.000119466
-2.02768e-05
1.3308e-07
3.73061e-08
2.46937e-09
-3.21348e-12
-7.94569e-13
-5.67424e-14
1.89962e-17
8.2036e-18
2.1997e-18
4.37216e-19
7.00668e-20
9.44467e-21
1.08833e-21
1.06167e-22
8.25303e-24
3.84193e-25
-2.12644e-26
-8.84281e-27
-1.53756e-27
-2.08792e-28
-2.47542e-29
-2.6726e-30
-2.68386e-31
-2.53822e-32
-2.27898e-33
-1.95333e-34
-1.60427e-35
-1.26557e-36
-9.60096e-38
-7.00292e-39
-4.90185e-40
-3.27842e-41
-2.07746e-42
-1.23981e-43
)
;

boundaryField
{
    movingWall
    {
        type            zeroGradient;
    }
    fixedWalls
    {
        type            zeroGradient;
    }
    frontAndBack
    {
        type            empty;
    }
}

