/*--------------------------------*- C++ -*----------------------------------*\
| =========                 |                                                 |
| \\      /  F ield         | OpenFOAM: The Open Source CFD Toolbox           |
|  \\    /   O peration     | Version:  v2006                                 |
|   \\  /    A nd           | Website:  www.openfoam.com                      |
|    \\/     M anipulation  |                                                 |
\*---------------------------------------------------------------------------*/
FoamFile
{
    version     2.0;
    format      ascii;
    class       volScalarField;
    location    "0";
    object      f;
}
// * * * * * * * * * * * * * * * * * * * * * * * * * * * * * * * * * * * * * //

dimensions      [0 0 0 0 0 0 0];


internalField   nonuniform List<scalar> 
2500
(
1.37325e-10
2.42363e-10
-9.67502e-10
-1.06583e-09
3.87758e-09
3.29649e-09
-1.2234e-08
-9.50333e-09
3.19704e-08
3.31985e-08
-8.17646e-08
-9.82866e-08
1.62303e-07
2.96549e-07
-2.47236e-07
-7.24358e-07
2.01286e-08
1.54649e-06
9.50986e-07
-2.48253e-06
-3.40608e-06
1.62983e-06
7.3704e-06
3.75941e-06
-7.47592e-06
-1.24673e-05
4.64141e-07
6.07892e-06
9.57792e-06
9.33163e-06
3.00961e-05
2.30017e-06
-0.00012435
-0.000216283
3.76854e-05
0.000888757
0.00203696
0.00223837
0.000359107
-0.00408705
-0.00897751
-0.00971658
-0.00320894
0.01322
0.0373757
0.0654068
0.0825224
0.104475
0.0571499
0.188866
-4.99941e-11
-2.40377e-10
4.152e-10
1.13661e-09
-1.836e-09
-3.661e-09
6.15717e-09
1.02267e-08
-1.54136e-08
-3.12839e-08
3.65057e-08
8.55896e-08
-6.27117e-08
-2.27729e-07
6.08769e-08
5.13587e-07
1.78882e-07
-1.02587e-06
-9.81258e-07
1.52834e-06
3.20242e-06
-8.28e-07
-6.93803e-06
-5.01944e-06
9.72455e-06
1.91393e-05
1.15392e-06
-3.61632e-05
-4.4532e-05
-2.57747e-06
9.50965e-05
0.000168751
0.000126797
-8.12016e-05
-0.00052593
-0.00116615
-0.00172964
-0.00173702
-0.000794034
0.00135079
0.00378829
0.0043248
0.00130935
-0.00682183
-0.0192727
-0.0348629
-0.0447182
-0.0600677
-0.0301539
-0.118479
3.99306e-12
6.17159e-11
-4.25379e-11
-3.25482e-10
2.76629e-10
1.07214e-09
-1.0221e-09
-3.01081e-09
2.34812e-09
9.04951e-09
-5.03889e-09
-2.48535e-08
4.98785e-09
6.18232e-08
1.46486e-08
-1.27587e-07
-1.31933e-07
2.23595e-07
4.51296e-07
-1.65307e-07
-1.18686e-06
-7.33457e-07
1.90217e-06
3.96866e-06
3.95406e-07
-8.21935e-06
-1.28201e-05
-3.75963e-07
2.7646e-05
5.19177e-05
1.62256e-05
-8.38113e-05
-0.000193328
-0.000189977
5.76482e-05
0.000548828
0.00103676
0.0011178
0.000626507
-0.000438642
-0.00148755
-0.00161931
-0.00030589
0.00297838
0.00771214
0.0134873
0.0167995
0.0225649
0.0106989
0.0448067
-1.32851e-11
-2.20001e-11
1.01935e-10
1.0884e-10
-4.18577e-10
-3.30581e-10
1.29874e-09
9.83776e-10
-3.43384e-09
-3.2908e-09
8.33229e-09
1.02554e-08
-1.5989e-08
-2.9413e-08
2.16859e-08
6.25225e-08
1.24887e-08
-1.13612e-07
-1.15839e-07
1.1347e-07
2.44276e-07
1.56947e-07
-4.83267e-08
-6.06363e-07
-1.35265e-06
-5.78115e-07
2.35845e-06
7.57537e-06
7.04534e-06
-1.22567e-05
-3.51655e-05
-3.12863e-05
2.74367e-05
0.000117019
0.000120068
-3.10409e-05
-0.000292078
-0.000414359
-0.000139962
0.000617847
0.00149296
0.00170237
0.000705032
-0.00187445
-0.00565299
-0.00994031
-0.0124891
-0.0155662
-0.00863163
-0.0272898
-2.04357e-12
3.01647e-11
3.33003e-12
-1.52238e-10
2.12133e-11
5.07232e-10
-1.05972e-10
-1.42723e-09
1.64215e-10
3.91691e-09
-8.21965e-12
-9.54198e-09
-2.58455e-09
2.17704e-08
1.34228e-08
-3.80844e-08
-5.93825e-08
7.03005e-08
1.50005e-07
-5.67693e-08
-3.38125e-07
-1.11647e-07
6.91568e-07
6.65508e-07
-6.38466e-07
-2.5208e-06
-1.03244e-06
4.00824e-06
8.72903e-06
3.02507e-06
-1.33037e-05
-3.47341e-05
-3.42554e-05
8.84588e-06
0.000103282
0.000226997
0.000308751
0.000283134
0.000106573
-0.00019025
-0.000461746
-0.000447457
4.84521e-05
0.00118025
0.00278177
0.00476773
0.00599657
0.00806919
0.0038896
0.0162231
5.61351e-13
7.01723e-12
-5.20381e-12
-2.89882e-11
1.50443e-11
9.96143e-11
-4.01829e-11
-3.36627e-10
1.97669e-10
7.91091e-10
-3.99842e-10
-1.87794e-09
9.25958e-10
4.4184e-09
-1.9165e-09
-1.36313e-08
8.18342e-09
3.76802e-08
-3.59762e-09
-1.13134e-07
-4.14353e-08
2.71272e-07
4.25911e-07
-5.58483e-07
-1.54179e-06
-5.45802e-07
3.55072e-06
6.65524e-06
1.15359e-07
-1.55728e-05
-2.47569e-05
-5.06459e-06
4.17828e-05
8.43654e-05
6.30052e-05
-4.01247e-05
-0.000160011
-0.000171706
-2.14538e-05
0.000243733
0.000444234
0.000386925
-2.79793e-05
-0.000808224
-0.0017243
-0.00257811
-0.0028354
-0.00305175
-0.00177564
-0.00427757
2.79964e-12
5.51739e-12
-2.27418e-11
-2.53323e-11
8.65176e-11
8.12288e-11
-2.69356e-10
-2.12941e-10
7.17764e-10
6.24005e-10
-1.71772e-09
-1.8124e-09
3.75537e-09
3.8887e-09
-3.98903e-09
-9.87032e-09
1.1023e-09
9.49826e-09
-3.68953e-09
1.73688e-09
6.09093e-08
-1.73323e-09
-2.33338e-07
-3.1713e-07
4.4531e-07
1.47647e-06
8.26037e-07
-2.61063e-06
-6.27177e-06
-2.61604e-06
8.69705e-06
1.83017e-05
1.06586e-05
-1.22108e-05
-2.98898e-05
-1.59718e-05
2.55628e-05
4.10671e-05
-3.96237e-05
-0.000248957
-0.00047936
-0.000509219
-0.000177272
0.000598039
0.00170973
0.00290245
0.00359856
0.00419735
0.00261048
0.00646031
8.04108e-13
-6.77468e-12
-5.5147e-12
3.41262e-11
1.87879e-11
-1.21186e-10
-4.42014e-11
3.5084e-10
1.39989e-10
-9.61456e-10
-4.52631e-10
2.33378e-09
1.56684e-09
-5.25706e-09
-5.27061e-09
1.03969e-08
1.56882e-08
-1.66642e-08
-3.91027e-08
2.34575e-08
8.66936e-08
4.21778e-09
-2.28956e-07
-1.30263e-07
3.50678e-07
8.68428e-07
4.95505e-08
-2.02694e-06
-3.5742e-06
-5.42106e-08
8.38099e-06
1.58261e-05
1.17763e-05
-1.56105e-05
-5.66049e-05
-8.90474e-05
-8.70181e-05
-5.13706e-05
1.64149e-05
8.91044e-05
0.000116917
6.17891e-05
-0.000130233
-0.000459643
-0.000892157
-0.00137626
-0.0016607
-0.00215077
-0.00105956
-0.00417555
4.08819e-13
-4.30658e-13
-4.37486e-12
6.1342e-12
1.91226e-11
-3.06806e-11
-4.44679e-11
9.49842e-11
9.08075e-11
-2.36887e-10
-2.33015e-10
5.27057e-10
5.74853e-10
-1.01824e-09
-1.06913e-09
1.77868e-09
9.59299e-10
-4.69103e-09
7.55891e-10
1.83943e-08
-8.34727e-10
-6.63089e-08
-7.42483e-08
1.90967e-07
3.78594e-07
-2.36516e-08
-1.20334e-06
-1.26652e-06
6.29195e-07
4.37579e-06
5.89358e-06
-5.30692e-07
-1.33069e-05
-2.34357e-05
-9.12236e-06
2.53275e-05
6.01186e-05
5.85358e-05
1.41724e-06
-9.0913e-05
-0.00015587
-0.000132625
2.05824e-05
0.000303545
0.000629776
0.000921656
0.00101432
0.00104418
0.000648488
0.00137262
-2.44727e-13
-3.73584e-12
3.00479e-12
1.82862e-11
-1.32456e-11
-6.20408e-11
4.75728e-11
1.71228e-10
-1.33038e-10
-4.42181e-10
2.90604e-10
1.04574e-09
-3.79069e-10
-2.20475e-09
-2.30665e-10
4.17687e-09
2.98589e-09
-6.40926e-09
-6.42311e-09
3.67308e-09
6.62569e-09
-4.86221e-09
1.78828e-08
6.69945e-08
-3.1344e-08
-2.88827e-07
-3.52488e-07
3.11832e-07
1.41425e-06
1.11029e-06
-4.20278e-07
-3.23399e-06
-2.68303e-06
-1.2194e-06
2.62201e-07
-2.01813e-06
-1.24859e-05
-1.80769e-05
1.88604e-06
6.12833e-05
0.000130938
0.000150023
6.31401e-05
-0.000157453
-0.000486384
-0.000861187
-0.00108882
-0.00132047
-0.000790248
-0.00218882
-4.11011e-13
1.45694e-12
3.46152e-12
-9.88279e-12
-1.18769e-11
3.63154e-11
3.08908e-11
-1.12221e-10
-8.37883e-11
3.06596e-10
2.42856e-10
-7.55226e-10
-6.54039e-10
1.63715e-09
1.94241e-09
-3.27795e-09
-5.83643e-09
6.29063e-09
1.46613e-08
-8.90999e-09
-3.92413e-08
-1.00602e-09
1.02807e-07
8.49105e-08
-1.75872e-07
-4.40159e-07
-3.9122e-08
1.00286e-06
1.65974e-06
2.25755e-08
-3.64402e-06
-6.9455e-06
-4.22427e-06
7.92587e-06
2.24438e-05
3.07654e-05
2.66798e-05
1.28743e-05
-4.98086e-06
-1.42151e-05
-1.01597e-05
7.62165e-06
5.09617e-05
0.000114337
0.000199688
0.000306576
0.000368624
0.000523425
0.000219507
0.00114039
-2.8655e-13
3.37849e-13
2.22237e-12
-2.656e-12
-7.18789e-12
1.13915e-11
1.5738e-11
-3.32635e-11
-3.01075e-11
8.2898e-11
9.13896e-11
-1.82374e-10
-2.92349e-10
3.58172e-10
6.98066e-10
-5.37353e-10
-1.23411e-09
8.18578e-10
1.05889e-09
-2.59441e-09
6.09135e-10
1.63748e-08
1.09646e-08
-6.44509e-08
-9.81236e-08
8.05006e-08
4.25225e-07
3.10182e-07
-5.24934e-07
-1.65019e-06
-1.40399e-06
9.06427e-07
4.94046e-06
7.40405e-06
2.29673e-06
-9.74502e-06
-2.23191e-05
-2.24396e-05
-8.54387e-06
1.47065e-05
3.23664e-05
3.02901e-05
-5.19897e-06
-6.82785e-05
-0.000137362
-0.000198128
-0.000216401
-0.000221436
-0.000135803
-0.000287259
-1.03581e-13
1.21884e-12
4.62617e-14
-5.53336e-12
1.01191e-12
1.88698e-11
-4.77329e-12
-5.20195e-11
1.32277e-11
1.31858e-10
-1.56381e-11
-3.06305e-10
-6.43299e-11
6.44336e-10
3.76993e-10
-1.02733e-09
-1.37646e-09
8.19213e-10
2.84105e-09
1.07236e-09
-2.7665e-11
-4.8493e-09
-1.62807e-08
-8.74244e-09
2.59271e-08
8.63385e-08
8.69848e-08
-1.42696e-07
-4.26634e-07
-3.1681e-07
4.17216e-07
1.44752e-06
1.15142e-06
-5.64067e-07
-2.7212e-06
-2.98158e-06
1.21447e-07
4.89053e-06
4.33916e-06
-7.77329e-06
-2.64674e-05
-4.05741e-05
-3.02645e-05
1.57635e-05
9.16329e-05
0.000181327
0.000239646
0.000302134
0.00017774
0.000528895
1.53359e-13
-3.76398e-13
-1.15814e-12
2.30422e-12
4.19997e-12
-9.81765e-12
-1.10303e-11
3.03617e-11
2.79216e-11
-8.55792e-11
-8.69789e-11
2.00812e-10
2.89465e-10
-4.60752e-10
-8.40406e-10
9.32269e-10
2.15345e-09
-1.57529e-09
-5.18752e-09
2.18939e-09
1.16045e-08
7.40758e-10
-2.73063e-08
-2.0342e-08
5.44951e-08
1.02505e-07
-1.05901e-08
-2.74935e-07
-4.22539e-07
1.51513e-07
1.11073e-06
1.73519e-06
5.60759e-07
-2.78715e-06
-6.92893e-06
-6.75408e-06
-3.223e-06
1.62285e-06
2.88044e-06
-4.20336e-07
-5.47114e-06
-1.1415e-05
-1.46793e-05
-1.43415e-05
-1.32355e-05
-2.07484e-05
-2.49721e-05
-6.07323e-05
-6.68315e-06
-0.000200421
1.08351e-13
-1.96535e-13
-6.54586e-13
1.36808e-12
1.869e-12
-5.1545e-12
-4.53133e-12
1.55012e-11
1.18849e-11
-4.24491e-11
-3.82304e-11
1.0005e-10
1.35435e-10
-2.26265e-10
-3.40661e-10
3.16307e-10
8.59176e-10
-1.65673e-10
-1.4866e-09
-4.5383e-10
7.31708e-10
-7.20407e-10
1.18116e-09
1.33914e-08
9.85221e-09
-2.80854e-08
-8.49471e-08
-7.54072e-08
1.52933e-07
4.37744e-07
3.46957e-07
-5.21029e-07
-1.65628e-06
-1.87777e-06
9.17294e-08
3.41529e-06
6.82613e-06
6.62551e-06
3.33427e-06
-1.60139e-06
-6.41118e-06
-2.79224e-06
5.4204e-06
1.35518e-05
1.79035e-05
1.547e-05
1.00216e-05
-2.80394e-06
3.88648e-06
-3.5525e-05
2.69244e-14
-2.54525e-13
-1.27138e-13
1.31631e-12
2.72775e-13
-3.87402e-12
-2.15697e-13
9.96776e-12
6.76124e-13
-2.43774e-11
-1.26364e-12
6.17488e-11
6.56397e-13
-9.42776e-11
-4.52555e-11
1.16772e-10
1.36304e-10
2.30115e-10
-1.7709e-10
-1.54969e-09
-1.03467e-09
3.07453e-09
7.66189e-09
9.26139e-10
-1.52784e-08
-3.27851e-08
3.74378e-10
7.18361e-08
1.46851e-07
4.90503e-08
-3.05333e-07
-6.12536e-07
-3.25436e-07
7.5283e-07
1.86e-06
2.22398e-06
7.11668e-07
-1.60002e-06
-2.24242e-06
8.10139e-07
7.66673e-06
1.25913e-05
1.15851e-05
2.44147e-06
-1.50281e-05
-3.59419e-05
-5.23587e-05
-6.47606e-05
-4.4071e-05
-0.000106346
-6.49327e-14
1.63796e-13
3.50548e-13
-9.49452e-13
-1.04007e-12
3.54088e-12
3.09174e-12
-1.13195e-11
-1.02243e-11
3.25308e-11
3.50481e-11
-8.75809e-11
-1.01355e-10
1.81221e-10
2.96116e-10
-2.87343e-10
-7.92853e-10
2.2591e-10
1.69551e-09
4.71369e-10
-3.13075e-09
-1.57177e-09
4.79553e-09
5.25653e-09
-1.34658e-08
-1.53692e-08
1.14798e-08
7.31773e-08
5.35005e-08
-1.04143e-07
-3.28639e-07
-2.85441e-07
2.28425e-07
1.0189e-06
1.60078e-06
7.49511e-07
-9.16391e-07
-2.18203e-06
-1.90041e-06
1.95599e-07
2.81415e-06
3.79834e-06
2.46943e-06
-1.77596e-07
-3.41945e-06
-3.06497e-06
-1.6479e-06
1.02385e-05
-2.51983e-06
5.29849e-05
-2.63806e-14
9.89617e-14
1.23063e-13
-5.11259e-13
-3.6313e-13
1.77647e-12
8.35101e-13
-5.31947e-12
-2.67806e-12
1.64209e-11
7.96166e-12
-4.20953e-11
-2.85408e-11
8.78955e-11
9.64946e-11
-1.21861e-10
-2.80197e-10
-9.3598e-11
7.44254e-10
6.18867e-10
-2.92282e-10
-2.18857e-09
-1.55754e-09
-3.07979e-10
6.07273e-09
9.07301e-09
5.02617e-09
-1.64472e-08
-4.48143e-08
-5.92277e-08
2.11749e-08
2.30277e-07
4.28686e-07
2.37073e-07
-5.33573e-07
-1.4432e-06
-1.92492e-06
-1.68185e-06
-6.32378e-07
2.98482e-07
-2.02887e-07
-1.74243e-06
-3.50108e-06
-3.79628e-06
-2.21171e-06
1.93511e-06
6.71663e-06
1.22482e-05
7.78214e-06
2.90222e-05
1.61198e-15
-1.86986e-14
1.71728e-14
5.15702e-14
-2.61823e-14
-3.17007e-13
-1.08608e-13
1.14378e-12
1.46622e-12
-3.68342e-12
-7.22598e-12
1.15737e-11
2.12425e-11
-2.87031e-11
-5.32775e-11
6.52544e-11
9.48104e-11
-4.59636e-11
-3.04523e-10
2.49288e-10
5.0598e-10
-2.07562e-10
-2.3892e-09
-1.91449e-10
5.74734e-09
9.51348e-09
-3.87473e-09
-3.33221e-08
-4.50443e-08
2.68366e-08
1.49219e-07
1.80754e-07
-1.48508e-08
-4.20688e-07
-8.55164e-07
-7.27827e-07
6.9671e-08
1.07792e-06
1.1247e-06
-7.51339e-08
-2.12915e-06
-3.83344e-06
-3.63451e-06
-7.74689e-07
4.3848e-06
9.93131e-06
1.3815e-05
1.47588e-05
1.11848e-05
1.79292e-05
2.49657e-15
-6.07781e-14
-1.51039e-14
3.23246e-13
8.06973e-14
-1.2927e-12
-3.20388e-13
4.30299e-12
1.38104e-12
-1.26999e-11
-6.18132e-12
3.29097e-11
2.50744e-11
-7.12387e-11
-8.29719e-11
8.94436e-11
2.87605e-10
-3.21049e-11
-5.84431e-10
-5.38725e-10
9.2681e-10
1.45737e-09
-2.5098e-12
-2.18419e-09
-1.61898e-09
-5.58106e-10
1.43142e-09
-3.02951e-09
4.08753e-09
3.35185e-08
3.54824e-08
-2.70879e-08
-1.59728e-07
-2.89813e-07
-1.48981e-07
3.48098e-07
8.85954e-07
1.06712e-06
6.80753e-07
-4.32489e-08
-6.53739e-07
-4.70255e-07
3.36886e-07
1.33768e-06
1.66264e-06
7.2202e-07
-5.70398e-07
-4.55384e-06
-5.85228e-07
-1.85082e-05
-6.01055e-16
4.06376e-15
-2.86859e-14
3.53993e-15
6.45187e-14
-6.4936e-14
-1.83098e-14
4.13538e-13
-5.7222e-13
-1.4614e-12
1.54352e-12
3.96846e-12
-1.49773e-12
-5.16721e-12
-1.69505e-11
2.24261e-11
4.62154e-11
2.05456e-11
-1.79113e-10
-1.63041e-10
1.36142e-10
7.73425e-10
6.17385e-10
-7.95341e-10
-3.10397e-09
-3.00961e-09
2.25292e-09
1.30961e-08
1.8939e-08
-1.87531e-09
-5.15229e-08
-9.25773e-08
-5.75012e-08
1.14576e-07
3.5739e-07
5.32608e-07
4.26795e-07
8.8087e-08
-1.92578e-07
-3.31326e-08
5.85272e-07
1.30171e-06
1.64297e-06
1.09376e-06
-5.21554e-07
-2.69291e-06
-4.74772e-06
-6.37336e-06
-4.43936e-06
-1.09488e-05
4.30095e-15
2.56972e-14
-3.99857e-14
-1.45834e-13
1.05806e-13
6.17444e-13
-2.3164e-13
-2.06277e-12
2.9185e-13
5.92054e-12
1.03957e-12
-1.5265e-11
-6.61088e-12
2.73477e-11
3.71968e-11
-4.68019e-11
-1.00526e-10
-3.7491e-12
2.45914e-10
1.61675e-10
-3.13576e-10
-5.23999e-10
1.48851e-10
6.70378e-10
8.81248e-11
-8.57105e-10
1.42241e-09
4.69701e-09
3.21185e-10
-1.29878e-08
-3.15927e-08
-2.08407e-08
4.78711e-08
1.51459e-07
2.01105e-07
2.46687e-08
-3.06548e-07
-5.67289e-07
-4.94804e-07
-3.61097e-08
5.80682e-07
9.20385e-07
6.22157e-07
-2.58579e-07
-1.47747e-06
-2.44975e-06
-2.92557e-06
-2.0713e-06
-2.44504e-06
9.3825e-07
2.9643e-15
5.28072e-16
-1.00284e-14
-2.61857e-14
5.88266e-14
1.72943e-13
-2.62505e-13
-7.20283e-13
5.92132e-13
2.42711e-12
-6.86155e-13
-6.27923e-12
-4.38745e-12
1.84848e-11
1.91497e-11
-2.49908e-11
-8.58871e-11
1.50988e-11
2.03328e-10
1.61124e-10
-3.06572e-10
-6.15056e-10
-1.8525e-10
1.05213e-09
1.64642e-09
7.38531e-10
-2.01815e-09
-5.36124e-09
-5.51229e-09
-1.49801e-09
1.31743e-08
3.26914e-08
5.56419e-08
1.85166e-08
-1.07067e-07
-2.47196e-07
-3.19625e-07
-2.49337e-07
-9.89299e-08
2.17428e-08
-5.03492e-08
-2.87061e-07
-5.19063e-07
-6.13255e-07
-2.93478e-07
5.03872e-07
1.32857e-06
2.54362e-06
1.2957e-06
6.54773e-06
-2.00445e-15
-1.34694e-14
2.21946e-14
7.81514e-14
-7.25619e-14
-2.92131e-13
1.71245e-13
8.87556e-13
-2.72081e-13
-2.28232e-12
1.89359e-13
4.21992e-12
2.96934e-12
-9.15755e-12
-8.98745e-12
7.09657e-12
3.07985e-11
5.1802e-12
-4.7358e-11
-4.59702e-11
3.96203e-11
2.00736e-11
-2.66616e-12
1.29317e-10
4.60519e-10
7.59752e-11
-1.64063e-09
-2.94486e-09
-1.83733e-09
6.10109e-09
1.99209e-08
1.99738e-08
-1.24641e-08
-7.80306e-08
-1.27176e-07
-9.64306e-08
3.13777e-08
1.74777e-07
1.88778e-07
2.92071e-08
-2.67475e-07
-5.0687e-07
-5.02971e-07
-1.00061e-07
5.63318e-07
1.26514e-06
1.77287e-06
1.85902e-06
1.53628e-06
1.89986e-06
-2.34651e-15
-2.75357e-15
2.14635e-14
2.62852e-14
-8.36604e-14
-1.41035e-13
2.66933e-13
5.48992e-13
-6.54323e-13
-1.6285e-12
4.87256e-13
5.21819e-12
1.44892e-12
-1.15302e-11
-1.33648e-11
2.12995e-11
4.62823e-11
-9.84922e-12
-1.18001e-10
-8.03611e-11
1.56412e-10
3.48865e-10
7.59823e-11
-5.58073e-10
-8.17068e-10
-1.68374e-10
1.03427e-09
1.66359e-09
1.71724e-09
2.38238e-09
-2.33793e-10
-1.12063e-08
-2.69209e-08
-2.9123e-08
7.29577e-09
8.36267e-08
1.77849e-07
1.91067e-07
1.24456e-07
8.00554e-09
-7.82014e-08
-5.22207e-08
7.63665e-08
2.47146e-07
3.75286e-07
2.95913e-07
1.38136e-07
-3.92794e-07
3.72876e-08
-2.06235e-06
-3.11436e-16
5.72679e-15
-3.79307e-15
-3.56086e-14
1.68981e-14
1.21476e-13
-3.43185e-14
-3.19068e-13
6.44159e-14
4.95563e-13
3.98151e-13
-7.55171e-13
-6.14347e-13
-2.71506e-13
1.57077e-12
3.73203e-12
1.27545e-12
-1.31911e-11
-1.78752e-11
-1.47135e-12
6.63222e-11
1.00874e-10
-3.12297e-11
-3.30927e-10
-3.99466e-10
1.41007e-10
1.06317e-09
1.9248e-09
1.30258e-09
-3.53406e-09
-9.09856e-09
-1.29286e-08
-1.57513e-09
2.99058e-08
6.40469e-08
8.04272e-08
3.95778e-08
-1.82837e-08
-5.11488e-08
-1.27258e-08
9.50634e-08
2.10278e-07
2.40652e-07
1.31656e-07
-1.43644e-07
-4.94523e-07
-7.8347e-07
-1.00269e-06
-6.88817e-07
-1.74023e-06
1.05055e-15
3.17427e-15
-1.27223e-14
-1.99246e-14
5.78461e-14
8.79641e-14
-1.80212e-13
-2.9748e-13
3.25068e-13
9.92534e-13
-4.53256e-13
-2.56377e-12
-9.22209e-13
6.04434e-12
5.99177e-12
-8.58115e-12
-2.25227e-11
3.89458e-12
4.86806e-11
4.26685e-11
-5.58788e-11
-1.45861e-10
-6.11266e-11
1.92692e-10
3.08764e-10
1.31202e-10
-1.98375e-10
-4.22442e-10
-6.83947e-10
-2.14474e-09
-2.00811e-09
2.97136e-09
1.26669e-08
2.18816e-08
1.35274e-08
-2.32701e-08
-6.82809e-08
-9.56261e-08
-7.6852e-08
-1.11899e-08
6.55663e-08
8.78765e-08
3.58419e-08
-7.15358e-08
-2.07261e-07
-2.91217e-07
-3.21632e-07
-1.63915e-07
-2.61834e-07
3.75903e-07
3.78725e-16
-1.67e-15
-8.40248e-16
1.18197e-14
2.5804e-15
-4.23559e-14
-8.69439e-15
5.79385e-14
1.09297e-13
-2.62504e-14
-2.57605e-13
-4.83826e-13
3.51917e-13
1.95518e-12
8.88636e-13
-6.15808e-12
-5.90047e-12
8.38691e-12
2.54821e-11
8.60939e-12
-5.84146e-11
-8.99459e-11
1.99264e-11
2.32555e-10
2.59424e-10
-5.65331e-11
-6.51165e-10
-1.03747e-09
-5.02561e-10
1.23292e-09
4.13462e-09
6.19078e-09
2.89802e-09
-8.60724e-09
-2.71305e-08
-4.11307e-08
-3.99882e-08
-2.10098e-08
-8.36747e-10
3.61903e-09
-2.47481e-08
-6.50627e-08
-9.16217e-08
-9.24123e-08
-1.548e-08
1.19625e-07
2.39933e-07
3.95336e-07
2.25184e-07
8.74165e-07
-3.0941e-16
-1.5595e-15
5.32717e-15
1.02999e-14
-3.04766e-14
-3.89833e-14
8.24346e-14
1.46508e-13
-1.73961e-13
-4.27661e-13
1.22652e-13
1.17222e-12
4.30365e-13
-2.25407e-12
-2.74317e-12
3.21027e-12
8.35627e-12
6.29127e-13
-1.49979e-11
-2.02375e-11
1.03295e-11
4.77855e-11
3.77172e-11
-2.72571e-11
-9.09594e-11
-1.22529e-10
-6.85033e-11
-5.73393e-11
3.93567e-10
1.18543e-09
1.82214e-09
2.45761e-10
-5.18953e-09
-1.14964e-08
-1.23974e-08
-2.14575e-10
2.17063e-08
3.88776e-08
3.59054e-08
5.8467e-09
-3.28737e-08
-5.64442e-08
-4.26016e-08
1.60317e-08
1.00014e-07
1.69742e-07
2.23527e-07
1.9433e-07
1.87202e-07
9.92336e-08
-1.50927e-16
7.79269e-17
1.71079e-15
-1.99478e-15
-5.35726e-15
3.71389e-15
3.17212e-14
-2.77156e-18
-9.5906e-14
-9.62498e-14
2.18502e-13
5.05927e-13
-1.47816e-13
-1.74612e-12
-5.92869e-13
3.82524e-12
4.35824e-12
-4.33233e-12
-1.69542e-11
-6.00638e-12
3.21925e-11
5.0892e-11
-3.47574e-12
-1.21632e-10
-1.38991e-10
1.55749e-11
3.11877e-10
4.70045e-10
2.87117e-10
-2.89314e-10
-1.60071e-09
-2.89213e-09
-2.6036e-09
1.08346e-09
9.46616e-09
1.90522e-08
2.35622e-08
1.9476e-08
9.78292e-09
1.93474e-09
3.28756e-09
1.4219e-08
2.98597e-08
3.86268e-08
2.96832e-08
-7.25071e-09
-4.88475e-08
-1.19936e-07
-5.23272e-08
-3.58139e-07
1.79483e-17
2.21424e-16
-1.17613e-15
-2.05353e-15
9.01e-15
1.41757e-14
-3.03979e-14
-5.59435e-14
4.41189e-14
1.88414e-13
-1.6375e-14
-4.11557e-13
-2.63485e-13
7.19363e-13
1.25729e-12
-8.14815e-13
-2.31688e-12
-1.94562e-12
3.79463e-12
8.41102e-12
1.9809e-12
-1.01292e-11
-2.54039e-11
-1.25569e-11
1.51236e-11
5.30325e-11
1.27929e-10
9.405e-11
-1.34279e-10
-6.57949e-10
-1.15941e-09
-4.82139e-10
1.88017e-09
5.59288e-09
7.75985e-09
3.99635e-09
-4.58561e-09
-1.28905e-08
-1.30657e-08
-2.94339e-09
1.4289e-08
2.65382e-08
2.63442e-08
3.84949e-09
-3.5698e-08
-7.82342e-08
-1.08221e-07
-1.17303e-07
-8.95635e-08
-1.33933e-07
8.59437e-18
-2.65362e-17
-4.6597e-16
-4.88175e-16
4.76583e-15
1.15059e-15
-1.85784e-14
-1.58362e-14
5.94624e-14
8.07452e-14
-1.18789e-13
-3.49905e-13
9.34155e-14
9.52291e-13
3.02821e-13
-1.93264e-12
-2.64649e-12
2.0733e-12
8.2269e-12
3.68614e-12
-1.42301e-11
-2.51041e-11
1.00709e-12
5.04839e-11
6.56382e-11
8.6878e-12
-1.18004e-10
-1.96198e-10
-1.72192e-10
4.88272e-11
5.19997e-10
1.06733e-09
1.68228e-09
4.82804e-10
-2.92229e-09
-7.48315e-09
-1.17261e-08
-1.16134e-08
-7.44899e-09
-1.8071e-09
1.44079e-09
-5.51948e-10
-8.11905e-09
-1.69387e-08
-2.15511e-08
-1.41505e-08
-3.25356e-09
2.66321e-08
1.44045e-09
1.20018e-07
-2.53623e-18
-1.9035e-17
-4.61898e-17
2.45077e-16
-1.11449e-15
-2.72134e-15
4.76114e-15
2.07083e-14
-7.9601e-15
-5.8983e-14
-1.87323e-14
1.26037e-13
1.86908e-13
-2.02592e-13
-4.82572e-13
-1.58368e-14
6.73909e-13
1.54349e-12
-3.07174e-13
-3.12685e-12
-4.03125e-12
6.99704e-13
1.03102e-11
1.66686e-11
5.29481e-12
-2.49825e-11
-8.50158e-11
-7.55872e-11
3.59092e-11
3.09001e-10
5.99909e-10
4.31089e-10
-6.35064e-10
-2.38586e-09
-3.74329e-09
-3.20598e-09
-5.20608e-11
3.2882e-09
4.24889e-09
9.86484e-10
-5.34704e-09
-1.17106e-08
-1.1644e-08
-3.8361e-09
1.13495e-08
3.05758e-08
4.52383e-08
5.4097e-08
3.83024e-08
8.49434e-08
-3.43712e-19
-2.02769e-18
2.42453e-17
-4.74024e-17
-8.82913e-16
-1.09967e-15
7.62309e-15
9.65638e-15
-2.45449e-14
-5.22526e-14
5.02433e-14
1.74342e-13
-4.19247e-14
-4.35203e-13
-2.06758e-13
8.95688e-13
1.28991e-12
-9.67281e-13
-3.71681e-12
-1.66008e-12
5.68674e-12
1.08656e-11
8.53004e-13
-1.75167e-11
-2.8538e-11
-7.79427e-12
3.70688e-11
6.76865e-11
9.54082e-11
3.65076e-11
-1.40103e-10
-4.80273e-10
-8.23099e-10
-5.69832e-10
6.45305e-10
2.75064e-09
5.0581e-09
5.57086e-09
4.06487e-09
1.08907e-09
-1.79262e-09
-1.37928e-09
1.39275e-09
6.22071e-09
1.13274e-08
1.15435e-08
9.77225e-09
-7.7625e-10
6.9392e-09
-3.49532e-08
-7.70813e-20
7.44335e-19
2.64978e-18
-4.3336e-17
-2.99892e-16
5.72969e-16
-1.38661e-16
-3.4907e-15
-1.06032e-15
1.52659e-14
2.12637e-14
-2.44469e-14
-1.10198e-13
1.96976e-14
2.12624e-13
1.53312e-13
-2.42863e-13
-7.28905e-13
-3.08201e-13
9.67907e-13
2.79134e-12
1.0386e-12
-4.3404e-12
-1.00777e-11
-8.0221e-12
1.22914e-11
3.92216e-11
5.13801e-11
-2.70826e-13
-1.38628e-10
-2.73643e-10
-2.29206e-10
1.71476e-10
9.68273e-10
1.66896e-09
1.8548e-09
8.06417e-10
-5.46867e-10
-1.25597e-09
-3.15869e-10
2.04638e-09
4.34883e-09
5.02765e-09
2.6522e-09
-3.24107e-09
-1.0781e-08
-1.70645e-08
-2.26235e-08
-1.49372e-08
-4.06232e-08
1.83359e-20
1.70554e-19
-1.65101e-18
-1.29976e-17
7.53318e-17
1.47158e-16
-1.9202e-15
-3.68153e-15
9.36841e-15
2.03025e-14
-1.47551e-14
-7.87793e-14
1.47441e-14
1.9402e-13
1.0191e-13
-4.02963e-13
-5.25839e-13
3.61914e-13
1.43722e-12
9.14783e-13
-2.20196e-12
-4.15808e-12
-1.07291e-12
5.65338e-12
1.15174e-11
5.55651e-12
-8.20485e-12
-2.67264e-11
-4.52077e-11
-3.1301e-11
2.09871e-11
1.73179e-10
3.62452e-10
3.55406e-10
-4.99742e-11
-9.97327e-10
-2.00682e-09
-2.41398e-09
-1.8231e-09
-5.14896e-10
9.42316e-10
1.16429e-09
-4.23282e-11
-2.43371e-09
-4.99674e-09
-6.47264e-09
-6.61099e-09
-3.02311e-09
-5.05395e-09
8.33107e-09
4.11454e-21
-2.18484e-20
5.50206e-20
7.24305e-18
4.11774e-17
-9.87015e-17
-5.72507e-16
-1.96758e-16
1.75469e-15
1.95353e-16
-1.46651e-14
2.35409e-15
4.68605e-14
8.00756e-15
-8.93107e-14
-9.06762e-14
6.50819e-14
3.70864e-13
2.59647e-13
-3.342e-13
-1.33503e-12
-9.87159e-13
1.5823e-12
5.16028e-12
4.74687e-12
-4.7762e-12
-1.83064e-11
-2.46193e-11
-2.41969e-12
5.85356e-11
1.15488e-10
1.31331e-10
-2.4853e-11
-3.69013e-10
-7.06414e-10
-8.82739e-10
-5.64803e-10
-3.12577e-11
2.83154e-10
8.46199e-11
-7.20659e-10
-1.61061e-09
-1.89713e-09
-1.20248e-09
7.95605e-10
3.60999e-09
6.14241e-09
8.8024e-09
5.38368e-09
1.7292e-08
1.24361e-20
9.22965e-20
9.08791e-19
4.36983e-18
-2.17958e-18
-3.66681e-17
2.31633e-16
2.94809e-16
-2.20767e-15
-6.66472e-15
5.31483e-15
3.06765e-14
-1.94722e-15
-7.74097e-14
-3.96825e-14
1.56035e-13
2.03388e-13
-1.38548e-13
-5.33918e-13
-3.99295e-13
7.1068e-13
1.5274e-12
7.86992e-13
-1.81315e-12
-4.21526e-12
-3.46535e-12
1.27403e-12
1.01971e-11
1.83033e-11
1.88951e-11
1.78474e-12
-6.71068e-11
-1.56475e-10
-1.78866e-10
-3.93e-11
3.4553e-10
7.67932e-10
9.57857e-10
7.76998e-10
2.21023e-10
-4.10199e-10
-6.28246e-10
-2.12632e-10
8.13052e-10
2.05817e-09
2.95504e-09
3.25955e-09
2.14628e-09
2.59734e-09
-1.40998e-09
1.43748e-20
9.1245e-20
4.32036e-19
5.60287e-19
3.49527e-19
2.46869e-17
1.15195e-16
3.63277e-17
-1.25981e-15
-1.21768e-15
5.93955e-15
1.9792e-15
-1.81579e-14
-7.13346e-15
3.29713e-14
4.1855e-14
-1.25478e-14
-1.47557e-13
-1.51415e-13
1.25145e-13
6.05415e-13
5.57023e-13
-5.6189e-13
-2.27406e-12
-2.60408e-12
2.12043e-12
7.84148e-12
1.04434e-11
2.36393e-12
-2.36468e-11
-4.8137e-11
-6.24544e-11
3.06274e-12
1.37192e-10
2.87957e-10
3.62471e-10
2.74855e-10
8.83095e-11
-5.48019e-11
-1.46257e-11
2.44253e-10
5.76139e-10
7.25293e-10
5.65416e-10
-1.21618e-10
-1.16584e-09
-2.10586e-09
-3.25313e-09
-1.86789e-09
-6.8488e-09
5.04924e-21
2.45312e-20
6.18369e-20
2.65594e-19
2.86126e-18
1.17232e-17
6.29571e-18
-1.775e-17
1.66621e-16
1.26481e-15
-2.06227e-15
-9.61462e-15
2.24175e-15
2.80279e-14
1.03345e-14
-5.69761e-14
-6.90334e-14
4.6653e-14
1.99638e-13
1.36206e-13
-2.2876e-13
-5.44232e-13
-4.25091e-13
5.02696e-13
1.75492e-12
1.65652e-12
1.61503e-13
-3.80201e-12
-8.21656e-12
-9.31038e-12
-1.58578e-12
2.78179e-11
6.3121e-11
7.8026e-11
2.55122e-11
-1.16189e-10
-2.82995e-10
-3.65718e-10
-3.02672e-10
-7.74951e-11
1.57529e-10
2.68002e-10
1.28164e-10
-2.64398e-10
-7.98012e-10
-1.19477e-09
-1.40844e-09
-1.04931e-09
-1.1118e-09
5.08236e-11
-1.68112e-22
-1.49463e-21
1.01764e-20
2.32442e-19
1.05621e-18
1.64953e-18
-2.89196e-19
3.13288e-17
2.97135e-16
1.3665e-16
-2.04943e-15
-1.23753e-15
5.92721e-15
3.36359e-15
-8.5893e-15
-1.51925e-14
-4.22711e-16
4.8284e-14
6.57762e-14
-3.18538e-14
-2.42577e-13
-2.51787e-13
2.1818e-13
9.97747e-13
1.00088e-12
-8.19136e-13
-3.26334e-12
-4.31291e-12
-6.73078e-13
9.63147e-12
1.84301e-11
2.30606e-11
-1.44177e-12
-5.1008e-11
-1.0933e-10
-1.39769e-10
-1.15334e-10
-4.89442e-11
2.52294e-12
-2.8574e-12
-7.71642e-11
-2.00188e-10
-2.70201e-10
-2.58272e-10
-1.10832e-11
3.77843e-10
7.19842e-10
1.16719e-09
6.35818e-10
2.56332e-09
-4.00411e-22
-1.04516e-21
7.97901e-21
5.55403e-20
1.17648e-19
3.20216e-19
3.89033e-18
2.05542e-17
1.97699e-17
-9.52717e-17
5.08371e-16
1.47306e-15
-1.80237e-15
-7.02353e-15
-1.00268e-15
1.74192e-14
1.95138e-14
-1.54527e-14
-6.47055e-14
-4.81796e-14
7.47646e-14
2.00997e-13
1.78356e-13
-1.87525e-13
-6.49389e-13
-7.20033e-13
-1.35965e-13
1.4795e-12
3.13962e-12
3.558e-12
8.37474e-13
-1.00971e-11
-2.31685e-11
-2.95977e-11
-1.10993e-11
3.96706e-11
1.00994e-10
1.32942e-10
1.14474e-10
3.18437e-11
-5.87517e-11
-1.01955e-10
-5.09281e-11
1.0047e-10
3.0316e-10
4.52654e-10
5.44247e-10
4.22953e-10
4.28935e-10
7.12216e-11
-9.35717e-23
-2.16334e-22
-2.32665e-22
-3.39863e-21
3.37464e-21
2.9518e-19
1.5516e-18
7.23945e-20
-1.09834e-17
8.34764e-17
3.59496e-16
-7.8309e-18
-1.59722e-15
-1.06874e-15
2.05727e-15
5.57746e-15
1.51726e-15
-1.43807e-14
-2.51992e-14
5.00662e-15
8.99172e-14
9.57747e-14
-9.28787e-14
-3.6743e-13
-3.54019e-13
3.44446e-13
1.23375e-12
1.59232e-12
2.36728e-13
-3.52323e-12
-6.82859e-12
-8.44716e-12
3.46346e-13
1.8031e-11
3.93884e-11
5.05184e-11
4.30812e-11
2.03511e-11
7.50051e-13
6.40903e-13
2.66364e-11
7.07461e-11
9.68441e-11
9.18005e-11
4.67146e-12
-1.32088e-10
-2.51189e-10
-4.10079e-10
-2.19379e-10
-9.06875e-10
-7.69756e-23
-4.06608e-22
-1.92101e-21
-5.34062e-21
3.05599e-21
6.58555e-20
-8.35648e-21
-5.13247e-19
5.76119e-18
2.61388e-17
-9.35489e-18
-6.15442e-17
3.09121e-16
5.54163e-16
-4.13135e-16
-3.15603e-15
-2.87017e-15
3.9988e-15
1.81736e-14
1.58716e-14
-2.55184e-14
-7.37096e-14
-5.92748e-14
7.63673e-14
2.51312e-13
2.27679e-13
-8.13922e-16
-5.75319e-13
-1.13633e-12
-1.17813e-12
-1.84607e-13
3.72654e-12
8.17651e-12
1.02347e-11
3.49032e-12
-1.41036e-11
-3.53536e-11
-4.63217e-11
-3.92958e-11
-1.06524e-11
2.07042e-11
3.39143e-11
1.49923e-11
-3.97359e-11
-1.06636e-10
-1.55717e-10
-1.85067e-10
-1.43783e-10
-1.44155e-10
-2.86575e-11
-5.20797e-23
-2.62844e-22
-1.00551e-21
-2.36147e-21
-2.65434e-21
-9.86774e-21
-3.41646e-20
3.81623e-19
1.73824e-18
-1.54405e-18
-5.26373e-18
4.86244e-17
1.22484e-16
-8.68818e-18
-4.71108e-16
-9.98765e-16
-4.22213e-16
3.95805e-15
7.66379e-15
-2.7233e-15
-2.84839e-14
-2.74626e-14
3.74823e-14
1.17313e-13
1.01928e-13
-1.2439e-13
-4.01491e-13
-5.13235e-13
-5.77975e-14
1.18908e-12
2.29336e-12
2.60566e-12
-2.79151e-13
-6.29872e-12
-1.30625e-11
-1.66048e-11
-1.35752e-11
-5.73854e-12
3.66311e-13
-8.31044e-13
-1.06531e-11
-2.4661e-11
-3.15599e-11
-2.46988e-11
3.31088e-12
4.687e-11
8.64736e-11
1.37255e-10
7.4565e-11
2.99486e-10
-2.18535e-23
-1.06205e-22
-3.8946e-22
-1.0502e-21
-2.25251e-21
-3.57567e-21
1.31516e-20
7.79559e-20
-5.49505e-20
-1.93665e-19
2.95315e-18
8.15222e-18
4.44347e-19
-2.1847e-17
7.80161e-18
1.45815e-16
1.37688e-16
-6.14701e-16
-3.50296e-15
-2.95744e-15
8.29551e-15
2.09839e-14
1.34759e-14
-2.91734e-14
-8.29126e-14
-6.30666e-14
1.91805e-14
2.15862e-13
3.93657e-13
3.15228e-13
-6.10383e-14
-1.30866e-12
-2.59598e-12
-2.86039e-12
-6.15266e-13
4.91895e-12
1.14151e-11
1.43648e-11
1.20026e-11
3.66588e-12
-5.46263e-12
-9.10541e-12
-3.40673e-12
1.23566e-11
3.22387e-11
4.69764e-11
5.42769e-11
4.04912e-11
4.26502e-11
3.80174e-14
-7.56185e-24
-3.66961e-23
-1.37424e-22
-3.86405e-22
-7.74266e-22
-6.05411e-22
1.5554e-21
-9.59279e-23
1.9572e-21
1.57771e-19
5.15758e-19
1.4478e-19
-8.36001e-19
3.45214e-18
1.4856e-17
1.25949e-17
-6.4966e-17
-5.48207e-16
-8.35456e-16
1.1642e-15
6.09628e-15
5.8084e-15
-1.20503e-14
-3.15535e-14
-2.14431e-14
4.28932e-14
1.26918e-13
1.16313e-13
-3.09432e-14
-3.6452e-13
-6.92343e-13
-5.78701e-13
2.81498e-13
1.999e-12
3.76543e-12
4.62594e-12
3.30822e-12
1.0062e-12
-5.81166e-13
-1.89545e-14
3.16687e-12
7.2723e-12
9.259e-12
6.83003e-12
-1.91249e-12
-1.49967e-11
-2.69047e-11
-4.10091e-11
-2.3234e-11
-8.58458e-11
-2.27809e-24
-1.10235e-23
-4.05589e-23
-1.08423e-22
-2.04843e-22
-2.95332e-22
-4.32477e-22
6.17304e-22
8.62383e-21
1.15072e-20
-5.37795e-20
-1.18953e-19
3.26997e-19
1.41118e-18
9.51675e-19
-7.98625e-18
-2.76915e-17
7.00756e-20
2.0488e-16
-1.16524e-17
-1.79192e-15
-3.57211e-15
-8.51178e-16
8.82509e-15
2.214e-14
9.49202e-15
-1.77202e-14
-5.70126e-14
-9.4381e-14
-5.32125e-14
6.45279e-14
3.35986e-13
6.39895e-13
5.93268e-13
-4.39976e-14
-1.52218e-12
-3.05249e-12
-3.71497e-12
-3.06812e-12
-1.03832e-12
1.35006e-12
1.94498e-12
2.25251e-13
-3.76865e-12
-8.385e-12
-1.14607e-11
-1.22818e-11
-8.17983e-12
-9.47365e-12
4.14902e-12
-5.44605e-25
-2.61209e-24
-9.3861e-24
-2.44056e-23
-4.73299e-23
-8.2863e-23
-8.61071e-23
2.56366e-22
3.11651e-22
-4.14614e-21
-1.17636e-20
1.27956e-20
1.05676e-19
1.28701e-19
-5.0669e-19
-1.57575e-18
1.18168e-18
1.43962e-17
-3.23071e-18
-2.0727e-16
-5.47957e-16
-2.98392e-16
2.67209e-15
5.01398e-15
4.0353e-16
-9.91197e-15
-2.20966e-14
-1.6949e-14
1.74551e-14
7.30661e-14
1.24843e-13
8.5342e-14
-9.39054e-14
-4.31825e-13
-7.53969e-13
-8.50492e-13
-5.19525e-13
-1.39629e-14
3.29222e-13
1.10992e-13
-7.38631e-13
-1.59327e-12
-1.9061e-12
-1.11508e-12
9.60204e-13
3.82765e-12
6.19993e-12
8.80449e-12
5.27864e-12
1.72892e-11
-1.09245e-25
-5.21655e-25
-1.85984e-24
-4.81256e-24
-9.44511e-24
-1.57761e-23
-1.19709e-23
2.6066e-23
-1.36397e-22
-1.05975e-21
-1.46362e-21
4.79103e-21
1.61439e-20
-1.18282e-20
-1.20524e-19
4.04805e-20
1.06169e-18
3.01355e-19
-1.22287e-17
-2.27263e-17
1.24175e-16
2.51844e-16
-1.96674e-16
-1.41441e-15
-2.36322e-15
-3.98864e-16
4.36564e-15
7.49093e-15
1.06654e-14
2.9124e-15
-1.68269e-14
-4.78001e-14
-7.84371e-14
-5.55868e-14
4.64559e-14
2.51449e-13
4.51141e-13
5.00029e-13
3.63969e-13
1.08804e-13
-1.46111e-13
-1.7751e-13
6.13362e-14
5.59411e-13
1.10627e-12
1.34538e-12
1.31868e-12
6.21471e-13
9.92019e-13
-1.56069e-12
)
;

boundaryField
{
    movingWall
    {
        type            zeroGradient;
    }
    fixedWalls
    {
        type            zeroGradient;
    }
    frontAndBack
    {
        type            empty;
    }
}

