/*--------------------------------*- C++ -*----------------------------------*\
| =========                 |                                                 |
| \\      /  F ield         | OpenFOAM: The Open Source CFD Toolbox           |
|  \\    /   O peration     | Version:  v2006                                 |
|   \\  /    A nd           | Website:  www.openfoam.com                      |
|    \\/     M anipulation  |                                                 |
\*---------------------------------------------------------------------------*/
FoamFile
{
    version     2.0;
    format      ascii;
    class       volScalarField;
    location    "0";
    object      f;
}
// * * * * * * * * * * * * * * * * * * * * * * * * * * * * * * * * * * * * * //

dimensions      [0 0 0 0 0 0 0];


internalField   nonuniform List<scalar> 
2500
(
1.34138e-56
-2.65969e-46
-4.30868e-40
1.45639e-34
-5.42661e-32
-1.09731e-29
1.06628e-27
-9.86323e-26
-5.0411e-25
1.86273e-23
1.1882e-22
1.31325e-23
-4.16373e-21
-2.55343e-20
-5.16502e-20
-9.35938e-20
-2.09338e-19
-6.94748e-19
-8.18815e-19
4.38992e-19
8.61399e-18
2.29603e-17
5.11196e-17
7.06108e-17
5.91304e-17
1.86071e-17
2.49658e-17
1.12687e-16
1.14999e-16
-5.14004e-17
-2.06031e-16
-1.15427e-16
8.8806e-17
7.98012e-17
-1.09954e-18
-1.4214e-17
-4.24438e-18
7.09995e-19
1.29537e-18
8.08368e-19
3.87168e-19
1.6428e-19
6.50794e-20
2.45399e-20
8.83843e-21
3.02825e-21
9.79845e-22
2.96651e-22
8.29871e-23
6.61714e-24
6.09314e-55
5.19346e-44
-7.39958e-38
1.96535e-33
-4.59617e-31
-1.17878e-28
1.08464e-26
-4.14677e-25
-2.01431e-24
5.85874e-23
3.51645e-22
-6.27844e-23
-1.12566e-20
-6.18618e-20
-1.23535e-19
-2.38045e-19
-4.69952e-19
-9.7111e-19
-7.86017e-19
-1.21598e-18
6.5431e-18
1.95188e-17
4.99144e-17
7.60392e-17
7.28363e-17
1.10214e-17
-1.72824e-17
8.62114e-17
1.50441e-16
2.03405e-17
-1.77219e-16
-1.58185e-16
6.70415e-17
9.03503e-17
-2.01314e-19
-1.65437e-17
-4.69735e-18
7.36434e-19
1.22218e-18
6.99797e-19
3.10991e-19
1.24628e-19
4.75625e-20
1.75631e-20
6.25518e-21
2.12573e-21
6.80702e-22
2.02641e-22
5.51038e-23
5.36715e-24
-4.64511e-53
3.60254e-42
-2.31621e-36
2.19083e-32
-3.06693e-30
-1.04315e-27
7.77206e-26
-1.59893e-24
-6.72368e-24
1.81489e-22
1.05633e-21
-8.4318e-22
-3.26604e-20
-1.53426e-19
-2.7948e-19
-5.47478e-19
-1.15867e-18
-1.89902e-18
-8.58589e-19
-6.1574e-18
4.82289e-18
2.33285e-17
7.0329e-17
1.19175e-16
1.38806e-16
2.2033e-17
-6.9368e-17
8.35712e-17
2.53863e-16
1.05397e-16
-2.43528e-16
-3.00909e-16
7.851e-17
1.62942e-16
1.78716e-18
-3.06763e-17
-8.36497e-18
1.3772e-18
2.04526e-18
1.10141e-18
4.6626e-19
1.809e-19
6.80013e-20
2.5058e-20
8.96245e-21
3.06089e-21
9.82328e-22
2.9165e-22
7.85148e-23
8.31261e-24
-1.41339e-50
1.62552e-40
-5.18881e-35
2.32254e-31
-1.84387e-29
-8.41256e-27
4.7521e-25
-6.30134e-24
-1.96108e-23
5.72901e-22
3.32009e-21
-5.27561e-21
-9.82377e-20
-3.67121e-19
-5.39501e-19
-9.84288e-19
-2.54702e-18
-3.81805e-18
7.62728e-20
-2.16224e-17
-4.90047e-18
2.29735e-17
9.04122e-17
1.74986e-16
2.59944e-16
6.05725e-17
-1.55415e-16
1.68628e-17
3.87365e-16
2.86789e-16
-2.99585e-16
-5.46911e-16
6.28696e-17
2.89603e-16
8.38468e-18
-5.64664e-17
-1.45894e-17
2.66922e-18
3.41289e-18
1.70335e-18
6.79191e-19
2.53603e-19
9.39613e-20
3.47218e-20
1.25422e-20
4.32355e-21
1.39436e-21
4.13376e-22
1.1015e-22
1.24753e-23
-2.2248e-48
6.23638e-39
-9.97577e-34
2.344e-30
-1.00951e-28
-6.28853e-26
2.63281e-24
-2.61741e-23
-5.51523e-23
1.84794e-21
1.1566e-20
-2.39681e-20
-3.09412e-19
-8.89935e-19
-8.56071e-19
-1.00576e-18
-4.65974e-18
-7.5015e-18
5.33296e-18
-6.68757e-17
-3.28954e-17
1.31185e-17
1.00128e-16
2.33922e-16
4.46694e-16
1.70773e-16
-2.56993e-16
-2.10709e-16
5.24861e-16
6.50068e-16
-3.08767e-16
-9.54306e-16
-2.52325e-17
5.08964e-16
2.78082e-17
-1.0338e-16
-2.49115e-17
5.3031e-18
5.67566e-18
2.58033e-18
9.54389e-19
3.40105e-19
1.24447e-19
4.64963e-20
1.71036e-20
5.98551e-21
1.94605e-21
5.76839e-22
1.5209e-22
1.81807e-23
-2.88254e-46
2.17567e-37
-1.73475e-32
2.2608e-29
-5.69641e-28
-4.39537e-25
1.36883e-23
-1.15472e-22
-2.15527e-22
5.86955e-21
4.55978e-20
-8.44829e-20
-1.0001e-18
-2.32684e-18
-1.03519e-18
1.60167e-18
-5.60397e-18
-1.35029e-17
2.53387e-17
-1.96569e-16
-9.0887e-17
-1.49879e-17
8.03459e-17
2.69773e-16
6.4492e-16
4.59955e-16
-3.23721e-16
-9.06361e-16
6.1152e-16
1.42027e-15
-2.07699e-16
-1.62311e-15
-2.86789e-16
8.85543e-16
8.16355e-17
-1.88783e-16
-4.1622e-17
1.06753e-17
9.39556e-18
3.81142e-18
1.27918e-18
4.29539e-19
1.55987e-19
5.97754e-20
2.26741e-20
8.11633e-21
2.67003e-21
7.9229e-22
2.06563e-22
2.57536e-23
-3.36803e-44
7.07759e-36
-2.78613e-31
2.10815e-28
-4.69942e-27
-2.88879e-24
6.91537e-23
-5.20861e-22
-1.39531e-21
1.63781e-20
1.94085e-19
-2.14347e-19
-3.18565e-18
-6.84107e-18
-9.86005e-19
1.28905e-17
3.91748e-18
-1.96527e-17
8.80484e-17
-5.92767e-16
-1.68872e-16
-8.48436e-17
4.11761e-18
2.2836e-16
3.69841e-15
1.24916e-15
-2.0079e-15
-3.68945e-15
6.01075e-16
4.08198e-15
1.1015e-16
-3.83751e-15
-9.78406e-16
1.54545e-15
2.26107e-16
-3.45623e-16
-6.80409e-17
2.1561e-17
1.54522e-17
5.45107e-18
1.60342e-18
4.96141e-19
1.81032e-19
7.31059e-20
2.91571e-20
1.07795e-20
3.60208e-21
1.07099e-21
2.7578e-22
3.54605e-23
-3.66431e-42
2.16907e-34
-4.17196e-30
1.95625e-27
-6.1208e-26
-1.79764e-23
3.53916e-22
-2.2045e-21
-9.96433e-21
2.55852e-20
8.23825e-19
-1.77723e-19
-9.5231e-18
-2.2302e-17
-2.78151e-18
4.37392e-17
5.67155e-17
-1.02033e-17
2.57464e-16
-2.24038e-15
-1.69079e-15
-3.59852e-16
-1.1274e-16
2.63048e-16
4.61847e-14
2.95991e-15
-8.68323e-14
-1.31686e-14
6.61948e-15
1.64889e-14
6.44479e-16
-1.98352e-14
-2.66431e-15
3.40086e-15
6.1702e-16
-6.40683e-16
-1.08936e-16
4.33902e-17
2.51699e-17
7.46032e-18
1.80523e-18
4.89815e-19
1.86098e-19
8.39381e-20
3.63209e-20
1.40371e-20
4.78215e-21
1.42498e-21
3.61673e-22
4.74205e-23
-3.76139e-40
6.28353e-33
-5.8571e-29
1.9121e-26
-8.71425e-25
-1.07442e-22
1.90177e-21
-7.36247e-21
-6.16326e-20
-1.22342e-19
3.24165e-18
2.15688e-18
-2.51975e-17
-7.67715e-17
-2.03963e-17
9.78309e-17
2.57601e-16
9.46408e-17
5.85339e-16
-9.03571e-15
-3.15833e-14
-1.62446e-15
2.3522e-13
5.63506e-13
1.93105e-13
-6.19733e-13
-4.5608e-13
-2.46191e-14
2.66536e-13
5.09297e-14
-3.3336e-14
-8.47872e-14
-4.73599e-15
1.48477e-14
1.69644e-15
-1.22669e-15
-1.71093e-16
8.66887e-17
4.04195e-17
9.56022e-18
1.63672e-18
3.24401e-19
1.50249e-19
8.86405e-20
4.38721e-20
1.79732e-20
6.25838e-21
1.86706e-21
4.65569e-22
6.14797e-23
-3.66158e-38
1.71926e-31
-7.7712e-28
2.11583e-25
-1.11849e-23
-6.36367e-22
1.0731e-20
-6.40701e-21
-3.12139e-19
-1.65261e-18
1.10434e-17
1.86389e-17
-5.39606e-17
-2.72095e-16
-1.28807e-16
1.60182e-16
1.1546e-15
5.66102e-16
-6.41632e-15
-2.33417e-14
-1.17391e-13
1.0601e-12
3.80851e-12
3.27792e-12
3.78728e-13
-9.92319e-12
-1.44097e-12
2.54843e-12
1.32382e-12
8.41404e-14
-8.5373e-13
-2.5405e-13
3.73582e-14
6.22858e-14
3.92685e-15
-2.52602e-15
-2.62399e-16
1.71899e-16
6.3542e-17
1.0943e-17
6.44229e-19
-1.34029e-19
4.51529e-20
8.31449e-20
5.1697e-20
2.27514e-20
8.09622e-21
2.41112e-21
5.87807e-22
7.70519e-23
-3.38307e-36
4.42569e-30
-9.95682e-27
2.7262e-24
-1.24444e-22
-3.94951e-21
6.0421e-20
1.83019e-19
-1.24709e-18
-1.20635e-17
2.96104e-17
1.04226e-16
-7.68517e-17
-1.36821e-15
-8.6763e-16
1.25625e-14
8.09096e-15
-1.94351e-14
-3.62406e-13
-3.72696e-14
3.40388e-13
6.25246e-12
1.27783e-11
8.49708e-12
-8.31189e-11
-3.90116e-11
-2.16631e-12
3.02493e-11
3.83259e-12
-2.84026e-12
-3.80543e-12
-5.04129e-13
4.99352e-13
1.89346e-13
5.21266e-15
-6.25616e-15
-3.78577e-16
3.39278e-16
9.66739e-17
9.74263e-18
-1.93684e-18
-1.07286e-18
-1.61064e-19
6.4762e-20
6.03715e-20
2.87216e-20
1.03941e-20
3.07294e-21
7.27321e-22
9.29341e-23
-2.96062e-34
1.06415e-28
-1.30447e-25
3.8854e-23
-1.18649e-21
-2.73598e-20
3.0898e-19
2.18181e-18
-3.51255e-18
-7.29108e-17
5.46746e-17
5.18568e-16
-2.13096e-17
-1.11424e-14
-2.97397e-15
2.21719e-13
3.32778e-14
-1.5238e-12
-1.30108e-12
1.34023e-11
7.56856e-11
2.55252e-11
1.88284e-11
-6.3118e-11
-7.68416e-10
-7.58035e-11
5.18069e-10
1.20444e-10
5.34372e-12
-2.69675e-11
-1.10615e-11
-5.25635e-13
2.00484e-12
4.04491e-13
-2.40073e-14
-1.94389e-14
-4.26578e-16
6.67634e-16
1.39351e-16
2.12055e-18
-7.29667e-18
-2.72031e-18
-4.92821e-19
3.58034e-20
7.20278e-20
3.6581e-20
1.3305e-20
3.87126e-21
8.81194e-22
1.07121e-22
-2.44247e-32
2.3633e-27
-1.94845e-24
5.64998e-22
-9.4333e-21
-2.15092e-19
1.19438e-18
1.66132e-17
-3.10947e-18
-4.71417e-16
2.82456e-15
2.19251e-15
-7.95147e-14
-4.6076e-14
2.08662e-12
7.22643e-13
-1.6967e-11
-5.83426e-12
5.72424e-11
1.75956e-10
3.8551e-10
7.90936e-11
-4.97996e-09
-8.89122e-09
-2.64346e-09
2.62171e-09
2.99454e-09
2.76466e-10
-3.09156e-11
-1.00376e-10
-2.20574e-11
8.32396e-12
6.09861e-12
5.53033e-13
-1.58509e-13
-5.52338e-14
1.32611e-16
1.29111e-15
1.82478e-16
-1.91453e-17
-1.71212e-17
-5.29245e-18
-9.44761e-19
9.50378e-21
9.15776e-20
4.75719e-20
1.70579e-20
4.82789e-21
1.04416e-21
1.16654e-22
-1.88391e-30
4.77235e-26
-3.63657e-23
7.88046e-21
-5.68563e-20
-1.81371e-18
7.30595e-19
1.02013e-16
3.4056e-17
-3.59154e-15
6.18307e-14
-2.8281e-13
-9.34026e-13
8.02899e-12
1.10811e-11
-1.2752e-10
-1.32445e-10
5.97424e-10
1.3955e-09
6.80564e-10
8.94827e-10
-2.97929e-08
-6.19789e-08
-4.45806e-08
-4.73225e-09
4.86544e-08
9.66497e-09
3.10952e-10
-4.22128e-10
-2.76336e-10
-2.8071e-11
4.45207e-11
1.47726e-11
7.25777e-14
-6.04932e-13
-1.19446e-13
3.47371e-15
2.55721e-15
1.97905e-16
-6.65167e-17
-3.34819e-17
-8.86757e-18
-1.44444e-18
1.81088e-20
1.28093e-19
6.36528e-20
2.19662e-20
5.96528e-21
1.20798e-21
1.17572e-22
-1.33885e-28
8.6703e-25
-8.1167e-22
1.01082e-19
-1.37588e-19
-1.49856e-17
-5.00714e-17
1.89148e-15
-1.64231e-14
-1.03503e-14
2.11724e-13
-4.03658e-12
-2.93536e-12
8.16922e-11
-9.66456e-11
-1.50531e-09
-4.30067e-10
1.45815e-08
4.04726e-09
-4.93375e-09
-1.11626e-07
-1.78342e-07
-2.19148e-07
-1.19549e-07
2.43277e-07
2.11898e-07
1.78705e-08
2.46988e-10
-1.88982e-09
-5.68468e-10
1.35788e-10
1.58312e-10
2.62297e-11
-3.21612e-12
-1.84718e-12
-1.95894e-13
1.24936e-14
5.37014e-15
1.23592e-16
-1.59716e-16
-5.82298e-17
-1.31482e-17
-1.8002e-18
1.21586e-19
1.95822e-19
8.75219e-20
2.84016e-20
7.29888e-21
1.36074e-21
1.05052e-22
-8.51389e-27
1.51758e-23
-1.91763e-20
1.14593e-18
2.98803e-18
-1.25002e-16
-5.40365e-16
2.24585e-14
-3.5442e-13
2.92465e-12
-1.24203e-11
-1.38539e-11
3.30919e-10
2.86049e-10
-8.14301e-09
-4.33793e-09
7.9181e-08
4.34266e-08
-3.03674e-07
-1.39936e-06
-9.44791e-07
-4.73424e-07
-4.14954e-07
-1.93617e-07
3.23465e-06
5.68616e-07
1.40491e-08
-4.32889e-09
-6.76582e-09
-7.42233e-10
9.41229e-10
4.47834e-10
3.11586e-11
-1.1185e-11
-4.44623e-12
-2.44161e-13
3.49152e-14
1.11414e-14
-1.90133e-16
-3.27663e-16
-9.14027e-17
-1.70927e-17
-1.64464e-18
4.1307e-19
3.13888e-19
1.22317e-19
3.67092e-20
8.82244e-21
1.48625e-21
7.38994e-23
-4.50427e-25
3.76881e-22
-4.39933e-19
1.08315e-17
7.61491e-17
-2.97022e-15
1.35253e-14
5.96495e-14
-1.13321e-12
2.03749e-11
-1.84425e-10
4.54312e-10
2.54407e-09
-1.65467e-08
-3.27147e-08
2.52756e-07
4.89055e-07
-1.01111e-06
-8.66901e-06
-7.0218e-06
-2.72947e-06
-6.71674e-07
7.54228e-06
4.48538e-05
1.40157e-05
7.02622e-07
-6.67086e-09
-5.02668e-08
-1.94698e-08
1.91282e-09
3.25762e-09
1.00021e-09
3.54301e-12
-2.99141e-11
-8.61134e-12
-1.32195e-13
9.71665e-14
2.11384e-14
-1.08351e-15
-6.13521e-16
-1.28354e-16
-1.84866e-17
-4.01192e-19
1.01427e-18
5.03419e-19
1.70811e-19
4.70479e-20
1.04876e-20
1.56455e-21
1.95988e-23
-1.49172e-23
1.81052e-20
-9.50967e-18
9.58843e-17
7.05129e-16
-2.56295e-14
6.95604e-13
-6.2732e-12
3.75156e-11
4.0531e-11
-5.05912e-10
5.52604e-09
6.40634e-09
-1.13125e-07
3.08041e-08
2.49384e-06
1.45136e-06
-3.26013e-05
-3.4586e-05
-1.25488e-05
3.57888e-05
0.000648452
0.000828249
0.000353342
3.6132e-05
-1.92708e-07
-2.63136e-07
-2.07253e-07
-4.04858e-08
1.21904e-08
8.92353e-09
1.86444e-09
-8.11076e-11
-6.81408e-11
-1.39888e-11
2.81394e-13
2.42318e-13
3.19609e-14
-2.98011e-15
-1.06574e-15
-1.5536e-16
-1.36793e-17
2.6756e-18
2.05201e-18
7.80954e-19
2.34039e-19
5.91732e-20
1.21848e-20
1.57485e-21
-5.98373e-23
4.99883e-22
1.01822e-18
-2.12866e-16
4.41642e-15
-3.87449e-14
2.83313e-14
2.94395e-12
-5.78084e-11
5.84669e-10
-3.34246e-09
3.3914e-09
1.73701e-08
-2.34893e-07
-3.2834e-07
6.0423e-06
6.23215e-06
-6.2082e-05
-0.00013143
-6.54338e-05
0.00100642
0.00507421
0.0064985
0.0041197
0.00118148
5.48573e-05
-1.48964e-06
-1.4374e-06
-6.44861e-07
-5.69494e-08
3.62084e-08
2.0164e-08
2.92546e-09
-2.2077e-10
-1.30262e-10
-1.92456e-11
1.03685e-12
5.22311e-13
3.894e-14
-6.20589e-15
-1.70191e-15
-1.46003e-16
2.11018e-18
8.32228e-18
3.60852e-18
1.14808e-18
3.09572e-19
7.22321e-20
1.37398e-20
1.5032e-21
-1.61037e-22
1.50453e-19
3.15214e-17
-2.02454e-15
3.69806e-14
-5.11246e-13
5.38963e-12
-1.72875e-11
-1.2712e-10
1.60357e-09
-1.9483e-08
1.08046e-07
-3.82186e-09
-1.51153e-06
2.18245e-06
2.7738e-05
-2.58968e-05
-0.000388034
-0.000255264
0.00302727
0.016343
0.0253548
0.0223162
0.0115597
0.00281072
6.50804e-05
-6.09585e-06
-4.68184e-06
-1.57902e-06
-3.40802e-08
8.45633e-08
3.82719e-08
3.68655e-09
-4.15344e-10
-2.11083e-10
-2.04865e-11
2.53975e-12
9.41376e-13
2.09947e-14
-1.46412e-14
-2.51089e-15
-5.69989e-17
3.33728e-17
1.68975e-17
5.64711e-18
1.57965e-18
3.90091e-19
8.47016e-20
1.49468e-20
1.3566e-21
-2.71597e-22
2.05644e-17
-4.09442e-16
4.08421e-15
8.98325e-15
-1.35028e-12
2.83717e-11
-5.30337e-10
3.45343e-09
-6.69704e-09
-4.09214e-08
4.61923e-07
-1.96025e-06
-3.70772e-06
4.18552e-05
5.96689e-05
-0.000632281
-0.00109967
0.00329801
0.0303849
0.0616001
0.0703239
0.0529949
0.0247356
0.00542592
6.05033e-05
-1.82819e-05
-1.20506e-05
-3.22809e-06
7.82575e-08
1.74555e-07
6.26648e-08
3.72293e-09
-7.74683e-10
-3.03951e-10
-9.62708e-12
6.1513e-12
1.39408e-12
-5.27454e-14
-3.29187e-14
-2.84502e-15
1.48203e-16
8.10511e-17
2.78107e-17
7.939e-18
2.01658e-18
4.63378e-19
9.4637e-20
1.56532e-20
1.18253e-21
-3.66318e-22
2.72265e-15
-4.94069e-14
7.1919e-13
-7.51992e-12
5.14768e-11
-1.06935e-10
-1.98398e-09
2.95753e-08
-1.95743e-07
6.78582e-07
7.47165e-07
-9.46328e-06
9.03047e-06
0.000167872
-0.000361358
-0.00241259
-0.0011692
0.0357585
0.100919
0.150971
0.147813
0.100762
0.0437412
0.00883496
2.29671e-05
-4.57355e-05
-2.60069e-05
-5.52238e-06
3.32345e-07
3.17078e-07
8.9233e-08
1.4283e-09
-1.43696e-09
-3.70789e-10
1.93028e-11
1.37751e-11
1.45814e-12
-1.71558e-13
-5.86226e-14
-2.28975e-15
3.76556e-16
1.37374e-16
3.91148e-17
1.00468e-17
2.37183e-18
5.14867e-19
1.00328e-19
1.58903e-20
1.08838e-21
-4.05002e-22
1.26893e-14
-2.08254e-13
2.84712e-12
-3.10179e-11
2.67159e-10
-1.86472e-09
2.99434e-09
6.88556e-08
-7.53026e-07
5.55002e-06
-1.61853e-05
-2.27503e-05
0.000200259
0.000315741
-0.00317572
-0.00543488
0.021762
0.115098
0.23141
0.289235
0.25737
0.161509
0.065746
0.0121632
-7.2199e-05
-0.000100738
-4.84979e-05
-7.68646e-06
7.65061e-07
5.11739e-07
1.06297e-07
-3.36486e-09
-2.65719e-09
-3.27345e-10
7.19406e-11
2.54564e-11
7.549e-13
-3.33097e-13
-7.61076e-14
2.048e-16
6.47418e-16
1.9026e-16
4.79906e-17
1.1432e-17
2.55596e-18
5.33039e-19
1.01263e-19
1.60046e-20
1.24902e-21
-3.34192e-22
-1.7055e-13
1.23407e-12
-9.54886e-12
6.08013e-11
6.86162e-11
-6.0749e-09
6.88658e-08
-3.50359e-07
-9.85561e-07
1.51706e-05
-8.44282e-05
3.25637e-05
0.000751587
-0.00113433
-0.00983995
-0.00535769
0.0846191
0.25732
0.423039
0.466609
0.37988
0.22206
0.0846401
0.013999
-0.00022439
-0.000198186
-7.90652e-05
-8.14145e-06
1.29637e-06
7.12318e-07
9.84437e-08
-1.07573e-08
-4.36125e-09
-4.19132e-11
1.55884e-10
3.34981e-11
-8.37095e-13
-6.15534e-13
-7.16164e-14
3.234e-15
1.05326e-15
2.27171e-16
5.17405e-17
1.16658e-17
2.51725e-18
5.1606e-19
9.89764e-20
1.67031e-20
1.88737e-21
-9.5148e-23
-1.93657e-12
2.46376e-11
-3.54517e-10
3.35139e-09
-2.01306e-08
5.94065e-08
2.07641e-07
-2.50642e-06
9.29119e-06
1.6863e-05
-0.000222172
0.000542982
0.00150017
-0.00650457
-0.0197974
0.0256088
0.199791
0.458458
0.649522
0.645949
0.485926
0.264426
0.0933203
0.0132324
-0.000446484
-0.000347607
-0.000108454
-4.26143e-06
2.22208e-06
8.53919e-07
2.52069e-08
-2.29203e-08
-5.20315e-09
5.23866e-10
2.98924e-10
3.039e-11
-2.64566e-12
-9.29065e-13
-3.71691e-14
5.03132e-15
1.30238e-15
2.28722e-16
4.865e-17
1.06453e-17
2.27797e-18
4.76063e-19
9.71611e-20
1.8917e-20
3.21782e-21
3.61414e-22
2.87764e-11
4.49965e-11
-1.10837e-09
1.12208e-08
-8.0043e-08
4.02851e-07
-6.67411e-07
-5.0583e-06
4.13588e-05
-0.000110486
-0.000304465
0.00186042
0.00128282
-0.0175052
-0.0234715
0.0867836
0.362912
0.687936
0.851237
0.785255
0.541518
0.272612
0.0867693
0.00838186
-0.000850091
-0.000532041
-0.000116002
3.79388e-06
3.69165e-06
7.22765e-07
-8.6732e-08
-4.49907e-08
-2.84358e-09
1.3374e-09
4.24194e-10
9.55512e-12
-4.64844e-12
-9.9548e-13
1.19388e-14
8.81632e-15
1.3573e-15
1.8783e-16
3.95056e-17
8.76255e-18
1.94606e-18
4.37136e-19
1.00487e-19
2.3447e-20
5.35962e-21
1.05692e-21
2.66499e-10
-6.83329e-10
3.24443e-09
-4.2634e-09
-7.38482e-08
8.31544e-07
-4.62729e-06
1.04921e-05
6.90052e-05
-0.00043266
0.000340285
0.00399146
-0.00466125
-0.0323992
-0.0071392
0.184289
0.545614
0.888694
0.984857
0.831902
0.531147
0.236626
0.0600854
0.0013762
-0.00152413
-0.000669524
-7.03175e-05
1.31417e-05
5.33401e-06
1.79532e-07
-2.17909e-07
-5.99111e-08
2.48369e-09
2.31735e-09
3.93381e-10
-1.81604e-11
-8.06466e-12
-6.34404e-13
3.94346e-14
1.2488e-14
1.08201e-15
1.22628e-16
2.84365e-17
6.872e-18
1.68101e-18
4.24934e-19
1.12202e-19
3.04864e-20
8.25214e-21
1.97012e-21
7.39924e-10
-3.81913e-09
3.87745e-08
-3.38165e-07
1.56691e-06
-3.5573e-06
-9.23595e-06
7.04914e-05
-6.399e-05
-0.000777579
0.00224351
0.00490158
-0.0164719
-0.0426083
0.0298515
0.302059
0.703005
1.0013
1.00321
0.775479
0.432535
0.158885
0.0242972
-0.00409854
-0.00240596
-0.000576105
2.23169e-05
2.32625e-05
4.63122e-06
-7.01127e-07
-3.85763e-07
-3.74263e-08
9.44355e-09
3.51315e-09
1.93008e-10
-3.21977e-11
-9.57031e-12
-2.11067e-13
4.21677e-14
1.02071e-14
5.68955e-16
7.78255e-17
2.15221e-17
5.90517e-18
1.60772e-18
4.50346e-19
1.31489e-19
3.92735e-20
1.1624e-20
3.03505e-21
-1.92482e-08
1.70685e-08
6.18652e-08
-9.93686e-07
6.15963e-06
-2.23829e-05
2.17628e-05
0.000150921
-0.000527537
-0.000508973
0.00524941
0.000853267
-0.0330438
-0.0441526
0.0849485
0.410254
0.789283
0.988301
0.906522
0.605266
0.279986
0.0706965
-0.00487942
-0.0060673
-0.00247769
-0.000200178
0.000100347
3.54499e-05
3.10255e-07
-1.58799e-06
-4.65823e-07
7.56546e-09
1.52942e-08
3.28987e-09
-5.31285e-11
-4.9599e-11
-7.69553e-12
1.35371e-13
3.99239e-14
3.34085e-15
1.70106e-16
6.79695e-17
2.17054e-17
6.162e-18
1.71141e-18
4.96075e-19
1.52413e-19
4.81862e-20
1.50601e-20
4.15704e-21
-1.23194e-07
1.70251e-07
-5.19958e-07
8.16009e-08
8.62506e-06
-4.58615e-05
0.000118126
0.000101262
-0.00124043
0.00147281
0.00744359
-0.0089614
-0.0482858
-0.0343154
0.140822
0.475025
0.787934
0.855897
0.675366
0.377747
0.126662
0.00305025
-0.0148385
-0.00751654
-0.00122726
0.000329141
0.000160519
2.17643e-05
-5.04976e-06
-2.36905e-06
-2.5634e-07
5.51602e-08
2.26993e-08
1.82636e-09
-1.49087e-10
-5.78644e-11
-4.01358e-12
-1.45804e-13
-3.36364e-14
-4.83024e-16
3.14099e-16
1.04155e-16
2.76847e-17
6.95377e-18
1.80223e-18
5.19299e-19
1.6619e-19
5.54394e-20
1.81635e-20
5.24211e-21
-2.46834e-07
4.83847e-07
-2.49143e-06
9.36634e-06
-1.52847e-05
-3.72822e-05
0.000270696
-0.000431979
-0.00156532
0.00520088
0.00695239
-0.0233498
-0.0609248
-0.0199302
0.175949
0.478523
0.663819
0.6168
0.408898
0.169117
0.0149327
-0.0266318
-0.0152744
-0.00355564
0.000734936
0.000604823
0.000169722
-3.10309e-06
-7.93591e-06
-2.3525e-06
6.94126e-09
6.98743e-08
1.8721e-08
3.45372e-10
-1.20341e-10
-2.65805e-11
-1.00137e-12
-4.07472e-13
-8.62218e-14
-1.83806e-16
5.35711e-16
1.42046e-16
3.12048e-17
6.69734e-18
1.60084e-18
4.76457e-19
1.66751e-19
6.01477e-20
2.07339e-20
6.22267e-21
5.74838e-07
3.22483e-07
-3.86454e-06
2.32011e-05
-8.03132e-05
0.000103197
0.000381261
-0.00163741
-0.000155894
0.00967732
0.00373639
-0.0373605
-0.067225
-0.0113397
0.178272
0.392825
0.448534
0.351796
0.172025
0.0210193
-0.0383526
-0.025665
-0.00799649
0.00148103
0.0020524
0.000770693
6.34346e-05
-2.05936e-05
-9.38274e-06
-1.03598e-06
1.78696e-07
7.99499e-08
9.11658e-09
-3.07312e-10
-7.70182e-11
5.74073e-12
-1.01132e-12
-8.46026e-13
-1.30188e-13
3.72143e-15
9.929e-16
1.55259e-16
2.48754e-17
4.11972e-18
9.57728e-19
3.61815e-19
1.5668e-19
6.3069e-20
2.28286e-20
7.05809e-21
4.31098e-06
-3.42526e-06
9.69727e-06
1.22968e-05
-0.000149216
0.000442154
-1.54777e-05
-0.00296291
0.00233012
0.0136191
-0.000429401
-0.0449946
-0.0676903
-0.0109149
0.133154
0.237439
0.220699
0.122241
0.00773824
-0.0516931
-0.0400478
-0.013397
0.00374615
0.00542534
0.0024955
0.000453692
-3.37821e-05
-1.9707e-05
-4.79624e-06
4.51477e-08
1.10359e-07
2.62511e-08
9.85639e-10
4.78447e-10
1.93221e-10
1.90931e-11
-3.30015e-12
-1.24843e-12
-6.56139e-14
7.27557e-15
1.12314e-15
8.24355e-17
3.09145e-18
-8.35818e-19
3.81629e-20
2.31465e-19
1.48538e-19
6.62395e-20
2.46086e-20
7.70173e-21
7.10691e-06
-1.00848e-05
4.84267e-05
-9.09232e-05
-0.0001013
0.000943823
-0.00098309
-0.00394877
0.00512754
0.0158454
-0.00206834
-0.0437675
-0.0584631
-0.017773
0.055282
0.0770282
0.0436103
-0.0225169
-0.0670022
-0.0568587
-0.021527
0.00522173
0.0105148
0.00612594
0.00179758
7.77683e-05
-4.19247e-05
-1.70333e-05
-9.5115e-07
2.64231e-07
4.66978e-08
-1.64248e-08
-6.45125e-10
1.21995e-09
3.16566e-10
2.20388e-12
-4.67509e-12
-8.88323e-13
5.72572e-14
1.39497e-14
3.29466e-16
-8.56022e-17
-2.76856e-17
-5.8598e-18
-6.14049e-19
1.88479e-19
1.58104e-19
7.1274e-20
2.60126e-20
8.05475e-21
-1.61429e-05
-3.00697e-06
8.70051e-05
-0.000284561
0.000169368
0.00137201
-0.00224088
-0.00460227
0.00670334
0.0162525
0.000577751
-0.0291735
-0.0399233
-0.0250905
-0.0104002
-0.0195055
-0.0503783
-0.0763959
-0.0675319
-0.0293791
0.00480847
0.0158279
0.0112298
0.00430172
0.000596529
-8.77283e-05
-2.46247e-05
2.66999e-06
1.10659e-06
-1.53627e-07
-1.72978e-07
-3.13351e-08
4.19105e-09
2.15742e-09
2.64641e-10
-1.84432e-11
-5.22707e-12
3.01574e-13
1.34689e-13
1.11698e-14
-1.11882e-15
-2.45129e-16
-4.50934e-17
-6.9052e-18
-3.67868e-19
3.11741e-19
1.90616e-19
7.71688e-20
2.64923e-20
7.95344e-21
-5.27444e-05
5.65278e-05
3.70685e-05
-0.000503138
0.00068948
0.00158397
-0.00350852
-0.00507245
0.00667166
0.0155579
0.00821132
-0.00742562
-0.0175181
-0.0227772
-0.0335508
-0.0485269
-0.0633499
-0.0590564
-0.0289568
0.00469957
0.0199806
0.0158474
0.00722634
0.0015033
-0.000103542
-5.46929e-06
1.65224e-05
6.15257e-06
-2.10279e-07
-6.67401e-07
-1.92998e-07
3.88677e-09
7.09145e-09
1.64718e-09
-4.40833e-11
-2.09315e-11
1.47398e-13
8.45311e-13
1.51169e-13
-8.97282e-15
-1.8632e-15
-2.1711e-16
-2.82551e-17
-1.78626e-18
8.76832e-19
5.62752e-19
2.29333e-19
7.94901e-20
2.5119e-20
7.23282e-21
-5.82707e-06
0.000168106
-0.000125991
-0.00055791
0.00128732
0.00123609
-0.00475549
-0.00524162
0.00579716
0.0154088
0.0157994
0.0102753
0.00129358
-0.0100641
-0.0195079
-0.0295433
-0.0315581
-0.0161438
0.00724354
0.0207177
0.0174314
0.00870908
0.00201433
-0.000184552
-2.07523e-06
4.69175e-05
2.77285e-05
4.2101e-06
-1.85902e-06
-8.15776e-07
-7.45434e-08
2.5478e-08
7.85491e-09
-9.19625e-11
-1.68473e-10
-2.68712e-11
3.88653e-12
9.30831e-13
-4.97214e-14
-1.48039e-14
-1.03232e-15
-9.39526e-18
1.35039e-17
6.45889e-18
2.32847e-18
7.66902e-19
2.40564e-19
7.26569e-20
2.11922e-20
5.85777e-21
0.000221527
0.000330809
-0.000248441
-0.000402018
0.00144639
-6.30141e-05
-0.00529157
-0.00364158
0.00615513
0.0151395
0.0178267
0.015525
0.00948208
0.00486017
0.00100042
-0.00132431
0.00235712
0.0110986
0.0171756
0.0135496
0.00572996
0.000353896
-0.000818244
-0.000110793
0.000168056
0.00010799
1.97782e-05
-4.85756e-06
-2.56817e-06
-3.90153e-07
7.42386e-08
2.55761e-08
-2.14084e-10
-8.92918e-10
-1.88352e-10
1.38963e-11
4.28133e-12
-1.93027e-13
-1.17831e-13
-1.45536e-14
9.95226e-16
2.19835e-16
4.76534e-17
1.1192e-17
2.79131e-18
7.32772e-19
1.98671e-19
5.46119e-20
1.50154e-20
4.03613e-21
0.000730604
0.000519501
-0.000454419
-0.00076903
4.61677e-05
-0.00165725
-0.00280958
0.00141827
0.00813493
0.011978
0.0113464
0.00857883
0.00707597
0.00849816
0.010333
0.0109925
0.0111431
0.00998114
0.00462689
-0.00145519
-0.0039555
-0.00254384
-0.000449379
0.000399212
0.000279857
7.5532e-05
-6.18255e-06
-5.23239e-06
-1.24376e-06
1.17553e-07
5.55749e-08
3.23253e-09
-3.673e-09
-9.34648e-10
5.06452e-11
1.97526e-11
2.6033e-13
-7.13136e-13
-1.34276e-13
9.39854e-15
1.77359e-15
2.15138e-16
3.80408e-17
7.68963e-18
1.73382e-18
4.29376e-19
1.1222e-19
3.00682e-20
8.14654e-21
2.19753e-21
-0.00196626
-0.00235948
-0.00299096
-0.00265617
-0.00115071
0.000585711
0.00405884
0.00777733
0.00786406
0.00437155
0.000390656
-0.00188471
-0.000497488
0.00356618
0.00639496
0.00606974
0.00270594
-0.00314998
-0.00814006
-0.00826966
-0.00464368
-0.000863247
0.000763362
0.000570227
0.00019691
3.88367e-06
-1.29461e-05
-4.163e-06
3.07232e-07
1.93655e-07
2.39949e-08
-1.37099e-08
-3.85068e-09
1.75622e-10
1.10014e-10
1.66345e-11
-3.46318e-12
-7.53652e-13
6.50954e-14
1.46937e-14
6.61129e-16
9.06819e-18
-2.43003e-18
-7.34084e-19
-3.53276e-20
4.48049e-20
2.37571e-20
8.5052e-21
2.67497e-21
8.00744e-22
-0.00400297
-0.00349287
-0.00258931
0.000133583
0.00403318
0.00775777
0.0103419
0.00905216
0.00327458
-0.00237076
-0.00538982
-0.00558097
-0.00398814
-0.0011999
0.000875437
0.000135598
-0.00402149
-0.00846592
-0.00862168
-0.00498519
-0.000721482
0.00121733
0.000911893
0.000335808
5.87202e-06
-3.27834e-05
-8.59372e-06
1.57739e-06
6.92382e-07
5.33337e-08
-4.65903e-08
-1.21199e-08
1.45428e-09
6.92276e-10
9.7913e-11
-1.84796e-11
-3.92315e-12
3.60377e-13
1.16803e-13
7.99116e-15
-9.57091e-16
-1.91582e-16
-3.58414e-17
-6.67564e-18
-1.14148e-18
-1.73828e-19
-2.3047e-20
-2.4314e-21
-7.15215e-23
8.38541e-23
0.00644249
0.00703115
0.00812841
0.00957351
0.0104318
0.00996135
0.00723005
0.00206503
-0.00209198
-0.00333798
-0.00268252
-0.0025132
-0.0024989
-0.00124852
0.000648875
0.000385931
-0.0022331
-0.0035943
-0.00222177
0.000286242
0.00150753
0.00103981
0.000313732
-5.46513e-05
-6.51079e-05
-1.43589e-05
3.63046e-06
1.49446e-06
8.22849e-08
-1.146e-07
-2.60685e-08
5.36479e-09
2.45979e-09
2.71244e-10
-9.18506e-11
-1.85531e-11
1.50498e-12
5.82789e-13
5.12829e-14
-1.13007e-14
-1.64392e-15
-1.59769e-16
-2.7788e-17
-5.15754e-18
-8.85268e-19
-1.35323e-19
-1.84946e-20
-2.38807e-21
-3.27246e-22
-4.92899e-23
0.00655807
0.00681419
0.00669856
0.00591874
0.00424129
0.00166174
-0.00113995
-0.00293129
-0.00236023
0.000382333
0.00156588
0.000264213
-0.00138328
-0.000438109
0.00230516
0.00330767
0.00230049
0.00141264
0.0012996
0.00111954
0.000476448
-7.39426e-05
-0.000237847
-0.000121219
-1.58743e-05
1.0066e-05
4.10932e-06
3.85031e-07
-2.77983e-07
-8.02809e-08
5.34319e-09
4.56343e-09
4.86625e-10
-4.06519e-10
-1.0003e-10
3.24971e-12
2.29927e-12
2.90349e-13
-8.67191e-14
-1.50625e-14
-1.24082e-16
1.90264e-17
3.25094e-18
3.43879e-19
6.14504e-20
2.54323e-20
9.0593e-21
2.42296e-21
5.0941e-22
8.75751e-23
0.00138586
0.00122333
0.000738997
-0.000176359
-0.0012445
-0.00234258
-0.0023364
-0.00118354
0.000571247
0.00219117
0.00159356
-0.00163122
-0.00381221
-0.00223098
0.00144498
0.00333683
0.00293325
0.00153217
0.000274299
-0.00050703
-0.000702593
-0.000487106
-0.000174016
1.25834e-06
2.82299e-05
1.05612e-05
5.50206e-07
-8.57922e-07
-2.30795e-07
3.19713e-08
1.71877e-08
1.66732e-09
-1.30848e-09
-3.94594e-10
8.3335e-12
9.87336e-12
1.74089e-12
-4.21826e-13
-9.71228e-14
1.12278e-15
4.92086e-16
1.15875e-16
2.16305e-17
3.64123e-18
6.21566e-19
1.18384e-19
2.48922e-20
5.31676e-21
1.07801e-21
2.04223e-22
-0.000886567
-0.00103594
-0.0011961
-0.00131535
-0.00134685
-0.000849176
0.000311967
0.000815591
0.000710906
-0.000799371
-0.00321769
-0.00652793
-0.0079796
-0.00559095
-0.00121391
0.00133347
0.00116024
-2.72711e-05
-0.000921364
-0.000967349
-0.000567059
-0.000126368
6.08547e-05
5.52344e-05
1.85344e-05
-6.23521e-07
-2.19312e-06
-5.11683e-07
1.13467e-07
5.8589e-08
8.24419e-09
-1.96359e-09
-3.04519e-10
1.97861e-10
6.54132e-11
4.98434e-12
-1.71401e-12
-3.80396e-13
3.4147e-14
7.06324e-15
6.14059e-16
9.22949e-17
1.5771e-17
2.4815e-18
4.04726e-19
7.83885e-20
1.77675e-20
4.16269e-21
9.24743e-22
1.92897e-22
-0.000229036
-0.000225205
-0.000115568
7.59894e-05
0.000211802
0.00102994
0.00180096
-0.000424584
-0.0062445
-0.010529
-0.0122873
-0.0128264
-0.0116896
-0.0076958
-0.00260614
0.000290562
0.000410616
-0.000165664
-0.000441719
-0.00024656
2.84321e-05
0.000125596
7.32532e-05
1.57716e-05
-5.53306e-06
-3.6698e-06
-7.81793e-07
1.58645e-07
5.14725e-08
-3.31118e-09
-6.89069e-09
-6.06257e-10
5.07525e-10
1.91746e-10
1.32443e-11
-4.94508e-12
-5.55867e-13
2.39874e-13
6.15927e-14
3.95692e-15
-8.65973e-17
-1.52511e-17
-3.52253e-18
-8.52413e-19
-1.6082e-19
-1.84774e-20
8.22588e-22
1.17073e-21
4.05119e-22
1.05407e-22
0.00015198
0.000197168
0.000336897
0.000379076
7.94481e-05
0.00153429
-0.000206837
-0.0114735
-0.0260957
-0.0322105
-0.0290109
-0.0221472
-0.0152534
-0.00844918
-0.00264974
0.000342631
0.000613052
0.000330308
0.000180911
0.000163609
0.000122559
4.57402e-05
-4.60701e-06
-1.4999e-05
-6.25079e-06
-4.4898e-07
5.82472e-07
1.59906e-07
-2.28099e-08
-2.57853e-08
-7.57021e-09
-5.62285e-10
-4.39696e-11
-5.33766e-11
-2.52144e-11
-3.51037e-12
3.06415e-13
7.63985e-14
6.02332e-16
-2.05579e-15
-3.7272e-16
-6.56411e-17
-1.3184e-17
-2.5824e-18
-4.62006e-19
-7.26306e-20
-9.49185e-21
-8.66681e-22
4.35385e-24
2.78092e-23
-0.000120274
-0.000104821
-2.05708e-06
-0.0013128
-0.00364574
-0.00575231
-0.0171498
-0.0440828
-0.0683141
-0.0689781
-0.0526144
-0.0324812
-0.0177149
-0.00821585
-0.00228779
0.000328528
0.000523208
0.000325472
0.000131675
3.20633e-05
-1.86113e-05
-3.26615e-05
-2.06153e-05
-5.75877e-06
5.92657e-07
1.11495e-06
3.53721e-07
-1.30365e-08
-3.31612e-08
-9.39588e-09
1.14827e-09
3.46157e-10
-2.29494e-11
-5.51096e-11
-1.41983e-11
1.92963e-13
-9.70332e-15
-2.61154e-14
-1.30267e-14
-2.36846e-15
-2.98319e-16
-5.64728e-17
-1.15223e-17
-2.24457e-18
-4.04251e-19
-6.61941e-20
-9.68785e-21
-1.22522e-21
-1.21671e-22
-5.4534e-24
-0.00144667
-0.00514086
-0.0189298
-0.045714
-0.059466
-0.056471
-0.0710823
-0.109114
-0.130261
-0.1131
-0.0734683
-0.0381577
-0.0172293
-0.00674696
-0.00169417
0.000129433
0.000218722
8.5446e-05
-2.37959e-05
-5.15532e-05
-3.6677e-05
-1.46944e-05
-9.41672e-07
2.72335e-06
1.40914e-06
2.14536e-07
-9.81253e-08
-2.88141e-08
9.47128e-09
1.10347e-08
3.57321e-09
2.41537e-10
-4.84575e-11
-5.98536e-12
8.02168e-12
2.08344e-12
4.92485e-14
-2.97353e-14
-9.39747e-15
-8.26393e-16
-9.30438e-17
-2.16549e-17
-5.06629e-18
-1.07088e-18
-2.02511e-19
-3.44265e-20
-5.27072e-21
-7.20932e-22
-8.56166e-23
-8.14687e-24
-0.109547
-0.134171
-0.186989
-0.235912
-0.220752
-0.166261
-0.159255
-0.188023
-0.188413
-0.143212
-0.0817366
-0.0370887
-0.0145159
-0.00498771
-0.00112128
8.01039e-05
0.000105048
2.96722e-05
-1.69448e-05
-1.43005e-05
-4.5831e-06
1.70903e-06
2.55151e-06
1.04684e-06
6.53066e-08
-1.57342e-07
-5.6871e-08
7.9472e-09
9.76978e-09
3.26736e-09
1.05827e-10
-3.65579e-11
2.52607e-11
2.10989e-11
4.95902e-12
-1.3954e-14
-2.33512e-14
-1.67153e-15
2.35847e-15
4.35496e-16
4.19209e-17
1.42561e-18
-7.33326e-19
-2.60111e-19
-5.85437e-20
-1.07546e-20
-1.7195e-21
-2.43808e-22
-3.04637e-23
-3.26744e-24
)
;

boundaryField
{
    movingWall
    {
        type            zeroGradient;
    }
    fixedWalls
    {
        type            zeroGradient;
    }
    frontAndBack
    {
        type            empty;
    }
}

