/*--------------------------------*- C++ -*----------------------------------*\
| =========                 |                                                 |
| \\      /  F ield         | OpenFOAM: The Open Source CFD Toolbox           |
|  \\    /   O peration     | Version:  v2006                                 |
|   \\  /    A nd           | Website:  www.openfoam.com                      |
|    \\/     M anipulation  |                                                 |
\*---------------------------------------------------------------------------*/
FoamFile
{
    version     2.0;
    format      ascii;
    class       volScalarField;
    location    "0";
    object      f;
}
// * * * * * * * * * * * * * * * * * * * * * * * * * * * * * * * * * * * * * //

dimensions      [0 0 0 0 0 0 0];


internalField   nonuniform List<scalar> 
2500
(
1.40519e-61
-1.44227e-48
6.92859e-42
-8.25135e-39
6.5456e-35
-4.53977e-33
-1.38125e-29
-4.30946e-28
3.458e-27
1.44795e-25
7.14777e-25
1.63624e-24
4.54224e-23
3.38906e-22
1.22426e-21
1.14795e-21
-7.95718e-21
-3.38066e-20
-3.50744e-20
1.10112e-19
5.20171e-19
1.0975e-18
1.55453e-18
1.67959e-18
1.53414e-18
1.13574e-18
7.32307e-20
-1.72315e-18
-2.92536e-18
-2.34398e-18
-7.94913e-19
1.0757e-19
2.04281e-19
8.08867e-20
1.12968e-20
-2.13883e-21
6.54692e-22
2.90841e-21
2.80417e-21
1.83903e-21
9.78899e-22
4.52796e-22
1.88381e-22
7.19111e-23
2.55063e-23
8.47772e-24
2.65653e-24
7.88323e-25
2.2231e-25
2.10646e-26
2.46164e-59
-5.14546e-47
1.38376e-40
-9.6996e-38
3.84308e-34
1.46303e-32
-8.21326e-29
-2.36278e-27
1.0413e-26
5.43368e-25
2.24551e-24
3.53868e-25
7.12673e-23
6.23003e-22
2.51797e-21
3.34671e-21
-1.12235e-20
-5.82706e-20
-7.24178e-20
1.27892e-19
7.07479e-19
1.50255e-18
2.09316e-18
2.19551e-18
2.02808e-18
1.78838e-18
8.86053e-19
-1.24402e-18
-3.13546e-18
-2.85529e-18
-9.64335e-19
2.41693e-19
3.2813e-19
1.21815e-19
1.52673e-20
-4.07073e-21
-9.89168e-24
3.13739e-21
3.12539e-21
2.0247e-21
1.05543e-21
4.7747e-22
1.94456e-22
7.27783e-23
2.535e-23
8.28588e-24
2.55599e-24
7.47164e-25
2.07602e-25
2.28387e-26
3.04708e-57
-1.51019e-45
2.28943e-39
-5.00388e-37
9.15497e-34
4.04726e-31
-4.23085e-28
-1.17366e-26
2.5591e-26
2.03628e-24
7.68593e-24
-8.46592e-24
5.8269e-23
1.00911e-21
5.26448e-21
9.00419e-21
-1.71688e-20
-1.16785e-19
-1.59238e-19
2.02645e-19
1.28582e-18
2.77099e-18
3.8566e-18
3.95857e-18
3.63987e-18
3.53303e-18
2.54606e-18
-1.06504e-18
-5.05004e-18
-5.26384e-18
-1.86561e-18
5.60337e-19
7.09159e-19
2.53531e-19
2.74281e-20
-1.07232e-20
-1.24632e-21
5.50013e-21
5.6658e-21
3.65369e-21
1.88414e-21
8.42654e-22
3.39558e-22
1.25898e-22
4.34949e-23
1.41147e-23
4.32576e-24
1.25677e-24
3.47089e-25
4.12012e-26
3.27131e-55
-4.31037e-44
3.66422e-38
7.72717e-36
-1.08112e-32
4.13176e-30
-2.02602e-27
-5.64626e-26
3.48403e-26
7.62261e-24
2.77969e-23
-4.11635e-23
-2.46551e-22
6.06799e-22
9.05508e-21
2.06239e-20
-2.08203e-20
-2.19572e-19
-3.15691e-19
3.25046e-19
2.29221e-18
4.99048e-18
6.9598e-18
6.92813e-18
6.20131e-18
6.51167e-18
6.06466e-18
3.56934e-19
-7.65684e-18
-9.5563e-18
-3.68066e-18
1.19614e-18
1.48577e-18
5.10259e-19
4.37013e-20
-2.72236e-20
-4.80417e-21
9.51744e-21
1.01575e-20
6.5045e-21
3.31123e-21
1.46158e-21
5.81997e-22
2.13566e-22
7.31271e-23
2.35468e-23
7.16611e-24
2.0683e-24
5.67474e-25
7.18967e-26
3.21972e-53
-1.19439e-42
5.63525e-37
3.21462e-34
-2.32106e-31
3.16114e-29
-8.65877e-27
-2.63478e-25
-1.68986e-25
2.80297e-23
1.02851e-22
-1.23106e-22
-1.75142e-21
-4.37257e-21
9.15229e-21
3.79898e-20
-1.44477e-20
-3.84082e-19
-5.57585e-19
5.5502e-19
4.00739e-18
8.75906e-18
1.2342e-17
1.18097e-17
9.96022e-18
1.11116e-17
1.28799e-17
4.74329e-18
-1.064e-17
-1.70377e-17
-7.3935e-18
2.38709e-18
3.03296e-18
9.9611e-19
5.68958e-20
-6.6311e-20
-1.35719e-20
1.63614e-20
1.80467e-20
1.14341e-20
5.73094e-21
2.49176e-21
9.79051e-22
3.55182e-22
1.2044e-22
3.84561e-23
1.16154e-23
3.32856e-24
9.06696e-25
1.21501e-25
2.98035e-51
-3.20084e-41
8.21476e-36
7.21252e-33
-2.95031e-30
1.9299e-28
-2.97082e-26
-1.18801e-24
-2.10415e-24
9.952e-23
3.76268e-22
-2.16931e-22
-7.24811e-21
-2.69919e-20
-1.54938e-20
4.26094e-20
8.92689e-21
-6.1906e-19
-8.48881e-19
1.04588e-18
6.85175e-18
1.49231e-17
2.16235e-17
1.97791e-17
1.49608e-17
1.71901e-17
2.50055e-17
1.5398e-17
-1.27458e-17
-2.97015e-17
-1.50361e-17
4.4757e-18
6.05969e-18
1.89072e-18
4.07697e-20
-1.55085e-19
-3.31328e-20
2.81819e-20
3.1844e-20
1.98639e-20
9.77141e-21
4.17559e-21
1.61628e-21
5.79011e-22
1.94266e-22
6.14647e-23
1.84133e-23
5.2355e-24
1.41479e-24
1.9897e-25
2.63057e-49
-8.22905e-40
1.10468e-34
1.30724e-31
-3.09677e-29
8.26634e-28
-4.7236e-26
-5.12937e-24
-1.45886e-23
3.35467e-22
1.32335e-21
1.92211e-22
-2.41508e-20
-1.05609e-19
-1.33733e-19
-5.12221e-20
2.02896e-20
-9.13659e-19
-1.02962e-18
2.13146e-18
1.13718e-17
2.44993e-17
3.77028e-17
3.31193e-17
2.08869e-17
2.28626e-17
4.46372e-17
3.82323e-17
-1.06887e-17
-5.0302e-17
-3.07052e-17
7.85694e-18
1.19021e-17
3.49673e-18
-7.86765e-20
-3.4904e-19
-7.34984e-20
4.91192e-20
5.59139e-20
3.41248e-20
1.64154e-20
6.87746e-21
2.61808e-21
9.25e-22
3.06792e-22
9.6113e-23
2.85376e-23
8.04451e-24
2.15443e-24
3.15803e-25
2.22954e-47
-1.99491e-38
1.28744e-33
2.08637e-30
-2.87975e-28
1.26287e-29
4.19264e-25
-2.09093e-23
-8.07825e-23
1.05593e-21
4.3726e-21
3.677e-21
-6.93382e-20
-3.37768e-19
-5.3214e-19
-5.22243e-19
-1.77702e-19
-1.25766e-18
-7.77974e-19
4.36468e-18
1.8046e-17
3.82335e-17
6.58175e-17
5.69761e-17
2.72668e-17
2.1946e-17
7.26224e-17
8.31493e-17
2.8501e-18
-8.19707e-17
-6.24205e-17
1.26999e-17
2.30846e-17
6.31351e-18
-4.86529e-19
-7.57758e-19
-1.51099e-19
8.74409e-20
9.78312e-20
5.79877e-20
2.71678e-20
1.11308e-20
4.15985e-21
1.44777e-21
4.74249e-22
1.47002e-22
4.32263e-23
1.20691e-23
3.19936e-24
4.8572e-25
1.81586e-45
-4.38159e-37
1.05313e-32
3.02384e-29
-2.41523e-27
-5.25989e-26
5.83018e-24
-7.8948e-23
-3.75188e-22
3.05734e-21
1.32558e-20
1.88794e-20
-1.74859e-19
-9.33131e-19
-1.6342e-18
-2.1039e-18
-1.34188e-18
-1.80534e-18
1.16409e-19
8.10771e-18
2.66401e-17
5.52867e-17
1.1476e-16
1.03718e-16
3.48338e-17
-5.56116e-19
1.04366e-16
1.65473e-16
4.28445e-17
-1.26629e-16
-1.2543e-16
1.7976e-17
4.44099e-17
1.11503e-17
-1.61421e-18
-1.59007e-18
-2.8973e-19
1.59935e-19
1.70656e-19
9.74408e-20
4.42739e-20
1.76921e-20
6.48047e-21
2.21932e-21
7.1744e-22
2.19872e-22
6.3976e-23
1.76727e-23
4.62971e-24
7.23561e-25
1.40909e-43
-7.75213e-36
-2.77499e-32
4.02867e-28
-1.81485e-26
-7.96716e-25
4.76029e-23
-2.70197e-22
-1.41209e-21
8.11501e-21
3.56357e-20
6.18365e-20
-3.91791e-19
-2.23642e-18
-4.18555e-18
-6.37562e-18
-5.7649e-18
-3.49201e-18
4.45151e-19
1.12811e-17
3.47462e-17
7.03451e-17
1.95676e-16
2.02702e-16
4.90601e-17
-7.33832e-17
1.21006e-16
3.05243e-16
1.38691e-16
-1.80858e-16
-2.48126e-16
1.85561e-17
8.51212e-17
1.93033e-17
-4.42272e-18
-3.22982e-18
-5.1665e-19
3.0061e-19
2.96587e-19
1.61749e-19
7.09676e-20
2.75917e-20
9.89156e-21
3.33052e-21
1.0619e-21
3.21565e-22
9.25045e-23
2.5248e-23
6.52311e-24
1.04303e-24
1.01351e-41
-5.10156e-35
-4.00211e-30
4.95208e-27
-1.17943e-25
-8.74268e-24
3.12776e-22
-8.34591e-22
-3.59449e-21
2.08463e-20
7.95362e-20
9.35698e-20
-8.24337e-19
-4.50056e-18
-8.77469e-18
-1.59156e-17
-1.92662e-17
-9.83995e-18
-5.89416e-18
1.61513e-18
3.54748e-17
6.94261e-17
3.10073e-16
4.20834e-16
8.56816e-17
-2.25662e-16
7.34592e-17
5.1367e-16
3.48762e-16
-2.27914e-16
-4.82734e-16
-2.47525e-18
1.63376e-16
3.28701e-17
-1.09896e-17
-6.35514e-18
-8.44375e-19
5.77162e-19
5.12477e-19
2.64722e-19
1.11688e-19
4.21577e-20
1.47774e-20
4.89013e-21
1.53749e-21
4.59853e-22
1.30671e-22
3.51826e-23
8.94095e-24
1.45299e-24
6.2256e-40
4.58147e-33
-1.2344e-28
5.60802e-26
-5.90591e-25
-8.22109e-23
1.76678e-21
-2.61755e-21
9.99177e-22
6.47577e-20
1.23511e-19
-4.71498e-19
-2.03067e-18
-6.87331e-18
-1.25631e-17
-3.2766e-17
-5.35469e-17
-3.12985e-17
-3.53363e-17
-6.30942e-17
1.52926e-17
2.71472e-17
4.1641e-16
9.49446e-16
1.74938e-16
-4.79505e-16
-1.66173e-16
7.37077e-16
8.0685e-16
-2.2865e-16
-9.26919e-16
-9.30921e-17
3.16189e-16
5.54948e-17
-2.5726e-17
-1.21081e-17
-1.21674e-18
1.12051e-18
8.77334e-19
4.25848e-19
1.72103e-19
6.29673e-20
2.15755e-20
7.01956e-21
2.17708e-21
6.43089e-22
1.80356e-22
4.78112e-23
1.19097e-23
1.95202e-24
2.23234e-38
3.41452e-31
-2.86601e-27
5.81932e-25
-1.04894e-24
-6.94039e-22
8.71122e-21
-1.25741e-20
8.2477e-20
3.13919e-19
3.66315e-20
-5.26694e-18
-7.87116e-18
-5.46417e-18
3.93869e-18
-5.17203e-17
-1.20642e-16
-9.07938e-17
-1.11507e-16
-3.56166e-16
-4.75937e-17
-1.03529e-16
5.32443e-16
4.03907e-15
3.64886e-16
-8.82902e-15
-1.05438e-15
1.14697e-15
2.01793e-15
-1.23564e-16
-1.95606e-15
-3.84444e-16
6.24541e-16
9.46628e-17
-5.79506e-17
-2.22875e-17
-1.37369e-18
2.17443e-18
1.48079e-18
6.7038e-19
2.58634e-19
9.16503e-20
3.07228e-20
9.84115e-21
3.01435e-21
8.79724e-22
2.43313e-22
6.33566e-23
1.53978e-23
2.52123e-24
-1.99895e-36
1.6889e-29
-5.71774e-26
5.48073e-24
2.45889e-23
-5.31604e-21
3.73102e-20
-1.01803e-19
6.00904e-19
1.97013e-18
-2.51827e-19
-2.97749e-17
-4.11545e-17
4.57854e-18
1.18857e-16
-4.54242e-17
-2.05946e-16
-2.07126e-16
-2.00722e-16
-5.14194e-15
-1.95836e-16
-5.63099e-16
5.50766e-14
2.50071e-14
-1.1852e-13
-7.25873e-14
-3.00038e-15
2.3223e-14
6.30936e-15
8.94601e-17
-7.98477e-15
-1.22341e-15
1.32142e-15
1.69272e-16
-1.27678e-16
-3.94182e-17
-5.43608e-19
4.17174e-18
2.44846e-18
1.02648e-18
3.76964e-19
1.2944e-19
4.25519e-20
1.34586e-20
4.08053e-21
1.17773e-21
3.21003e-22
8.18634e-23
1.92884e-23
3.11514e-24
-6.60126e-34
7.13082e-28
-1.016e-24
4.61553e-23
4.47807e-22
-3.65412e-20
1.37769e-19
-8.8794e-19
2.71651e-18
1.18601e-17
2.71179e-18
-1.10461e-16
-2.16781e-16
3.14105e-17
1.18108e-15
4.75414e-17
-4.46964e-15
-2.36844e-15
5.71697e-17
-2.87496e-14
4.42678e-13
1.02819e-12
8.1124e-13
7.37946e-14
-1.79688e-12
-1.90791e-13
4.63855e-13
1.47807e-13
1.61591e-14
-9.37198e-15
-3.90041e-14
-2.62917e-15
3.897e-15
3.29474e-16
-2.80226e-16
-6.61715e-17
3.20702e-18
7.83507e-18
3.93405e-18
1.51598e-18
5.28788e-19
1.76355e-19
5.71276e-20
1.79303e-20
5.40078e-21
1.5441e-21
4.14439e-22
1.03124e-22
2.33482e-23
3.65071e-24
-1.16263e-31
2.73029e-26
-1.61851e-23
3.39473e-22
4.93868e-21
-2.17856e-19
4.64103e-19
-6.75831e-18
6.94107e-18
5.76988e-17
4.54942e-17
-6.64138e-16
-8.68776e-16
1.48395e-14
1.61705e-14
-1.12635e-13
-8.66912e-14
-4.33486e-14
1.95227e-13
2.44307e-13
2.92202e-12
6.33231e-12
2.32056e-12
-3.0884e-11
-7.96601e-12
2.81052e-12
4.99946e-12
4.52578e-13
2.40493e-14
-3.98737e-13
-1.29398e-13
4.99864e-15
1.65628e-14
6.11572e-16
-6.26331e-16
-1.02369e-16
1.42444e-17
1.42686e-17
6.07638e-18
2.13369e-18
7.06042e-19
2.29968e-19
7.40353e-20
2.32407e-20
6.99138e-21
1.98445e-21
5.24019e-22
1.26586e-22
2.71891e-23
3.99422e-24
-1.69669e-29
9.66218e-25
-2.29012e-22
2.09879e-21
3.74088e-20
-1.05031e-18
2.00733e-18
-4.23816e-17
-1.47102e-17
6.99725e-16
4.2083e-16
-2.39869e-14
1.57856e-13
2.373e-13
6.82906e-14
-2.00024e-12
-2.7394e-13
1.27203e-14
8.19439e-12
1.63983e-11
6.07888e-12
1.22972e-11
-1.07013e-10
-2.02776e-10
-1.78394e-11
1.46173e-10
1.8828e-11
6.56743e-13
-1.37082e-12
-1.99112e-12
-2.42379e-13
1.67386e-13
5.74975e-14
3.41142e-16
-1.43224e-15
-1.33757e-16
4.15931e-17
2.49196e-17
8.88188e-18
2.80917e-18
8.82345e-19
2.83919e-19
9.21867e-20
2.92858e-20
8.85991e-21
2.50302e-21
6.49289e-22
1.51222e-22
3.02186e-23
3.94547e-24
-2.22783e-27
3.17231e-23
-2.81186e-21
1.03492e-20
7.07254e-20
-3.56276e-18
1.60845e-17
-2.83262e-16
-3.56836e-16
1.92877e-14
-1.43104e-13
-1.39467e-13
4.66545e-12
1.02819e-12
-2.34589e-11
-6.42235e-12
1.11189e-10
8.78608e-11
3.7765e-11
5.72508e-11
-3.37652e-10
-2.50934e-09
-4.38535e-09
-4.93422e-10
2.57617e-09
7.24729e-10
3.19114e-11
1.1692e-12
-1.85292e-11
-6.30837e-12
-3.98572e-14
7.61351e-13
1.29715e-13
-6.10574e-15
-3.61539e-15
-1.01359e-16
1.02041e-16
4.10626e-17
1.19734e-17
3.34804e-18
1.00307e-18
3.26769e-19
1.0979e-19
3.58962e-20
1.10111e-20
3.10272e-21
7.88478e-22
1.75301e-22
3.15692e-23
3.21903e-24
-2.69445e-25
9.62005e-22
-2.87114e-20
4.73525e-20
-4.42161e-18
-6.52614e-18
1.59416e-16
-7.66368e-15
2.15797e-14
9.70863e-14
-2.78072e-12
1.56737e-11
1.61275e-11
-1.7871e-10
-2.24858e-10
1.2993e-09
1.48321e-09
4.21034e-10
9.45111e-11
-4.07626e-09
-2.49671e-08
-4.22967e-08
-1.92015e-08
1.20459e-08
2.0575e-08
1.81359e-09
3.05537e-11
-6.83482e-11
-7.57971e-11
-1.19722e-11
5.07301e-12
2.42478e-12
1.68496e-13
-3.56936e-14
-9.60794e-15
1.81736e-16
2.22234e-16
6.20485e-17
1.41513e-17
3.36218e-18
9.78986e-19
3.42503e-19
1.24728e-19
4.29334e-20
1.34604e-20
3.7848e-21
9.3756e-22
1.96027e-22
3.00044e-23
1.42367e-24
-3.01512e-23
2.66087e-20
-2.25188e-19
7.22867e-19
-1.34919e-16
1.89532e-15
-8.35431e-15
-5.45937e-14
1.58451e-12
-8.99847e-12
-1.10713e-11
2.81428e-10
-1.56269e-09
-1.4642e-09
-3.91151e-10
1.53553e-08
3.93903e-09
-3.61836e-08
-1.57417e-07
-1.15182e-07
-1.25473e-07
-1.45643e-07
-3.62855e-08
3.51639e-07
7.08638e-08
1.34232e-09
5.94983e-11
-5.06041e-10
-2.05803e-10
-9.50132e-12
2.33993e-11
5.4533e-12
-5.44662e-14
-1.40828e-13
-1.93079e-14
1.15427e-15
4.38728e-16
8.14107e-17
1.28175e-17
2.22698e-18
6.94015e-19
3.14712e-19
1.3564e-19
5.04812e-20
1.62527e-20
4.54655e-21
1.0885e-21
2.09002e-22
2.38074e-23
-1.95511e-24
-3.11036e-21
6.52951e-19
-1.13069e-18
2.11784e-17
-2.13188e-15
6.16509e-14
-8.77684e-13
5.2232e-12
7.89649e-12
-1.80973e-10
1.13895e-09
1.07983e-09
-2.09138e-08
-6.12965e-09
1.5344e-07
4.56469e-08
-6.56493e-07
-2.54333e-06
-1.79872e-06
-4.59566e-07
-2.7272e-07
-2.43021e-07
2.87262e-06
1.65234e-06
1.06841e-07
2.21422e-10
-7.73468e-10
-1.95726e-09
-3.30571e-10
1.36125e-10
7.67387e-11
7.60155e-12
-9.87389e-13
-4.24473e-13
-2.4211e-14
2.82438e-15
7.57598e-16
8.09116e-17
3.56014e-18
-8.50732e-19
4.32495e-20
2.36682e-19
1.43865e-19
5.91105e-20
1.94747e-20
5.37472e-21
1.22644e-21
2.07551e-22
1.06874e-23
-7.55832e-24
-2.9364e-19
1.39347e-17
-3.01286e-18
1.05329e-17
5.98123e-15
2.20619e-13
-4.11982e-12
6.61776e-11
-4.1465e-10
-6.48607e-10
1.11474e-08
-5.42074e-08
-5.94197e-08
5.42941e-07
7.75057e-07
-2.59728e-06
-1.49283e-05
-1.17143e-05
-4.34894e-06
-9.19159e-07
3.34116e-05
0.000110291
5.48461e-05
4.09514e-06
-1.2207e-08
4.24587e-10
-1.54329e-08
-5.60195e-09
3.1858e-11
6.46475e-10
1.83611e-10
2.82034e-12
-3.68554e-12
-9.21711e-13
-8.9381e-15
7.31011e-15
1.16e-15
2.45317e-17
-1.94276e-17
-6.5203e-18
-9.81629e-19
1.28082e-19
1.55912e-19
7.0099e-20
2.32372e-20
6.23132e-21
1.32584e-21
1.82104e-22
-1.22223e-23
-1.61225e-23
-2.71974e-17
9.29009e-16
-1.17786e-14
6.30882e-14
3.93928e-13
-1.15982e-11
7.89337e-11
1.2138e-10
-3.16245e-09
2.45887e-08
3.12059e-08
-4.1572e-07
9.83812e-07
3.57725e-06
-4.54996e-07
-5.9519e-05
-6.96541e-05
-2.30796e-05
0.000372194
0.00203152
0.00251084
0.00130761
0.000235846
1.31847e-06
-3.13029e-08
-1.02419e-07
-7.24451e-08
-9.796e-09
3.41078e-09
2.07979e-09
3.03735e-10
-2.07193e-11
-1.1261e-11
-1.42847e-12
4.60137e-14
2.02765e-14
1.34949e-15
-1.43214e-16
-6.11141e-17
-1.45749e-17
-2.1598e-18
5.3905e-20
1.852e-19
8.53503e-20
2.75898e-20
7.02996e-21
1.34649e-21
1.20051e-22
-4.81578e-23
-2.83886e-23
-1.42071e-15
1.72635e-14
-1.65078e-13
9.60827e-13
1.20539e-12
-1.09372e-10
1.41769e-09
-7.33552e-09
-7.59302e-09
1.73384e-07
-9.69858e-07
-1.17714e-06
1.27205e-05
1.10864e-05
-0.000148679
-0.000276434
-0.000192099
0.00396826
0.0132646
0.0167667
0.0120923
0.00468611
0.000589233
-1.03173e-06
-7.73358e-07
-6.52414e-07
-2.21462e-07
-6.26918e-09
1.20919e-08
4.99096e-09
3.49926e-10
-6.19982e-11
-2.54745e-11
-1.67578e-12
1.29944e-13
4.37438e-14
1.04764e-15
-4.35111e-16
-1.18776e-16
-2.28816e-17
-2.91442e-18
1.32562e-19
2.50589e-19
1.06661e-19
3.2339e-20
7.60558e-21
1.23152e-21
6.69202e-24
-1.00172e-22
-4.49256e-23
-5.80646e-15
4.72149e-14
-4.06822e-13
2.46814e-12
-3.41219e-12
-1.73517e-10
3.93473e-09
-3.38603e-08
2.1647e-07
4.0124e-07
-6.83225e-06
1.67702e-05
3.72196e-05
-0.000138548
-0.000685155
-0.000713928
0.0105969
0.0382698
0.0576098
0.0539645
0.0328062
0.0112733
0.00114432
-2.65657e-06
-3.76966e-06
-2.22905e-06
-4.73921e-07
3.56003e-08
3.3353e-08
9.18376e-09
9.32133e-11
-1.58194e-10
-4.46991e-11
-6.98367e-13
3.61158e-13
7.38777e-14
-1.50869e-15
-9.19841e-16
-1.74329e-16
-2.66643e-17
-2.32081e-18
5.11949e-19
3.68907e-19
1.34106e-19
3.67879e-20
7.69088e-21
9.11053e-22
-1.71978e-22
-1.70141e-22
-6.58629e-23
7.29808e-13
-6.03829e-12
4.8357e-11
-2.27444e-10
-1.22932e-10
1.04672e-08
-6.12649e-08
-4.55304e-09
1.22589e-06
-6.15216e-06
-1.73411e-05
0.000154884
1.94726e-05
-0.00162681
-0.00152502
0.0123201
0.0659531
0.127024
0.14817
0.121517
0.0670175
0.0213724
0.00186985
-1.36695e-05
-1.25566e-05
-5.65494e-06
-7.48168e-07
1.20716e-07
7.52588e-08
1.40849e-08
-4.46746e-10
-3.29835e-10
-5.90448e-11
1.54704e-12
8.35437e-13
7.8422e-14
-6.47857e-15
-1.76808e-15
-1.9148e-16
-1.92693e-17
5.93e-19
1.29566e-18
5.40606e-19
1.63814e-19
3.95087e-20
6.92604e-21
3.16186e-22
-4.24186e-22
-2.5738e-22
-9.05667e-23
1.04904e-11
-5.78184e-11
3.933e-10
-1.83599e-09
1.67972e-09
5.23638e-08
-5.50657e-07
1.83119e-06
2.44741e-06
-3.40168e-05
2.20858e-05
0.000502745
-0.00174667
-0.0057608
0.00217582
0.0730335
0.190583
0.285902
0.290578
0.216769
0.11143
0.0334707
0.00254553
-3.93748e-05
-3.25331e-05
-1.16365e-05
-8.29372e-07
2.73574e-07
1.35774e-07
1.60193e-08
-1.05528e-09
-5.35983e-10
-6.1084e-11
4.13256e-12
1.45558e-12
3.49101e-14
-1.73951e-14
-2.63344e-15
-1.03044e-16
5.03361e-18
6.19891e-18
2.42786e-18
7.33226e-19
1.86351e-19
3.83829e-20
4.93649e-21
-5.93842e-22
-7.45429e-22
-3.57161e-22
-1.17354e-22
2.66227e-11
-1.21558e-10
7.84557e-10
-4.0528e-09
1.86245e-08
1.48589e-08
-1.20265e-06
7.03209e-06
-2.17334e-05
-8.08223e-05
0.000498706
0.000683721
-0.00702405
-0.0107731
0.0465295
0.201435
0.394625
0.501778
0.468511
0.321729
0.155127
0.0438371
0.00277994
-9.63798e-05
-7.0016e-05
-1.94298e-05
-2.0173e-07
5.5459e-07
2.02577e-07
1.12507e-08
-2.0001e-09
-6.95166e-10
-1.87655e-11
1.10363e-11
1.91731e-12
-1.17701e-13
-4.33094e-14
-2.35829e-15
1.1255e-16
4.41361e-17
1.33885e-17
3.5925e-18
8.7491e-19
1.87737e-19
3.1179e-20
1.49962e-21
-1.7941e-21
-1.11153e-21
-4.59752e-22
-1.43394e-22
-7.3486e-10
3.77154e-09
-2.04476e-08
5.49875e-08
1.1824e-07
-1.74435e-06
6.49812e-06
9.1026e-06
-0.000113979
8.68765e-05
0.00165046
-0.00270427
-0.0173225
0.000515454
0.138785
0.399842
0.653564
0.736105
0.630081
0.40322
0.182073
0.047873
0.00221397
-0.000210701
-0.000127886
-2.55002e-05
1.07668e-06
9.68792e-07
2.37552e-07
-1.41201e-09
-3.75999e-09
-6.57115e-10
6.56879e-11
2.49148e-11
8.15352e-13
-3.16987e-13
-6.74094e-14
-3.42443e-16
2.95233e-16
8.20264e-17
1.92473e-17
4.25241e-18
8.74018e-19
1.54851e-19
1.67568e-20
-3.22756e-21
-3.15902e-21
-1.47535e-21
-5.50784e-22
-1.64965e-22
-8.27974e-09
3.05003e-08
-1.60518e-07
5.68294e-07
-7.85714e-07
-6.20139e-06
4.57495e-05
-9.5537e-05
-0.000248608
0.0011055
0.00239558
-0.0117479
-0.0262791
0.0476167
0.285975
0.635013
0.902328
0.913999
0.723583
0.43225
0.18204
0.0417981
0.000738581
-0.000426811
-0.000193095
-2.39086e-05
2.67297e-06
1.40656e-06
1.90154e-07
-1.87443e-08
-6.36414e-09
-3.21741e-11
1.8048e-10
3.35649e-11
-1.26006e-12
-6.34533e-13
-5.46213e-14
2.17089e-15
5.7191e-16
1.07078e-16
2.08485e-17
3.92296e-18
6.69477e-19
8.44858e-20
-3.48186e-21
-8.52469e-21
-4.45304e-21
-1.77137e-21
-6.13606e-22
-1.78153e-22
-1.91037e-08
6.11766e-08
-3.50715e-07
1.69272e-06
-6.69137e-06
3.75632e-06
8.85834e-05
-0.000382257
-3.36297e-07
0.00333522
-0.00167299
-0.0266872
-0.0193025
0.127775
0.457123
0.84105
1.04561
0.990307
0.72352
0.392195
0.143665
0.0242745
-0.0012233
-0.000787073
-0.000212991
-3.98405e-06
4.77494e-06
1.52597e-06
-6.84916e-09
-4.01753e-08
-6.44079e-09
9.65626e-10
3.58363e-10
1.6857e-11
-3.15642e-12
-8.32998e-13
-1.1844e-14
4.32096e-15
7.39447e-16
1.00354e-16
1.63024e-17
2.47913e-18
2.85365e-19
-8.85326e-21
-2.48235e-20
-1.31293e-20
-5.37103e-21
-1.93084e-21
-6.33624e-22
-1.79913e-22
6.03838e-08
-1.91416e-07
3.69055e-07
1.98779e-06
-1.97636e-05
8.21936e-05
-4.79582e-05
-0.00069161
0.00155921
0.00465633
-0.0133085
-0.0400072
0.00937991
0.230963
0.605097
0.948905
1.06364
0.919221
0.599459
0.280469
0.0795206
0.00378544
-0.00229897
-0.00105394
-0.000150481
1.87124e-05
7.94882e-06
6.58037e-07
-2.34099e-07
-7.27437e-08
1.13627e-09
2.11901e-09
4.00417e-10
-9.33334e-12
-5.13772e-12
-5.17839e-13
3.48439e-14
9.1612e-15
5.93396e-16
5.36715e-17
6.48556e-18
3.72176e-19
-1.46672e-19
-9.29908e-20
-4.01606e-20
-1.55852e-20
-5.63508e-21
-1.90519e-21
-6.03495e-22
-1.69158e-22
5.32327e-07
-1.1864e-06
5.35645e-06
-1.27251e-05
-1.11585e-05
0.000195297
-0.000597684
-0.000284953
0.00511329
0.000667561
-0.0320777
-0.0464834
0.0532135
0.319276
0.676921
0.943334
0.924387
0.707732
0.396653
0.144947
0.0187201
-0.00759417
-0.00394455
-0.000932556
2.75674e-05
3.32049e-05
7.44931e-06
-7.15332e-07
-4.13222e-07
-4.79921e-08
9.33861e-09
3.48635e-09
2.0272e-10
-2.12505e-11
-5.98755e-12
-7.16664e-14
5.73237e-14
9.82977e-15
1.98044e-16
-7.4617e-19
-3.63968e-18
-1.38748e-18
-4.23213e-19
-1.29679e-19
-4.28749e-20
-1.48705e-20
-5.11911e-21
-1.68877e-21
-5.26916e-22
-1.47394e-22
1.58876e-06
-2.04468e-07
1.1215e-05
-5.02879e-05
0.000150283
3.60819e-05
-0.00150303
0.00211543
0.00899877
-0.00918967
-0.0508666
-0.0452473
0.0888082
0.35608
0.661614
0.764298
0.675873
0.440054
0.191375
0.0342111
-0.0160741
-0.00974826
-0.00336948
-0.00020875
0.000148759
4.7125e-05
-6.47275e-07
-2.14786e-06
-5.3931e-07
1.0527e-08
1.52232e-08
3.04654e-09
-5.93519e-11
-3.44586e-11
-3.13005e-12
3.22274e-13
9.55727e-14
3.72232e-15
-1.46476e-16
-3.76699e-17
-8.35364e-18
-1.74907e-18
-3.75929e-19
-9.58516e-20
-3.06995e-20
-1.10279e-20
-3.93749e-21
-1.32796e-21
-4.18602e-22
-1.18443e-22
1.4626e-06
1.60337e-05
-2.70575e-05
-6.64478e-05
0.000498427
-0.000829684
-0.0022295
0.00669006
0.011161
-0.02079
-0.0643336
-0.042706
0.0941164
0.32531
0.508896
0.507403
0.383128
0.192788
0.039233
-0.0259895
-0.0198861
-0.00861632
-0.000844001
0.000610616
0.000221371
1.28459e-05
-8.18055e-06
-3.20856e-06
-1.97296e-07
6.29394e-08
2.20972e-08
9.45675e-10
-1.86705e-10
-4.338e-11
2.13517e-13
3.64473e-13
5.2316e-14
-1.5064e-15
-2.47005e-16
-3.43593e-17
-4.40571e-18
-3.85064e-19
-4.33383e-21
-3.70169e-21
-8.25668e-21
-5.3679e-21
-2.42661e-21
-9.06452e-22
-2.99309e-22
-8.71815e-23
7.59565e-06
3.8195e-05
-0.000176248
0.000180991
0.000837501
-0.00244012
-0.00225395
0.0112595
0.0116446
-0.0267243
-0.0655598
-0.0416146
0.0646354
0.209956
0.275592
0.247351
0.137784
0.0203582
-0.0400187
-0.0335779
-0.0142065
-0.000559515
0.00209339
0.000887468
0.000132259
-2.07439e-05
-1.1055e-05
-2.02121e-06
1.58539e-07
8.89519e-08
1.41294e-08
-7.88887e-10
-2.54929e-10
-1.10541e-11
1.66817e-12
4.2789e-13
-3.51157e-15
-1.4172e-15
-1.1595e-16
4.15381e-18
5.40465e-18
1.86437e-18
4.79315e-19
9.88632e-20
1.44305e-20
9.38251e-23
-9.91458e-22
-5.08519e-22
-1.87549e-22
-5.77756e-23
2.588e-05
-4.75964e-05
-0.000359407
0.000841992
0.00082202
-0.0044165
-0.00186004
0.0142042
0.0126033
-0.0234806
-0.0522648
-0.0396527
0.0131337
0.0693762
0.083441
0.0415827
-0.0232552
-0.0610605
-0.0495496
-0.0192319
0.00169566
0.00584154
0.00300101
0.00071686
-1.5798e-05
-2.9438e-05
-1.05381e-05
-3.10225e-07
2.61666e-07
9.26856e-08
4.93489e-09
-4.74686e-10
-9.55832e-11
4.62434e-12
9.99937e-13
-1.66367e-13
-4.01941e-14
-1.70067e-15
2.55873e-16
6.42488e-17
1.53188e-17
3.53327e-18
7.71394e-19
1.56124e-19
2.79227e-20
3.82624e-21
1.17434e-22
-1.78585e-22
-9.23362e-23
-3.23343e-23
6.73881e-05
-0.000206854
-0.000183587
0.00167953
-8.45241e-05
-0.00654588
-0.00121312
0.0159565
0.015265
-0.00737557
-0.0276153
-0.0332468
-0.0261467
-0.022387
-0.0338006
-0.0601615
-0.0770363
-0.0611576
-0.023112
0.00517891
0.0123406
0.0075838
0.00245126
0.000167707
-6.45196e-05
-2.94401e-05
-2.51727e-06
7.64486e-07
2.71984e-07
1.66772e-08
-2.6608e-09
-5.59382e-10
5.24095e-11
7.13701e-12
-1.74958e-12
-4.68729e-13
-3.22416e-14
4.11303e-15
6.06563e-16
8.12453e-17
1.50268e-17
3.08796e-18
6.63865e-19
1.44024e-19
3.02483e-20
5.83455e-21
9.45452e-22
9.48556e-23
-1.18709e-23
-1.08357e-23
0.000483773
-0.000103072
0.000125631
0.0012901
-0.00239671
-0.00771238
0.00102016
0.0170882
0.0192824
0.0107318
-0.00271713
-0.0178369
-0.0306072
-0.0408789
-0.0556144
-0.0658611
-0.0534753
-0.018751
0.011324
0.0200683
0.013764
0.0053637
0.000831006
-0.000103424
-3.44808e-05
-1.45701e-06
1.68128e-06
3.16427e-07
-5.28205e-08
-1.37738e-08
1.02463e-09
8.58363e-10
1.00959e-10
-1.36921e-11
-4.99989e-12
-4.52285e-13
4.04883e-14
6.45812e-15
1.61547e-16
8.9895e-18
1.71412e-18
7.02177e-19
2.85457e-19
9.8789e-20
2.93725e-20
7.64248e-21
1.7556e-21
3.53686e-22
6.0201e-23
7.57994e-24
-0.0019811
-0.00255431
-0.0018498
-0.00101344
-0.00380709
-0.00369407
0.00635102
0.0173479
0.0195086
0.0173291
0.0100624
-0.000203889
-0.00879328
-0.0178805
-0.0268332
-0.0234685
-0.00360908
0.0183533
0.0257743
0.018776
0.00824146
0.00176913
-0.000101417
4.71579e-06
1.94243e-05
7.05389e-06
-1.95748e-08
-5.23971e-07
-1.43189e-07
1.40352e-09
5.87076e-09
1.28915e-09
-2.5648e-11
-2.1542e-11
-3.84102e-12
2.3153e-13
4.55767e-14
-3.50186e-16
-3.16687e-16
-6.81399e-17
-1.10647e-17
-1.20253e-18
6.64956e-20
9.31383e-20
3.66523e-20
1.08445e-20
2.74081e-21
6.16441e-22
1.25075e-22
2.28917e-23
-0.00444755
-0.00388802
-0.00192654
0.00118646
0.00325092
0.00645117
0.0112122
0.0110787
0.00986004
0.00921418
0.00805624
0.00798028
0.00884397
0.00648869
0.00408148
0.00833213
0.0179461
0.021672
0.0158677
0.00728559
0.00162867
-0.000174955
9.44317e-05
8.60168e-05
3.20501e-05
2.71808e-06
-2.46044e-06
-9.51675e-07
-9.00645e-08
2.93656e-08
9.00291e-09
4.74783e-10
-8.79073e-11
-2.10448e-11
1.69975e-12
3.56942e-13
2.16095e-15
-3.43698e-15
-6.17526e-16
-8.21724e-17
-1.04711e-17
-5.37022e-19
3.09597e-19
1.63691e-19
5.4923e-20
1.52483e-20
3.75127e-21
8.40616e-22
1.73782e-22
3.3503e-23
0.00701316
0.00780918
0.00952195
0.0116262
0.0118961
0.0110417
0.00649672
-3.90817e-05
-0.0030335
-0.00287289
-0.00061288
0.00456593
0.00918005
0.00902053
0.00764319
0.0079494
0.00750664
0.00385675
0.000166397
-0.00121579
-0.00064747
0.000230273
0.000311722
0.000133366
1.46795e-05
-8.00135e-06
-3.28976e-06
-3.35764e-07
1.10456e-07
3.41027e-08
1.09403e-09
-5.6621e-10
-9.34008e-11
1.69203e-11
4.11767e-12
1.18982e-13
-2.95002e-14
-4.9244e-15
-1.93451e-16
-7.64129e-18
3.78298e-18
2.24595e-18
8.4494e-19
2.64136e-19
7.32538e-20
1.85135e-20
4.32538e-21
9.42341e-22
1.92483e-22
3.73274e-23
0.00806802
0.00838151
0.00866117
0.00784055
0.00596818
0.00248496
-0.00214376
-0.00546415
-0.0055343
-0.00523003
-0.00399144
-0.000718491
0.00188254
0.00143746
-0.00174146
-0.00577051
-0.00857295
-0.00804906
-0.00496676
-0.00140477
0.000594812
0.000753896
0.000356286
5.28395e-05
-1.60917e-05
-6.63695e-06
-6.9079e-07
2.68186e-07
6.38552e-08
-4.65144e-09
-3.60684e-09
-6.51069e-10
5.31635e-11
1.9068e-11
1.05905e-12
-2.4464e-13
-3.9054e-14
1.52864e-15
3.09714e-16
6.51089e-17
1.62723e-17
4.32862e-18
1.16033e-18
3.03384e-19
7.59749e-20
1.80665e-20
4.06676e-21
8.66203e-22
1.74706e-22
3.38387e-23
0.00201314
0.00187677
0.00118809
-0.000107715
-0.00148343
-0.00254605
-0.00286163
-0.00130467
-1.87015e-05
-0.000696331
-0.00173541
-0.00100031
0.000494491
-0.000372243
-0.00472056
-0.00932279
-0.00931877
-0.005716
-0.00109883
0.00136925
0.001382
0.000681845
0.000112994
-2.901e-05
-1.01361e-05
-3.29538e-07
7.34812e-07
1.82322e-07
-1.95193e-08
-1.56377e-08
-3.70313e-09
-1.21225e-11
2.31228e-11
1.79901e-12
-1.88684e-12
-3.36662e-13
1.02044e-14
2.0958e-15
3.02049e-16
6.52904e-17
1.56247e-17
3.85373e-18
9.6427e-19
2.39946e-19
5.82431e-20
1.36022e-20
3.03234e-21
6.42928e-22
1.29501e-22
2.52018e-23
-0.00121297
-0.00138247
-0.00175591
-0.00208081
-0.0020316
-0.00132829
0.000179881
0.00205956
0.00243868
0.000709003
-0.00100531
0.000205454
0.00325982
0.00344806
-0.000131023
-0.00310639
-0.00255202
8.34508e-05
0.00184885
0.00160177
0.000764112
0.000118944
-5.70559e-05
-1.91198e-05
-6.85383e-07
1.74726e-06
5.37583e-07
5.56796e-09
-3.2924e-08
-9.46565e-09
1.04666e-09
2.61913e-10
1.35309e-11
-9.96067e-12
-2.29871e-12
4.04388e-14
2.7514e-15
2.26312e-16
9.07409e-17
2.46675e-17
6.32706e-18
1.66243e-18
4.46396e-19
1.18924e-19
3.05923e-20
7.47955e-21
1.7265e-21
3.75725e-22
7.71741e-23
1.53018e-23
-0.000378616
-0.000366192
-0.000268477
-8.02658e-06
0.000472791
0.000901133
0.000921284
0.000879666
0.000272621
-0.00205927
-0.00375973
-0.00125978
0.0035551
0.00490262
0.00269282
0.000453602
0.000294916
0.000796882
0.00070346
0.000282841
-5.83867e-05
-0.000102323
-2.53548e-05
3.49607e-06
3.95908e-06
9.97876e-07
-2.27686e-07
-9.90151e-08
-4.86737e-09
1.01531e-08
2.89564e-09
1.55551e-10
-3.31972e-11
-8.35789e-12
1.00122e-12
2.00205e-13
1.65736e-15
-2.62991e-16
-6.94331e-17
-1.43185e-17
-2.52206e-18
-3.17667e-19
2.84973e-21
1.94829e-20
8.47103e-21
2.65186e-21
7.03249e-22
1.6661e-22
3.61541e-23
7.46937e-24
0.000294302
0.000375928
0.000416326
0.00051071
0.000905933
5.27408e-05
-0.00228783
-0.00307065
-0.00315871
-0.00530241
-0.00695233
-0.00399279
0.00134863
0.00320701
0.00173416
-0.00028621
-0.000929472
-0.000804079
-0.000534293
-0.00031293
-0.000123444
-4.63678e-06
2.06724e-05
9.93926e-06
9.00863e-07
-1.05763e-06
-4.07694e-07
-2.94436e-08
1.47751e-08
3.75806e-09
-8.60259e-10
-2.38987e-10
-7.45122e-12
7.05763e-12
1.70311e-12
2.22954e-14
-2.31794e-15
-4.77124e-16
-9.80037e-17
-2.14816e-17
-4.43697e-18
-8.30876e-19
-1.35374e-19
-1.71895e-20
-8.99387e-22
3.77218e-22
1.81617e-22
5.37122e-23
1.30653e-23
2.90106e-24
-0.000135091
-0.000188238
-0.000494903
-0.000211912
-0.00059871
-0.00612089
-0.013202
-0.0135092
-0.0101322
-0.00951112
-0.00952295
-0.00563248
-1.94752e-07
0.00200871
0.000867317
-0.000772185
-0.00119237
-0.000854763
-0.000362314
-4.97125e-05
5.70616e-05
4.06981e-05
1.4165e-05
7.75738e-07
-1.3397e-06
-3.05303e-07
1.25881e-07
4.94356e-08
-2.66109e-10
-4.14238e-09
-1.25944e-09
-8.09828e-11
1.19799e-11
2.21951e-12
-6.11161e-13
-1.38986e-13
-3.59567e-15
1.5569e-17
-8.74962e-18
-4.72429e-18
-1.44011e-18
-3.45636e-19
-6.99898e-20
-1.19203e-20
-1.58153e-21
-1.06667e-22
2.3061e-23
1.25518e-23
3.69746e-24
9.06779e-25
-0.000269294
-0.00235055
-0.00537679
-0.00522794
-0.010581
-0.0288316
-0.0431576
-0.0384296
-0.0243169
-0.0159285
-0.0120378
-0.00631192
-0.000244629
0.00171872
0.000892127
-0.000218179
-0.000420734
-0.000203776
2.22016e-05
8.40582e-05
5.07071e-05
1.20505e-05
-3.08475e-06
-2.16149e-06
-3.20006e-07
2.24299e-07
1.07933e-07
1.62062e-08
-2.06064e-09
-1.4824e-10
3.46682e-10
9.01873e-11
3.11072e-12
-1.93126e-12
-5.71007e-13
-2.86207e-14
9.50512e-16
1.52707e-16
2.37214e-17
3.14646e-18
2.69436e-19
-9.4422e-21
-1.04014e-20
-2.74771e-21
-4.85252e-22
-5.43031e-23
8.35136e-25
2.54866e-24
9.00893e-25
2.39938e-25
-0.0323193
-0.0441162
-0.0476969
-0.0375788
-0.0441339
-0.0769585
-0.0913978
-0.0702163
-0.0388817
-0.0208434
-0.0130001
-0.00611893
-0.000312245
0.00132915
0.000750105
8.46448e-06
-0.000127871
-4.32878e-05
2.84766e-05
1.95489e-05
3.95894e-06
-3.19037e-06
-1.6291e-06
-3.82308e-07
9.44445e-08
1.22082e-08
-1.91212e-08
-7.65603e-09
2.79673e-11
6.56182e-10
2.28627e-10
2.30118e-11
-2.10874e-12
-3.72766e-13
1.25729e-13
2.9798e-14
1.242e-15
4.97171e-17
1.22633e-17
2.07199e-18
2.70437e-19
2.64011e-20
1.17061e-21
-2.35219e-22
-7.41596e-23
-9.81514e-24
2.92952e-25
5.85451e-25
2.09095e-25
5.64929e-26
)
;

boundaryField
{
    movingWall
    {
        type            zeroGradient;
    }
    fixedWalls
    {
        type            zeroGradient;
    }
    frontAndBack
    {
        type            empty;
    }
}

