/*--------------------------------*- C++ -*----------------------------------*\
| =========                 |                                                 |
| \\      /  F ield         | OpenFOAM: The Open Source CFD Toolbox           |
|  \\    /   O peration     | Version:  v2006                                 |
|   \\  /    A nd           | Website:  www.openfoam.com                      |
|    \\/     M anipulation  |                                                 |
\*---------------------------------------------------------------------------*/
FoamFile
{
    version     2.0;
    format      ascii;
    class       volScalarField;
    location    "0";
    object      f;
}
// * * * * * * * * * * * * * * * * * * * * * * * * * * * * * * * * * * * * * //

dimensions      [0 0 0 0 0 0 0];


internalField   nonuniform List<scalar> 
2500
(
-1.78562e-09
-1.76387e-09
9.62993e-09
3.8013e-09
-2.70529e-08
-2.59779e-08
4.06328e-08
7.17201e-08
-2.50321e-08
-2.28679e-07
-2.88428e-07
1.62009e-07
6.47931e-07
-1.48229e-06
-6.5387e-06
-9.86355e-06
-5.49618e-06
9.90262e-06
1.66641e-05
6.4605e-06
-1.76292e-05
-1.69305e-05
-9.76872e-06
-3.82073e-06
-9.61595e-07
-5.74961e-08
4.22962e-09
2.07354e-09
-3.2515e-10
-4.60636e-11
-5.9704e-12
1.82429e-12
1.2243e-10
1.3935e-11
7.36129e-13
-5.53523e-14
-3.05425e-14
-6.39198e-15
2.82104e-15
5.7537e-15
2.42531e-15
-4.11989e-17
-4.87216e-16
-2.58585e-16
-9.64235e-17
-3.0272e-17
-7.93815e-18
-1.48086e-18
1.67136e-20
3.53327e-19
-3.71567e-09
1.00492e-08
1.6978e-08
-3.20523e-08
-5.49352e-08
2.15205e-09
1.72216e-07
3.35518e-08
-2.48544e-07
-3.19e-07
-2.86721e-07
2.43857e-07
6.63381e-07
-2.70539e-06
-1.00576e-05
-1.12595e-05
1.63008e-05
2.99529e-05
1.94496e-05
-5.74871e-05
-6.58414e-05
-3.25298e-05
-1.14721e-05
-2.75819e-06
-1.85764e-08
1.27017e-07
1.68937e-07
3.8119e-08
-2.18078e-09
2.2359e-08
5.73707e-09
1.64435e-08
1.34884e-09
5.20791e-12
-3.88878e-13
-2.40472e-13
-5.92101e-14
9.8204e-15
5.04436e-14
2.42187e-14
4.0661e-15
-2.44353e-15
-1.39004e-15
-2.96527e-16
-2.92077e-17
1.33952e-17
1.22077e-17
6.65067e-18
3.07073e-18
1.81088e-18
-1.01925e-09
4.92004e-08
-6.7726e-09
-2.00304e-07
-6.07085e-08
6.00127e-07
4.06516e-07
-1.58314e-06
-6.87923e-07
6.01894e-07
1.43858e-06
5.77042e-07
1.89572e-07
-3.32789e-06
-9.7153e-06
9.24697e-05
0.000161497
5.09684e-05
-0.0002769
-0.000365482
-0.000121176
-7.36311e-06
0.000248312
0.000524079
0.000631873
0.000601517
0.000470386
0.000301807
0.000156469
6.12583e-05
1.4002e-05
3.6008e-07
2.86332e-11
5.89004e-13
-7.24831e-13
-3.81643e-13
6.57154e-14
4.68456e-13
2.55485e-13
5.22805e-14
-3.25603e-14
-2.24824e-14
-4.18322e-15
-6.49334e-17
1.71906e-16
9.27763e-17
3.92077e-17
1.52451e-17
5.66926e-18
2.73445e-18
7.56489e-08
1.48549e-07
-4.7206e-07
-7.91667e-07
1.42466e-06
2.83436e-06
-2.36452e-06
-8.05569e-06
-1.27013e-07
1.96923e-05
1.73118e-05
3.90208e-06
7.29837e-06
0.000181722
0.000679847
0.00103894
0.000705872
-0.000433659
-0.00148344
-0.00126638
0.000526155
0.00458079
0.00936072
0.0127755
0.0133612
0.0118481
0.00886352
0.00553614
0.00280043
0.001053
0.000215496
2.02025e-06
7.35876e-11
-1.20744e-12
-1.17726e-12
2.06309e-12
4.17023e-12
2.27874e-12
5.12136e-13
-3.60028e-13
-3.06768e-13
-7.93513e-14
-3.93958e-15
2.53664e-15
8.73676e-16
2.37101e-16
7.05583e-17
2.13946e-17
6.40567e-18
2.38143e-18
2.94097e-07
2.59098e-07
-1.89138e-06
-1.65457e-06
6.47467e-06
6.97857e-06
-1.42028e-05
-2.40574e-05
2.64175e-05
7.83309e-05
4.79661e-05
2.0095e-05
0.000486248
0.00179032
0.00338343
0.00368035
0.00175203
-0.00200413
-0.0045036
-0.00258916
0.00695939
0.0231391
0.0404846
0.0518022
0.0527267
0.0461541
0.0342505
0.0212854
0.0107148
0.0039949
0.000797721
5.55769e-06
1.31401e-10
9.87761e-13
2.74213e-11
3.52647e-11
1.87624e-11
4.43656e-12
-3.33553e-12
-3.45938e-12
-1.09362e-12
-1.00834e-13
3.24355e-14
1.21957e-14
1.57357e-15
2.36694e-16
5.06603e-17
9.16388e-18
6.21672e-19
-9.08966e-19
7.3295e-07
3.09038e-07
-4.96593e-06
-2.09539e-06
1.74098e-05
1.22185e-05
-4.42545e-05
-4.39769e-05
0.00010036
0.000184234
5.75962e-05
0.000278381
0.00206885
0.00573671
0.0090832
0.00878414
0.00318202
-0.00555508
-0.010066
-0.00226078
0.0232317
0.0631067
0.104402
0.130243
0.131362
0.114371
0.0846272
0.0525025
0.02638
0.00980006
0.00193527
1.17515e-05
6.94565e-09
1.07837e-10
1.70936e-10
1.22892e-10
3.48737e-11
-2.18287e-11
-3.52057e-11
-1.29116e-11
-1.54755e-12
3.22666e-13
1.47274e-13
2.14358e-14
-2.06405e-16
-1.71627e-16
-8.36575e-17
-3.61326e-17
-1.47332e-17
-7.57873e-18
1.41267e-06
1.36144e-07
-9.8629e-06
-1.33589e-06
3.50712e-05
1.62669e-05
-9.67124e-05
-5.80315e-05
0.000247043
0.00032644
5.18644e-05
0.000850903
0.0050787
0.0126084
0.0183785
0.0164501
0.00450864
-0.0117153
-0.0175502
0.000751325
0.0523116
0.129654
0.208094
0.256013
0.257062
0.223218
0.164958
0.102262
0.0513265
0.0190203
0.00372588
2.0187e-05
7.02648e-08
1.41413e-09
4.6427e-10
1.87612e-10
-1.31087e-10
-3.24214e-10
-1.34987e-10
-1.9518e-11
2.66586e-12
1.41784e-12
2.87974e-13
4.25663e-15
-2.17196e-15
-8.84125e-16
-2.82054e-16
-9.47192e-17
-3.23472e-17
-1.40153e-17
2.28288e-06
-3.56161e-07
-1.62143e-05
1.26363e-06
5.81953e-05
1.6441e-05
-0.00017023
-5.5717e-05
0.000452778
0.000490544
4.44663e-05
0.00178309
0.0094998
0.0221414
0.0305403
0.0256108
0.00503492
-0.0202012
-0.0259883
0.00770087
0.0942395
0.220532
0.347112
0.423369
0.424156
0.367774
0.271628
0.168307
0.0843867
0.0311894
0.00605669
2.87266e-05
-4.07624e-10
1.6016e-09
7.63091e-10
-1.4313e-09
-3.07945e-09
-1.36106e-09
-2.14773e-10
1.83796e-11
1.19997e-11
3.32198e-12
2.29068e-13
-2.09864e-14
-8.97835e-15
-1.63813e-15
-3.57971e-16
-1.07273e-16
-3.35065e-17
-1.25464e-17
3.18797e-06
-1.13465e-06
-2.27968e-05
5.26999e-06
8.25217e-05
1.18185e-05
-0.000250051
-3.74015e-05
0.00067991
0.000660367
4.40769e-05
0.00296201
0.0146341
0.0326087
0.0430967
0.0340499
0.00401409
-0.029742
-0.0338949
0.0178025
0.142923
0.322253
0.500776
0.607649
0.608076
0.526883
0.389002
0.240882
0.120594
0.0444108
0.00852316
3.27894e-05
2.65221e-09
3.65265e-09
-2.5901e-08
-3.19375e-08
-1.40526e-08
-2.37398e-09
1.06802e-10
9.13006e-11
3.44684e-11
4.47975e-12
-1.61004e-13
-8.89638e-14
-1.79932e-14
-9.92862e-16
-9.54159e-17
-2.08066e-17
-2.54396e-18
2.77687e-18
3.90496e-06
-1.92707e-06
-2.80668e-05
9.32215e-06
0.00010251
4.08065e-06
-0.000314766
-1.46841e-05
0.000871792
0.000795147
6.94506e-05
0.00407731
0.0190491
0.0410101
0.0523555
0.0391135
0.00133982
-0.0382299
-0.0398382
0.0284154
0.186807
0.411462
0.634554
0.768086
0.768334
0.665563
0.491154
0.303784
0.151704
0.0555588
0.0104847
2.98636e-05
-2.62004e-07
-3.96976e-07
-3.18074e-07
-1.42751e-07
-2.91119e-08
-1.81019e-10
6.03507e-10
3.08492e-10
6.10046e-11
9.38433e-14
-5.57431e-13
-2.09383e-13
-2.04702e-14
7.69616e-16
3.77157e-16
1.45043e-16
5.39898e-17
2.83154e-17
4.22555e-06
-2.36726e-06
-3.05648e-05
1.17234e-05
0.000112272
-1.80922e-06
-0.000346071
-1.86621e-06
0.00096858
0.000868926
0.000132011
0.00470284
0.0211138
0.044366
0.0550493
0.0393552
-0.00251963
-0.0436769
-0.0427319
0.0353868
0.212171
0.462254
0.711139
0.860847
0.861333
0.746007
0.549958
0.33938
0.168775
0.0613137
0.0113112
1.66949e-05
-2.81702e-06
-2.31236e-06
-1.18929e-06
-3.3812e-07
-2.4184e-08
3.52153e-09
2.236e-09
6.1045e-10
3.68589e-11
-3.84891e-12
-1.9487e-12
-3.45234e-13
3.80487e-15
2.92581e-15
9.86563e-16
3.03441e-16
1.01361e-16
4.79261e-17
4.0782e-06
-2.26129e-06
-2.9547e-05
1.14297e-05
0.000109071
-1.99029e-06
-0.000336037
-9.37976e-06
0.000941588
0.000870856
0.000235922
0.00460648
0.0197833
0.0406022
0.0489139
0.0325774
-0.00675327
-0.0446905
-0.0426216
0.0354273
0.211488
0.461497
0.71154
0.862894
0.863832
0.747983
0.550651
0.338865
0.167611
0.060162
0.0105873
-7.69442e-06
-1.03351e-05
-6.9528e-06
-2.73711e-06
-4.85465e-07
1.51203e-08
1.26936e-08
5.00569e-09
7.37695e-10
-2.64235e-11
-1.70325e-11
-4.2818e-12
-1.78092e-13
2.35061e-14
9.49546e-15
1.54444e-15
3.1883e-16
9.4088e-17
4.10101e-17
3.3055e-06
-1.35061e-06
-2.332e-05
6.91016e-06
8.6845e-05
5.43947e-06
-0.000262796
-4.98179e-05
0.000726097
0.000776529
0.000386779
0.00334593
0.0137048
0.0278396
0.0330828
0.0207059
-0.00948195
-0.0400819
-0.0389832
0.0246938
0.173228
0.388803
0.607821
0.742252
0.744004
0.643309
0.471328
0.287527
0.140139
0.0488952
0.00788797
-2.93537e-05
-2.8172e-05
-1.52183e-05
-4.33535e-06
-2.9605e-07
5.6187e-08
3.2815e-08
7.87112e-09
2.30516e-10
-9.60538e-11
-4.25112e-11
-5.42834e-12
2.25157e-13
1.09631e-13
1.87237e-14
5.13596e-16
6.95614e-18
-8.41741e-18
-5.86636e-18
2.10802e-06
5.21083e-08
-1.37326e-05
-3.20461e-07
5.19581e-05
1.80904e-05
-0.000151578
-9.53732e-05
0.000371289
0.000623555
0.000450271
0.00134616
0.00521397
0.0111534
0.0139724
0.00797785
-0.00929749
-0.030061
-0.0330331
0.00582271
0.107416
0.262282
0.423382
0.523705
0.525656
0.452612
0.328281
0.196954
0.0934195
0.030891
0.00412784
-8.12185e-05
-6.37832e-05
-2.44122e-05
-4.43661e-06
2.44382e-07
1.93982e-07
6.19624e-08
5.34217e-09
-6.35768e-10
-3.13122e-10
-5.72873e-11
9.9885e-13
7.96765e-13
2.34153e-13
1.50654e-14
-9.91659e-16
-4.72033e-16
-1.74905e-16
-7.81624e-17
8.09983e-07
1.26628e-06
-3.87516e-06
-6.5103e-06
1.50303e-05
2.79143e-05
-3.95925e-05
-0.000113941
3.41969e-05
0.000385032
0.00041115
-0.000505002
-0.00222805
-0.00296713
-0.00179143
-0.00106588
-0.00559116
-0.0170584
-0.0257904
-0.012794
0.0384017
0.125606
0.220066
0.279519
0.280758
0.238771
0.168866
0.0972448
0.0430477
0.0121888
0.000740959
-0.000226122
-0.000112605
-2.58227e-05
-2.50784e-07
8.91392e-07
4.28425e-07
7.61886e-08
-2.79539e-09
-1.80573e-09
-4.67254e-10
-1.71958e-11
3.57139e-12
1.82063e-12
3.20489e-13
-5.74409e-15
-3.34745e-15
-1.01495e-15
-3.06023e-16
-1.27764e-16
-2.62342e-07
1.70568e-06
3.43692e-06
-8.51126e-06
-1.38929e-05
2.8545e-05
4.18691e-05
-9.32325e-05
-0.000180017
0.000126584
0.000282593
-0.00147256
-0.00591432
-0.0101072
-0.00960837
-0.00430566
-0.000541084
-0.0052936
-0.0171149
-0.0231496
-0.0118179
0.0185457
0.0548259
0.0774612
0.0774507
0.061795
0.0382801
0.0169992
0.00368085
-0.00168277
-0.00125367
-0.000528247
-0.000111732
2.13947e-07
4.28609e-06
2.29414e-06
5.3128e-07
1.06256e-08
-5.72892e-09
-2.66122e-09
-3.79533e-10
1.8128e-11
1.07946e-11
2.71557e-12
1.06221e-13
-2.18706e-14
-7.50608e-15
-1.19722e-15
-2.7075e-16
-1.05439e-16
-8.26867e-07
1.22783e-06
6.46928e-06
-5.62978e-06
-2.70294e-05
1.58178e-05
7.76391e-05
-3.96185e-05
-0.000234726
-7.90723e-05
0.00010522
-0.00141022
-0.00570996
-0.0100062
-0.00956569
-0.00326236
0.00329828
0.00248279
-0.00764093
-0.0223455
-0.0330147
-0.0384511
-0.0405909
-0.0425908
-0.0436816
-0.0424208
-0.0367513
-0.0273218
-0.0167053
-0.0076535
-0.00251102
-0.000438451
2.29037e-05
1.81373e-05
9.12096e-06
2.56941e-06
1.65706e-07
-2.63392e-08
-1.23781e-08
-2.67957e-09
-2.03363e-11
4.27004e-11
1.71168e-11
1.73774e-12
-2.35081e-13
-8.22873e-14
-8.99476e-15
1.82207e-16
3.75372e-17
6.31703e-18
-8.04884e-07
7.31462e-08
5.61736e-06
7.19505e-09
-2.4469e-05
-3.41069e-06
6.79055e-05
2.39676e-05
-0.000160757
-0.000186131
-5.79747e-05
-0.000583512
-0.00258922
-0.00479011
-0.00453071
-0.000644052
0.00448111
0.00567284
0.000489558
-0.0118786
-0.0296662
-0.0491928
-0.0678227
-0.0800078
-0.0812181
-0.0728802
-0.0563014
-0.0366456
-0.0193314
-0.00783156
-0.00195443
-3.14594e-05
4.34262e-05
2.77914e-05
9.57583e-06
1.12283e-06
-1.4868e-07
-6.42027e-08
-1.22807e-08
-1.33491e-11
1.88363e-10
8.46063e-11
1.33173e-11
-2.07541e-12
-7.9371e-13
-9.42195e-14
6.60758e-15
1.93294e-15
3.89491e-16
1.25448e-16
-3.22783e-07
-1.08839e-06
2.26752e-06
4.96937e-06
-1.04984e-05
-1.90508e-05
2.58422e-05
6.71203e-05
-2.10798e-05
-0.000194481
-0.000152414
0.000231837
0.000627755
0.000572373
0.000401357
0.00104008
0.0030641
0.0053857
0.00523333
-0.000190386
-0.0129658
-0.031672
-0.0505297
-0.0621942
-0.0624008
-0.0538257
-0.0391809
-0.0235544
-0.0112746
-0.00388885
-0.000573019
9.55848e-05
5.44936e-05
1.83041e-05
3.13506e-06
-6.41449e-07
-3.03288e-07
-5.46215e-08
4.27934e-09
1.96932e-09
4.17395e-10
3.84493e-11
-1.4802e-11
-6.03291e-12
-8.41758e-13
6.62772e-14
2.25955e-14
2.54421e-15
2.85298e-16
1.03239e-16
1.69542e-07
-1.6726e-06
-1.01492e-06
7.13088e-06
3.68445e-06
-2.45475e-05
-1.50578e-05
7.2217e-05
7.87866e-05
-0.00011246
-0.000177796
0.000515506
0.00192715
0.00279068
0.00219363
0.000763
0.000615473
0.00282624
0.00582864
0.00580232
0.00104786
-0.00786614
-0.0166651
-0.0207677
-0.0196162
-0.0148013
-0.00873065
-0.00370602
-0.000748425
0.000388787
0.000402658
0.000150643
2.31216e-05
-5.76658e-06
-3.83839e-06
-1.30382e-06
-1.96688e-07
3.10833e-08
1.4765e-08
3.1971e-09
1.01645e-10
-7.72462e-11
-3.58441e-11
-6.3057e-12
3.73217e-13
1.72704e-13
2.57121e-14
-4.42446e-16
-1.62826e-16
-5.923e-17
3.41913e-07
-1.56138e-06
-2.54391e-06
6.68633e-06
9.80286e-06
-1.99005e-05
-3.31454e-05
4.44468e-05
0.000106381
-1.83751e-05
-0.000146684
0.000270956
0.00128632
0.00185182
0.00117088
-0.000391895
-0.000979359
0.000379405
0.0030442
0.00504969
0.00564788
0.00626103
0.00836013
0.011535
0.0140512
0.0145698
0.0126961
0.00913843
0.00532691
0.00236122
0.000679174
6.22047e-05
-2.92153e-05
-1.78894e-05
-6.01146e-06
-8.72034e-07
1.05211e-07
5.67048e-08
1.61477e-08
1.30711e-09
-2.82387e-10
-1.48774e-10
-3.25838e-11
4.91162e-13
6.26966e-13
1.77569e-13
4.21064e-15
-1.25366e-15
-5.21994e-16
-2.1683e-16
2.15879e-07
-9.60125e-07
-2.11202e-06
4.21969e-06
8.21708e-06
-1.11681e-05
-2.78577e-05
1.46543e-05
7.18758e-05
2.88816e-05
-0.000103373
-0.000159133
-0.000148323
-0.00030997
-0.000747154
-0.00115799
-0.0010943
-0.000779799
-0.000526079
0.000238153
0.00292045
0.00863475
0.0163912
0.0229259
0.0254163
0.0234176
0.017997
0.0113868
0.00572641
0.00208862
0.000378858
-4.8084e-05
-3.5948e-05
-1.58393e-05
-3.90657e-06
-6.80918e-09
1.06846e-07
5.09881e-08
9.16518e-09
-7.5722e-10
-4.66428e-10
-1.1721e-10
-5.36052e-13
2.23248e-12
8.24688e-13
6.70617e-14
-6.35102e-15
-2.55671e-15
-6.96267e-16
-2.69316e-16
2.53618e-08
-4.03389e-07
-5.50122e-07
1.87989e-06
2.42186e-06
-4.80328e-06
-1.04505e-05
1.87119e-06
2.20261e-05
2.01017e-05
-6.68904e-05
-0.000363795
-0.000917893
-0.00150514
-0.00152622
-0.000896107
-0.000265128
-0.000717525
-0.00231948
-0.00328747
-0.00137791
0.00434199
0.0119335
0.0178512
0.0189072
0.0164398
0.0116452
0.00655933
0.00273828
0.000647069
-7.03031e-05
-4.98309e-05
-2.49559e-05
-7.93644e-06
-6.45647e-07
3.82089e-07
1.99027e-07
4.26201e-08
-8.90626e-10
-1.03842e-09
-3.6238e-10
-2.10569e-11
8.67917e-12
4.05271e-12
5.11483e-13
-3.90825e-14
-1.51914e-14
-2.72479e-15
-5.07448e-16
-1.93002e-16
-7.26245e-08
-1.16983e-07
5.50256e-07
6.52899e-07
-1.88722e-06
-2.43377e-06
3.0532e-06
4.26672e-06
-7.73589e-06
-1.31114e-05
-4.19257e-05
-0.000259305
-0.000757699
-0.00118443
-0.0010496
-0.00020027
0.000459576
-9.53553e-05
-0.00191605
-0.00338027
-0.00284023
-0.000250496
0.00325345
0.0054121
0.00536738
0.00396179
0.00201405
0.000463005
-0.000308952
-0.00043748
-0.000206654
-6.31628e-05
-1.00346e-05
1.82199e-06
1.51684e-06
6.86715e-07
1.62304e-07
-5.73086e-09
-4.68946e-09
-1.44876e-09
-1.56631e-10
3.1509e-11
1.57507e-11
2.94069e-12
-1.61977e-13
-7.491e-14
-1.30714e-14
-6.80598e-16
-1.13466e-16
-4.64185e-17
-7.52887e-08
-6.84514e-08
6.66131e-07
4.30172e-07
-2.55434e-06
-2.16179e-06
6.33563e-06
8.3992e-06
-1.04158e-05
-2.87643e-05
-2.17056e-05
-4.10393e-05
-0.000140409
-0.000226442
-9.31041e-05
0.000262174
0.00050353
0.000288997
-0.000350027
-0.00105462
-0.00152115
-0.00188336
-0.00247539
-0.00338085
-0.00399373
-0.00406369
-0.0034971
-0.0024883
-0.00144627
-0.00060894
-0.00018116
-1.87539e-05
1.4453e-05
8.09881e-06
2.29456e-06
2.33998e-07
-1.07324e-07
-4.66313e-08
-8.31116e-09
1.10107e-10
1.3339e-10
4.72066e-11
7.85342e-12
-9.5113e-13
-3.57858e-13
-5.30022e-14
2.32884e-15
6.40326e-16
1.73518e-16
7.63683e-17
-1.19228e-08
-5.83102e-08
1.95448e-07
3.05089e-07
-8.34083e-07
-1.28911e-06
2.24996e-06
6.03456e-06
-9.8272e-07
-1.48642e-05
-6.98062e-06
6.46438e-05
0.000213965
0.000345042
0.000331508
0.000189392
7.25876e-05
0.000235121
0.000672345
0.000924399
0.000374448
-0.00125811
-0.00345823
-0.00513757
-0.00565362
-0.0050462
-0.00369906
-0.00219189
-0.000963452
-0.000287849
-2.53644e-05
3.3213e-05
2.07215e-05
7.02582e-06
8.04279e-07
-3.48861e-07
-1.80405e-07
-4.10521e-08
4.21928e-10
7.42679e-10
2.29959e-10
1.26371e-11
-5.9501e-12
-2.55891e-12
-3.8249e-13
2.23952e-14
7.54563e-15
1.24874e-15
2.92051e-16
1.2986e-16
3.80559e-08
-6.9199e-09
-2.03564e-07
-2.85389e-08
7.88523e-07
3.36855e-07
-1.99698e-06
-1.11302e-06
5.78056e-06
5.70037e-06
6.42322e-07
4.27755e-05
0.000172201
0.000286496
0.00023387
-4.53125e-05
-0.000242126
-2.20915e-05
0.000640802
0.00117925
0.000986077
-6.02073e-05
-0.00145104
-0.00242411
-0.00246368
-0.00194054
-0.00113506
-0.000430922
-3.99483e-05
8.74005e-05
6.91898e-05
3.49825e-05
9.4975e-06
5.9047e-07
-8.42737e-07
-4.30919e-07
-9.32568e-08
6.44162e-09
3.49612e-09
8.93877e-10
5.27757e-11
-1.76687e-11
-8.71132e-12
-1.75936e-12
5.9872e-14
3.34952e-14
6.84217e-15
7.4726e-16
1.98387e-16
1.0294e-16
2.32913e-08
5.6514e-08
-2.23303e-07
-3.0324e-07
9.12868e-07
1.18251e-06
-2.32647e-06
-4.33861e-06
2.99832e-06
1.17847e-05
5.36253e-06
-1.0761e-05
-9.5184e-06
1.25285e-05
-1.33394e-05
-0.00011243
-0.000204927
-0.000150312
6.66172e-05
0.000318493
0.000454755
0.000502756
0.000553219
0.000728303
0.000898572
0.000980607
0.000899023
0.000663992
0.000401016
0.000185356
6.37428e-05
8.66837e-06
-4.93714e-06
-2.90185e-06
-9.53344e-07
-1.40615e-07
4.24092e-08
1.91858e-08
3.57662e-09
-2.12372e-10
-1.10207e-10
-2.532e-11
-3.31289e-12
4.89139e-13
1.56408e-13
2.39303e-14
1.76219e-15
9.07492e-17
2.80037e-17
2.70517e-17
-7.05731e-09
6.0118e-08
-1.43823e-08
-2.57584e-07
2.18982e-08
8.14726e-07
1.56038e-07
-2.60162e-06
-2.31992e-06
4.62075e-06
5.78524e-06
-1.8874e-05
-6.67227e-05
-9.88872e-05
-7.35194e-05
-6.12866e-06
1.80561e-05
-7.64802e-05
-0.000264302
-0.000363302
-0.00018287
0.000348643
0.00105763
0.00158508
0.00173157
0.00152853
0.001099
0.000642038
0.000279778
7.87849e-05
2.4589e-06
-1.24544e-05
-7.56349e-06
-2.56378e-06
-2.99865e-07
1.53703e-07
7.71584e-08
1.54749e-08
-9.67701e-10
-6.00968e-10
-1.47253e-10
-5.80239e-12
3.33044e-12
1.43736e-12
2.05401e-13
-8.0178e-15
-2.92324e-15
-6.42885e-16
-1.64441e-16
-5.02827e-17
-1.19728e-08
4.57299e-09
1.27202e-07
-2.92064e-08
-5.23669e-07
-3.20194e-08
1.52124e-06
6.03571e-07
-3.28168e-06
-3.88502e-06
2.88562e-06
5.11104e-06
-1.38655e-05
-3.58074e-05
-1.38637e-05
6.46998e-05
0.000119612
4.26292e-05
-0.000173118
-0.00035247
-0.000305094
-3.40437e-06
0.000394143
0.00065806
0.000658901
0.000500253
0.000269562
8.10089e-05
-1.68291e-05
-4.08057e-05
-2.64425e-05
-1.15894e-05
-2.88812e-06
-4.42528e-08
3.40782e-07
1.74443e-07
3.76368e-08
-3.04854e-09
-1.78056e-09
-4.79137e-10
-3.59021e-11
1.00081e-11
5.17672e-12
1.15878e-12
-1.20033e-14
-1.65526e-14
-4.66232e-15
-7.70816e-16
-1.8095e-16
-5.83565e-17
-9.32003e-09
-2.39446e-08
6.76748e-08
1.13934e-07
-2.5074e-07
-4.62472e-07
6.17504e-07
1.8044e-06
-5.62971e-07
-4.4089e-06
-2.13844e-07
1.45624e-05
2.83505e-05
2.891e-05
2.64797e-05
3.74105e-05
5.78489e-05
6.61207e-05
4.42451e-05
-8.45876e-06
-7.61934e-05
-0.000165367
-0.00026364
-0.000371475
-0.000424143
-0.000414117
-0.000342895
-0.000238776
-0.000134082
-5.65935e-05
-1.58916e-05
-1.11989e-06
2.01831e-06
1.20543e-06
3.87178e-07
5.14152e-08
-1.91473e-08
-8.82386e-09
-1.66601e-09
6.67056e-11
4.1967e-11
1.30717e-11
2.19076e-12
-3.00113e-13
-1.20265e-13
-2.02773e-14
-1.19492e-15
-8.83287e-17
-1.34423e-17
5.9662e-18
4.74504e-09
-2.05591e-08
-4.04179e-08
1.02445e-07
1.73424e-07
-3.07031e-07
-5.6195e-07
6.68488e-07
1.59663e-06
-8.33958e-08
-2.34546e-06
1.80453e-06
1.44368e-05
2.16592e-05
7.41212e-06
-2.42079e-05
-3.45413e-05
1.08817e-05
9.91512e-05
0.000151204
9.0972e-05
-8.99442e-05
-0.000327165
-0.000494871
-0.000517987
-0.000444791
-0.000309302
-0.000166139
-6.40974e-05
-1.25585e-05
4.39329e-06
4.13968e-06
2.22604e-06
7.32052e-07
9.86467e-08
-5.10762e-08
-2.81587e-08
-6.5356e-09
1.09783e-10
1.44907e-10
5.29819e-11
5.36634e-12
-1.52326e-12
-7.11221e-13
-1.37362e-13
3.82695e-15
1.98477e-15
5.7509e-16
1.76019e-16
7.71037e-17
7.12372e-09
-2.15692e-09
-5.33505e-08
8.80476e-09
1.94919e-07
6.15616e-08
-5.79792e-07
-5.53655e-07
1.16203e-06
2.07435e-06
-1.82991e-06
-8.93888e-06
-1.17268e-05
-1.01293e-05
-1.43457e-05
-3.1232e-05
-4.44728e-05
-2.87673e-05
1.97596e-05
6.85078e-05
7.56257e-05
2.85047e-05
-3.46255e-05
-6.76068e-05
-5.99114e-05
-2.60525e-05
9.58133e-06
2.89821e-05
2.91407e-05
1.91028e-05
8.65647e-06
2.52838e-06
2.94814e-07
-2.15704e-07
-1.31757e-07
-4.97183e-08
-1.02557e-08
1.22626e-09
5.48029e-10
1.1471e-10
6.98099e-12
-4.01724e-12
-1.62489e-12
-2.90455e-13
2.79823e-14
1.03776e-14
2.13158e-15
5.33843e-16
1.74972e-16
8.01148e-17
-6.82082e-10
1.05344e-08
3.81949e-09
-5.62049e-08
-5.44274e-09
1.88054e-07
4.14581e-08
-5.66432e-07
-3.35935e-07
8.99108e-07
3.30742e-07
-4.64922e-06
-1.14639e-05
-1.27021e-05
-7.23284e-06
5.6888e-07
-1.69983e-06
-1.82396e-05
-3.80393e-05
-3.8818e-05
-8.61795e-06
5.57717e-05
0.000133192
0.000189659
0.000206675
0.000185755
0.000138864
8.51425e-05
4.13368e-05
1.47677e-05
2.39271e-06
-1.08776e-06
-8.07641e-07
-3.68484e-07
-9.7654e-08
-2.08522e-09
6.64501e-09
2.96967e-09
5.88446e-10
-4.81861e-11
-2.80528e-11
-5.88023e-12
-4.04278e-14
1.50168e-13
5.70145e-14
9.052e-15
4.43398e-16
1.30679e-16
5.68444e-17
3.27737e-17
-3.03297e-09
8.17207e-09
2.4834e-08
-3.02165e-08
-9.72883e-08
5.61345e-08
3.01732e-07
4.23616e-08
-7.28511e-07
-6.4741e-07
1.24039e-06
3.34803e-06
3.17328e-06
2.42595e-06
6.50671e-06
1.63471e-05
2.01924e-05
6.84905e-06
-2.19444e-05
-4.30268e-05
-3.2951e-05
1.10298e-05
6.79561e-05
0.000106717
0.000107406
8.5627e-05
5.205e-05
2.2397e-05
4.49091e-06
-2.35928e-06
-2.87132e-06
-1.55206e-06
-4.90315e-07
-5.73512e-08
4.40991e-08
2.34371e-08
5.79959e-09
4.31214e-10
-2.71791e-10
-1.15666e-10
-2.406e-11
5.43607e-13
4.97708e-13
1.49316e-13
1.02592e-14
-1.97284e-15
-5.59389e-16
-1.39434e-16
-3.52285e-17
-8.5812e-18
-5.07465e-10
-3.41609e-09
6.47159e-09
1.58281e-08
-3.25287e-08
-6.39131e-08
9.98705e-08
2.54612e-07
-1.34579e-07
-6.11597e-07
4.27031e-07
3.57892e-06
6.66042e-06
7.1035e-06
5.91634e-06
5.20084e-06
7.78478e-06
1.10423e-05
1.0137e-05
3.27499e-06
-8.12354e-06
-2.15442e-05
-3.46017e-05
-4.72814e-05
-5.24833e-05
-5.02466e-05
-4.1229e-05
-2.87947e-05
-1.63685e-05
-7.10547e-06
-2.09035e-06
-2.24577e-07
2.24158e-07
1.45639e-07
5.25278e-08
9.80142e-09
-1.89198e-09
-1.18484e-09
-3.28668e-10
-4.01557e-11
1.00073e-11
4.18236e-12
7.19741e-13
-4.58116e-14
-1.78875e-14
-2.79012e-15
-4.87012e-16
-1.47299e-16
-4.72501e-17
-1.80267e-17
6.68285e-10
-4.75999e-09
-8.5013e-09
1.97304e-08
3.78727e-08
-4.83293e-08
-1.20637e-07
5.86222e-08
3.24776e-07
1.26222e-07
-5.04065e-07
-5.97546e-07
2.12414e-07
2.7587e-07
-2.3716e-06
-6.43177e-06
-6.63419e-06
3.27644e-07
1.22456e-05
1.8376e-05
1.04416e-05
-1.21464e-05
-4.03178e-05
-5.91762e-05
-6.12427e-05
-5.22212e-05
-3.60723e-05
-1.93882e-05
-7.56967e-06
-1.45633e-06
5.96803e-07
4.84121e-07
2.34916e-07
6.59377e-08
3.09846e-09
-6.70776e-09
-3.14301e-09
-6.95798e-10
3.21431e-11
3.18781e-11
1.05327e-11
1.48092e-12
-2.8235e-13
-1.00354e-13
-1.73449e-14
-6.81917e-16
-2.80185e-17
-1.20575e-17
-6.02902e-18
-2.68439e-18
7.82396e-10
2.65815e-10
-5.6253e-09
-2.66645e-10
2.44582e-08
8.8761e-09
-8.06894e-08
-8.35794e-08
1.57104e-07
2.84617e-07
-3.81267e-07
-1.85498e-06
-3.10682e-06
-3.39029e-06
-3.24766e-06
-4.00986e-06
-5.19856e-06
-4.63837e-06
-1.35932e-06
3.25274e-06
6.19837e-06
5.70387e-06
4.28471e-06
4.06825e-06
4.976e-06
6.71187e-06
7.54536e-06
6.68754e-06
4.63442e-06
2.56544e-06
9.83597e-07
1.99253e-07
-3.9659e-08
-4.37579e-08
-2.09859e-08
-4.50577e-09
2.38003e-11
3.46188e-10
1.56598e-10
3.4119e-11
-1.91832e-12
-1.47065e-12
-3.75034e-13
-1.49745e-14
4.6668e-15
1.49813e-15
3.7525e-16
1.07072e-16
3.24506e-17
1.36888e-17
-1.96313e-10
2.16253e-09
2.28062e-09
-9.49592e-09
-1.14491e-08
2.44098e-08
3.6385e-08
-4.43354e-08
-1.10469e-07
7.02531e-09
1.2693e-07
-1.65745e-07
-7.23685e-07
-6.84416e-07
5.00276e-07
1.91556e-06
1.64741e-06
-1.32495e-06
-5.34617e-06
-6.5678e-06
-2.53719e-06
6.77361e-06
1.76296e-05
2.50929e-05
2.60807e-05
2.26676e-05
1.63043e-05
9.54246e-06
4.4243e-06
1.34286e-06
1.29004e-07
-1.57579e-07
-9.92084e-08
-3.67348e-08
-6.77436e-09
1.47221e-09
8.93185e-10
2.4777e-10
2.397e-11
-1.14476e-11
-4.31445e-12
-6.01865e-13
9.52996e-14
3.23369e-14
4.77096e-15
7.61781e-16
2.48445e-16
8.85812e-17
3.21327e-17
1.60721e-17
-4.35405e-10
3.33758e-10
3.02817e-09
-2.0715e-09
-1.24683e-08
3.26585e-09
4.26458e-08
2.0342e-08
-9.52987e-08
-1.12661e-07
2.00943e-07
7.88654e-07
1.24248e-06
1.37315e-06
1.53877e-06
2.0841e-06
2.41318e-06
1.66487e-06
-3.95886e-07
-2.52166e-06
-2.82662e-06
-1.00764e-06
1.65853e-06
3.34506e-06
3.28566e-06
2.03976e-06
4.74095e-07
-5.81848e-07
-9.05718e-07
-6.85299e-07
-3.43592e-07
-1.06608e-07
-1.74329e-08
6.94689e-09
5.37167e-09
2.02712e-09
3.56361e-10
-7.71863e-11
-4.29876e-11
-1.05735e-11
-9.78918e-13
3.39378e-13
1.38258e-13
2.71956e-14
5.64589e-16
-7.36602e-17
-7.6019e-19
1.39113e-17
1.04383e-17
8.42391e-18
3.88774e-11
-7.59753e-10
-4.57953e-10
3.45037e-09
2.58746e-09
-9.23522e-09
-9.3829e-09
2.12961e-08
3.03288e-08
-1.70663e-08
-9.95818e-09
1.94002e-07
4.81921e-07
4.71604e-07
2.21376e-08
-4.50332e-07
-2.50899e-07
8.17977e-07
2.03287e-06
2.10138e-06
3.77172e-07
-2.96388e-06
-6.66504e-06
-9.22883e-06
-9.64633e-06
-8.50024e-06
-6.28437e-06
-3.84734e-06
-1.88562e-06
-6.93381e-07
-1.24412e-07
4.28797e-08
3.41058e-08
1.59413e-08
4.36817e-09
1.67093e-10
-2.58681e-10
-1.23163e-10
-2.61187e-11
2.21988e-12
1.44069e-12
3.39828e-13
-4.33556e-15
-6.76751e-15
-1.81949e-15
-4.09276e-16
-1.03805e-16
-2.41163e-17
-3.67642e-18
1.71239e-18
1.88178e-10
-2.76178e-10
-1.31424e-09
1.45474e-09
5.36368e-09
-3.5227e-09
-1.81159e-08
-3.47261e-09
4.28189e-08
4.12288e-08
-8.66921e-08
-2.93672e-07
-4.46804e-07
-5.12126e-07
-6.43877e-07
-8.90913e-07
-9.66806e-07
-5.30425e-07
4.01366e-07
1.18635e-06
1.07735e-06
1.68758e-09
-1.51492e-06
-2.51207e-06
-2.53993e-06
-1.96782e-06
-1.10559e-06
-3.76863e-07
2.85131e-08
1.43755e-07
1.063e-07
4.77354e-08
1.38368e-08
1.00547e-09
-1.63397e-09
-7.92881e-10
-1.72684e-10
-3.8421e-14
1.17031e-11
4.14348e-12
5.51783e-13
-1.03593e-13
-3.61155e-14
-5.36974e-15
-7.34478e-16
-2.25668e-16
-7.25624e-17
-2.13228e-17
-5.21989e-18
-3.57548e-19
9.33852e-12
2.66011e-10
5.93644e-11
-1.19065e-09
-5.32806e-10
3.41917e-09
1.79914e-09
-8.19815e-09
-6.9268e-09
9.09757e-09
-7.09951e-09
-1.06462e-07
-2.27377e-07
-2.21855e-07
-6.4896e-08
8.52971e-08
-1.40712e-09
-3.61646e-07
-7.04072e-07
-6.338e-07
5.29672e-09
1.11785e-06
2.31693e-06
3.14654e-06
3.28061e-06
2.91639e-06
2.19546e-06
1.38207e-06
7.06543e-07
2.72198e-07
5.54287e-08
-1.08429e-08
-1.14726e-08
-6.14471e-09
-1.75456e-09
-1.785e-10
8.72764e-11
4.46642e-11
1.11419e-11
-4.33475e-14
-3.62516e-13
-1.32646e-13
-2.46152e-14
-3.45198e-16
1.15731e-16
3.14937e-17
5.36332e-18
7.50148e-19
4.54912e-19
8.8603e-19
-7.65892e-11
1.29009e-10
4.60565e-10
-6.98771e-10
-1.93004e-09
1.50002e-09
6.54916e-09
4.72039e-10
-1.65407e-08
-1.41332e-08
3.16734e-08
1.00449e-07
1.52191e-07
1.80326e-07
2.40652e-07
3.31149e-07
3.42668e-07
1.59018e-07
-1.85929e-07
-4.55257e-07
-3.70398e-07
8.73869e-08
7.04264e-07
1.11462e-06
1.14641e-06
9.31856e-07
5.79313e-07
2.59092e-07
5.85665e-08
-2.17388e-08
-3.19204e-08
-1.61828e-08
-5.03966e-09
-4.85685e-10
5.41022e-10
2.86449e-10
7.20887e-11
3.69445e-12
-4.26568e-12
-1.61898e-12
-2.66395e-13
2.85007e-14
1.24302e-14
2.18388e-15
4.11604e-16
1.1464e-16
3.41897e-17
1.05552e-17
3.47494e-18
1.74909e-18
7.98445e-12
-8.51561e-11
-5.70562e-12
3.9567e-10
3.95672e-11
-1.09796e-09
-2.9598e-10
2.62471e-09
1.74647e-09
-3.115e-09
4.55513e-09
4.21617e-08
8.49658e-08
8.25902e-08
3.15865e-08
-1.31099e-08
1.81272e-08
1.34664e-07
2.30926e-07
1.89271e-07
-2.77026e-08
-3.85177e-07
-7.61204e-07
-1.00953e-06
-1.04541e-06
-9.33048e-07
-7.08646e-07
-4.5228e-07
-2.35623e-07
-9.28244e-08
-1.94376e-08
2.59812e-09
3.5092e-09
1.92377e-09
5.527e-10
5.57976e-11
-3.09215e-11
-1.58193e-11
-3.83109e-12
6.94931e-14
1.32665e-13
4.25297e-14
6.52312e-15
4.08041e-16
9.91922e-17
3.5306e-17
1.31407e-17
4.9939e-18
1.94285e-18
1.09087e-18
2.43264e-11
-3.78665e-11
-1.56284e-10
2.12261e-10
6.57354e-10
-5.1232e-10
-2.16193e-09
-4.48055e-11
5.46221e-09
4.45135e-09
-1.02512e-08
-3.19712e-08
-4.87062e-08
-5.85838e-08
-7.91221e-08
-1.0783e-07
-1.08888e-07
-4.8736e-08
6.25787e-08
1.44332e-07
1.11264e-07
-4.03161e-08
-2.36966e-07
-3.72997e-07
-3.86007e-07
-3.17431e-07
-2.03539e-07
-9.6826e-08
-2.7542e-08
2.63069e-09
8.9114e-09
4.67996e-09
1.41889e-09
1.20549e-10
-1.67215e-10
-8.84309e-11
-2.15206e-11
-1.36439e-12
1.31598e-12
5.25516e-13
9.10661e-14
-6.00103e-15
-2.54079e-15
-6.39493e-16
-1.7647e-16
-5.06287e-17
-1.41422e-17
-3.70152e-18
-8.41281e-19
-9.03584e-20
-4.30963e-12
1.56889e-11
4.45917e-12
-1.06488e-10
-2.02139e-11
3.39358e-10
1.21763e-10
-7.67304e-10
-6.40808e-10
6.88771e-10
-1.53471e-09
-1.25714e-08
-2.48946e-08
-2.40095e-08
-8.78005e-09
4.55999e-09
-4.083e-09
-3.71931e-08
-6.62399e-08
-5.5717e-08
8.6015e-09
1.13785e-07
2.2287e-07
2.94573e-07
3.04082e-07
2.70224e-07
2.04568e-07
1.30522e-07
6.83735e-08
2.73006e-08
5.99638e-09
-3.69744e-10
-9.20834e-10
-5.40639e-10
-1.72139e-10
-2.41035e-11
7.84463e-12
4.36366e-12
1.08877e-12
8.74954e-14
-3.37447e-14
-1.3417e-14
-2.79089e-15
-6.27409e-16
-2.02043e-16
-6.83801e-17
-2.25843e-17
-7.15246e-18
-2.14649e-18
-7.25688e-19
-5.44217e-12
1.67578e-11
4.68607e-11
-5.22302e-11
-1.71303e-10
1.14555e-10
5.72338e-10
2.57616e-11
-1.4386e-09
-1.18226e-09
2.74362e-09
8.77974e-09
1.34271e-08
1.59343e-08
2.05596e-08
2.74332e-08
2.77329e-08
1.26877e-08
-1.49655e-08
-3.53812e-08
-2.83891e-08
8.45087e-09
5.70228e-08
9.03178e-08
9.3216e-08
7.63413e-08
4.88575e-08
2.34808e-08
7.15796e-09
-1.93855e-10
-2.09383e-09
-1.17311e-09
-4.3828e-10
-1.04286e-10
6.93805e-12
1.65082e-11
7.47007e-12
1.61652e-12
-1.2945e-13
-7.84243e-14
-2.03358e-14
-3.11039e-15
-6.67477e-16
-2.72871e-16
-1.10894e-16
-4.26051e-17
-1.5456e-17
-5.29071e-18
-1.70767e-18
-6.44528e-19
2.06442e-12
-4.69046e-12
-4.47458e-12
2.00325e-11
8.26486e-12
-5.41655e-11
-2.37972e-11
1.43161e-10
1.90991e-10
-7.56602e-12
3.40305e-10
2.25635e-09
4.46816e-09
4.3035e-09
1.32935e-09
-1.43071e-09
3.2813e-10
7.54133e-09
1.40399e-08
1.21474e-08
-1.08814e-09
-2.328e-08
-4.64341e-08
-6.18794e-08
-6.41059e-08
-5.68984e-08
-4.27893e-08
-2.70532e-08
-1.4144e-08
-5.74124e-09
-1.38963e-09
-5.37823e-11
1.63461e-10
1.05916e-10
4.0612e-11
7.46954e-12
-1.40165e-12
-9.48106e-13
-3.03084e-13
-5.23721e-14
2.20481e-15
8.31491e-16
1.45697e-16
-5.57481e-18
-2.11071e-17
-1.2867e-17
-5.77774e-18
-2.22748e-18
-7.75103e-19
-3.12897e-19
-4.67014e-13
-1.64069e-12
-6.26927e-12
6.11202e-12
2.84896e-11
4.2573e-13
-7.08016e-11
-3.19199e-11
1.9005e-10
2.03828e-10
-3.8556e-10
-1.33843e-09
-2.01857e-09
-2.24009e-09
-2.70835e-09
-3.52634e-09
-3.5677e-09
-1.84476e-09
1.74963e-09
4.65168e-09
4.14704e-09
-1.01003e-10
-6.19922e-09
-1.04932e-08
-1.08345e-08
-8.69604e-09
-5.4487e-09
-2.60334e-09
-8.03974e-10
3.52869e-11
3.07344e-10
1.94619e-10
9.02452e-11
3.1082e-11
4.7851e-12
-2.07751e-12
-1.15202e-12
-3.81001e-13
-4.90013e-14
1.21513e-14
4.06364e-15
8.5052e-16
1.92178e-16
3.94688e-17
4.28029e-18
-1.44028e-18
-1.26444e-18
-5.98261e-19
-2.2845e-19
-9.76291e-20
)
;

boundaryField
{
    movingWall
    {
        type            zeroGradient;
    }
    fixedWalls
    {
        type            zeroGradient;
    }
    frontAndBack
    {
        type            empty;
    }
}

