/*--------------------------------*- C++ -*----------------------------------*\
| =========                 |                                                 |
| \\      /  F ield         | OpenFOAM: The Open Source CFD Toolbox           |
|  \\    /   O peration     | Version:  v2006                                 |
|   \\  /    A nd           | Website:  www.openfoam.com                      |
|    \\/     M anipulation  |                                                 |
\*---------------------------------------------------------------------------*/
FoamFile
{
    version     2.0;
    format      ascii;
    class       volScalarField;
    location    "0";
    object      f;
}
// * * * * * * * * * * * * * * * * * * * * * * * * * * * * * * * * * * * * * //

dimensions      [0 0 0 0 0 0 0];


internalField   nonuniform List<scalar> 
2500
(
9.47762e-35
1.02845e-29
-1.11284e-24
4.93735e-22
3.49474e-20
-1.17969e-18
-1.0418e-17
3.27181e-16
-3.56718e-17
-7.30163e-16
8.46173e-14
-6.93868e-12
2.65574e-10
-5.92195e-09
5.39986e-08
4.45764e-08
-2.7611e-06
3.4261e-05
2.78575e-05
-0.00117802
0.000239439
0.0313869
0.102488
0.160292
0.155772
0.0901333
0.02478
0.00012338
-0.000862659
-0.000457441
-5.64135e-05
1.80645e-05
8.44846e-06
-2.40575e-07
-8.02391e-07
-2.05068e-07
1.41022e-08
1.16592e-08
2.40718e-09
9.55612e-11
8.2872e-12
-3.16469e-12
-1.6823e-12
-3.60953e-13
3.62533e-16
1.63328e-15
4.01402e-16
7.39506e-17
2.46745e-18
-2.17651e-18
7.2067e-33
1.07776e-27
-2.00155e-23
3.81464e-21
4.12845e-19
-5.33665e-18
-6.34816e-17
2.06114e-15
-3.94815e-14
6.96845e-13
-3.6592e-12
-1.27689e-11
7.72102e-10
-2.32575e-08
3.70715e-07
-1.8806e-06
-3.86206e-06
0.000124726
-0.000345727
-0.00255006
0.00902588
0.0711197
0.154988
0.191275
0.152711
0.0779361
0.0206082
0.000169353
-0.000668656
-0.000290447
-8.93688e-06
1.60114e-05
5.07307e-06
-7.56861e-07
-5.42008e-07
-8.70097e-08
2.68533e-09
5.20211e-10
1.21237e-10
1.16861e-10
2.67099e-11
3.36435e-13
-6.22488e-13
-1.71924e-13
-2.47486e-15
-7.55149e-17
-4.5883e-17
-2.52593e-17
-1.37542e-17
-2.09833e-18
3.87591e-31
5.00299e-26
-2.84552e-22
1.4945e-20
3.54649e-18
-1.56079e-17
-3.00469e-16
1.31421e-14
-3.70647e-13
8.22284e-12
-1.43302e-10
1.09114e-09
5.25324e-10
-3.56191e-08
9.86544e-07
-1.13669e-05
1.39228e-05
0.000260228
-0.0017506
-0.00409883
0.0293951
0.134997
0.257908
0.300869
0.237885
0.120676
0.0307229
-7.30209e-05
-0.00112078
-0.000437689
-4.21242e-06
3.43995e-05
8.51528e-06
-1.2408e-06
-9.2187e-07
-1.56738e-07
4.21339e-09
2.96897e-09
7.8781e-10
1.81615e-10
4.41493e-11
-4.82239e-13
-1.18833e-12
-2.83293e-13
-1.67521e-15
2.91872e-16
-2.69685e-17
-3.29489e-17
-1.84018e-17
-3.04926e-18
1.85772e-29
1.81599e-24
-3.78636e-21
-5.74339e-20
2.63591e-17
-2.96821e-17
-8.47414e-16
3.35063e-14
-9.60685e-13
2.65071e-11
-6.17883e-10
1.02387e-08
-8.96574e-08
2.19284e-07
1.42141e-06
-3.3097e-05
0.000166832
0.000353787
-0.0048364
-0.00453688
0.0660098
0.227545
0.383332
0.410308
0.302134
0.143056
0.0335024
-0.000743091
-0.00140374
-0.000429096
5.91775e-05
5.3625e-05
8.80798e-06
-2.00773e-06
-1.09444e-06
-1.45123e-07
-1.90518e-09
-6.58889e-10
1.94324e-10
2.32892e-10
7.07912e-11
1.14163e-12
-1.20254e-12
-2.83593e-13
-8.14353e-16
4.38775e-16
-2.44975e-17
-3.80093e-17
-2.27229e-17
-4.2301e-18
6.99263e-28
5.88611e-23
-4.67496e-20
-2.22747e-18
1.92381e-16
-6.93108e-16
1.3515e-14
-2.66488e-13
1.89177e-12
3.64241e-11
-1.09429e-09
3.23851e-08
-4.70803e-07
3.31529e-06
-4.13216e-06
-6.33036e-05
0.000559819
1.80409e-05
-0.010274
0.000747793
0.121951
0.34657
0.525085
0.522539
0.360761
0.159583
0.0334601
-0.00183003
-0.0017392
-0.000353796
0.000138944
8.02417e-05
8.66215e-06
-2.68939e-06
-1.25107e-06
-1.43796e-07
-8.77268e-09
-2.51135e-09
1.13764e-10
2.62232e-10
8.24894e-11
1.12942e-12
-1.41312e-12
-2.81905e-13
2.64283e-15
8.23103e-16
1.13981e-17
-3.50324e-17
-2.6469e-17
-5.71234e-18
6.86382e-27
1.77295e-21
-5.25459e-19
-3.26108e-17
2.01278e-15
-5.20625e-14
1.05829e-12
-1.73906e-11
2.18734e-10
-1.84389e-09
5.38864e-09
5.01677e-08
-1.21153e-06
1.19068e-05
-4.82521e-05
-7.28811e-05
0.00130964
-0.00241902
-0.0182294
0.0160679
0.198237
0.483957
0.664501
0.618302
0.396621
0.161062
0.0261791
-0.00315898
-0.00194716
-9.4723e-05
0.000253621
0.000104272
5.12568e-06
-3.2316e-06
-1.25671e-06
-1.11535e-07
-1.69874e-08
-5.12971e-09
-7.28158e-11
2.64747e-10
8.18503e-11
-1.4009e-13
-1.58262e-12
-2.0661e-13
8.67258e-15
1.53071e-15
8.52505e-17
-2.32935e-17
-3.01405e-17
-7.67608e-18
-2.57946e-24
5.0348e-20
-5.23459e-18
-2.49913e-16
1.08987e-14
-2.55609e-13
4.8103e-12
-7.66214e-11
1.01572e-09
-1.04359e-08
7.46883e-08
-1.56051e-07
-1.70919e-06
2.59746e-05
-0.000158022
0.000164157
0.00236907
-0.00754993
-0.0275421
0.0398242
0.290526
0.624453
0.783172
0.679346
0.403029
0.142926
0.0137222
-0.00426677
-0.00188513
0.000304921
0.000390133
0.000115293
-6.71825e-08
-3.59452e-06
-1.05461e-06
-7.63581e-08
-2.52127e-08
-7.88956e-09
-1.64608e-10
2.41893e-10
6.15417e-11
-3.1414e-12
-1.7466e-12
-8.15258e-14
1.74861e-14
2.48804e-15
1.94239e-16
-5.16136e-18
-3.51991e-17
-1.04662e-17
-4.16943e-22
1.35784e-18
-5.06517e-17
-6.20151e-16
2.02337e-14
-4.30746e-13
7.87812e-12
-1.27719e-10
1.85889e-09
-2.51786e-08
2.56981e-07
-1.6873e-06
2.35347e-06
3.4923e-05
-0.000352754
0.000957934
0.00331504
-0.015919
-0.0363043
0.0721091
0.389342
0.748236
0.862533
0.694181
0.371765
0.105795
0.000477799
-0.00501546
-0.00111435
0.000807427
0.000533397
0.000110031
-4.96512e-06
-3.70438e-06
-6.70668e-07
-4.49518e-08
-3.30874e-08
-1.0863e-08
-2.5987e-10
1.99447e-10
3.53098e-11
-5.45924e-12
-1.72023e-12
6.33431e-14
3.37305e-14
3.40334e-15
3.30506e-16
1.28491e-17
-4.42831e-17
-1.46252e-17
-4.74587e-20
3.61566e-17
-1.6131e-15
3.84986e-14
-7.21662e-13
1.04204e-11
-1.17212e-10
9.15349e-10
-3.19106e-09
-2.69055e-08
4.64811e-07
-5.46426e-06
2.82194e-05
-3.71018e-06
-0.000585781
0.00246129
0.0034601
-0.0275612
-0.0426831
0.111826
0.481868
0.83548
0.888154
0.656259
0.30108
0.0604163
-0.00878224
-0.00553611
0.000203016
0.00132879
0.000628334
8.07357e-05
-7.08146e-06
-3.04069e-06
-2.15015e-07
-3.20205e-08
-4.04207e-08
-1.28387e-08
-2.59598e-10
1.57074e-10
1.27743e-11
-6.22226e-12
-9.6748e-13
2.24632e-13
5.50108e-14
4.04638e-15
5.07738e-16
1.98684e-17
-6.11178e-17
-2.0862e-17
-3.91983e-18
6.68573e-16
-2.05963e-14
4.20757e-13
-7.19813e-12
1.03504e-10
-1.28e-09
1.25967e-08
-8.83888e-08
3.69562e-07
1.69247e-07
-1.03381e-05
8.57673e-05
-0.000225979
-0.000703027
0.00477868
0.00149147
-0.0413265
-0.0450625
0.154151
0.554174
0.871065
0.85546
0.557436
0.209876
0.0177196
-0.0124058
-0.00483465
0.00172111
0.00176025
0.000616529
3.77038e-05
-5.57921e-06
-1.13724e-06
2.52556e-07
-1.75778e-08
-4.69918e-08
-1.34036e-08
-7.43464e-11
1.33743e-10
-1.23908e-12
-5.53449e-12
2.71656e-13
3.98838e-13
6.27991e-14
4.79627e-15
7.12767e-16
1.97892e-19
-8.99828e-17
-2.99185e-17
-5.48307e-17
2.5902e-15
-5.62695e-14
1.00821e-12
-1.70684e-11
2.70456e-10
-3.75714e-09
4.03389e-08
-3.20903e-07
1.83173e-06
-5.5122e-06
-1.05127e-05
0.00016676
-0.000669486
-0.000367004
0.00765029
-0.00263959
-0.054836
-0.0432564
0.192367
0.595398
0.846292
0.754934
0.422206
0.116562
-0.0124058
-0.0126073
-0.00126764
0.00316305
0.00202576
0.00048477
3.48855e-07
-3.48412e-06
1.07431e-06
6.17528e-07
-1.63569e-08
-5.2782e-08
-1.18465e-08
2.64168e-10
1.38446e-10
-7.35255e-12
-3.41319e-12
1.49823e-12
5.72468e-13
5.15053e-14
6.09508e-15
8.69247e-16
-6.65617e-17
-1.34627e-16
-4.23126e-17
-2.63208e-17
-4.93898e-15
2.3386e-13
-3.90529e-12
2.82838e-11
9.30492e-11
-4.63856e-09
6.02738e-08
-5.96664e-07
4.52139e-06
-2.13392e-05
3.19824e-05
0.00022427
-0.00133199
0.000789871
0.0104948
-0.00852227
-0.0668307
-0.0377404
0.220701
0.601421
0.759731
0.597779
0.275048
0.0376326
-0.0242332
-0.0120046
0.00254265
0.00412012
0.00197034
0.000287889
-1.43369e-05
-6.65212e-07
3.02591e-06
8.25185e-07
-7.79355e-08
-5.82198e-08
-7.32731e-09
6.44419e-10
1.49275e-10
-1.05747e-11
1.86785e-13
2.45534e-12
6.08288e-13
2.94674e-14
6.59436e-15
8.89362e-16
-1.98985e-16
-1.96578e-16
-5.79918e-17
5.6978e-14
-6.51612e-13
9.09567e-12
-1.02835e-10
9.71415e-10
-7.44642e-09
3.98142e-08
-1.0491e-07
-4.86711e-07
7.03936e-06
-5.07396e-05
0.00014439
0.000168907
-0.00207389
0.00259314
0.0126866
-0.015978
-0.0761795
-0.0296983
0.235948
0.564722
0.623006
0.418665
0.140334
-0.0159406
-0.0246181
-0.00566237
0.00536157
0.00435191
0.00142322
7.42405e-05
-8.20502e-06
5.58852e-06
4.40739e-06
6.84632e-07
-1.3943e-07
-5.88807e-08
-1.80389e-09
8.58956e-10
8.96837e-11
-1.59745e-11
3.06795e-12
2.73067e-12
3.44177e-13
-9.36341e-17
5.22411e-15
5.322e-16
-4.09645e-16
-2.73121e-16
-7.60103e-17
5.02266e-13
-3.19503e-12
3.58939e-11
-3.66118e-10
3.49317e-09
-3.01614e-08
2.07385e-07
-1.08239e-06
3.08999e-06
5.55747e-06
-8.593e-05
0.000348016
-0.00021499
-0.00265756
0.00509358
0.0137688
-0.0238589
-0.081859
-0.0206042
0.237261
0.477385
0.455627
0.248739
0.0360247
-0.0392369
-0.0214177
0.00200158
0.00674712
0.00385744
0.00073888
-5.30931e-05
-4.52198e-06
1.19391e-05
5.05951e-06
1.94512e-07
-1.59392e-07
-3.75188e-08
3.13638e-09
1.09953e-09
-4.91347e-11
-2.72237e-11
3.4863e-12
1.87012e-12
-7.3459e-14
-3.17294e-14
1.18724e-15
-5.24943e-16
-6.96965e-16
-3.54535e-16
-9.4406e-17
1.39155e-12
-5.57125e-12
5.5282e-11
-5.38424e-10
5.25303e-09
-4.99153e-08
4.40889e-07
-2.97066e-06
1.24368e-05
-1.88328e-05
-9.95935e-05
0.00060271
-0.000843785
-0.00281622
0.00803684
0.0134346
-0.0311263
-0.0839176
-0.011942
0.215502
0.354607
0.29314
0.106186
-0.0301813
-0.0409306
-0.0134087
0.00608544
0.00621242
0.00223856
8.97389e-05
-6.60286e-05
6.28781e-06
1.54789e-05
4.06571e-06
-2.508e-07
-1.61169e-07
-5.0938e-09
6.14026e-09
9.85972e-10
-1.99912e-10
-4.41118e-11
2.01487e-12
-1.99172e-14
-4.15367e-13
-6.61132e-14
-2.60063e-15
-2.02674e-15
-1.01054e-15
-4.23772e-16
-1.10534e-16
-2.82626e-12
6.30472e-11
-7.88275e-10
6.48894e-09
-3.35099e-08
6.86065e-08
4.4506e-07
-4.70085e-06
2.63372e-05
-6.96552e-05
-3.76501e-05
0.00080621
-0.00168433
-0.00244842
0.0108889
0.0116011
-0.0370706
-0.082546
-0.00451174
0.167929
0.232064
0.144233
0.00382853
-0.0561599
-0.0345006
-0.00268202
0.00713542
0.00420878
0.00056457
-0.000281773
-5.41723e-05
3.10944e-05
1.71202e-05
1.79948e-06
-4.49958e-07
-1.25962e-07
1.96319e-08
7.21292e-09
-3.09089e-10
-3.1901e-10
-3.71035e-11
3.53751e-13
-1.33912e-12
-5.3496e-13
-4.54126e-14
-5.57006e-15
-3.0855e-15
-1.21315e-15
-4.63996e-16
-1.21973e-16
-1.5973e-10
8.42636e-10
-6.94036e-09
4.47911e-08
-2.26007e-07
8.28858e-07
-1.57022e-06
-3.90453e-06
3.82593e-05
-0.000146014
0.000133621
0.000842635
-0.00255379
-0.00162729
0.0127205
0.0100523
-0.0410636
-0.0756311
-0.00228
0.109185
0.118931
0.0317602
-0.0515742
-0.0543057
-0.021226
0.00400874
0.00573832
0.00157995
-0.000539667
-0.00030762
-7.23168e-06
4.05604e-05
1.41378e-05
-1.86589e-07
-3.88317e-07
1.09577e-08
3.67438e-08
6.33414e-09
-1.23511e-09
-3.76497e-10
4.16223e-12
2.25806e-12
-9.49538e-13
-2.61335e-13
6.47186e-15
-5.42596e-15
-3.37345e-15
-1.23376e-15
-4.67524e-16
-1.27354e-16
-8.60393e-10
2.83516e-09
-2.01658e-08
1.18467e-07
-5.87845e-07
2.39411e-06
-6.93541e-06
8.83424e-06
3.90566e-05
-0.000224168
0.000401457
0.000622345
-0.00328136
-0.000491285
0.0143414
0.00765403
-0.042563
-0.0647632
-0.0077646
0.0493916
0.0301335
-0.0337943
-0.0637727
-0.0393387
-0.00547736
0.0061886
0.00282282
-0.000770866
-0.000946349
-0.00022524
6.23805e-05
3.91188e-05
4.1859e-06
-1.46645e-06
-2.90661e-07
1.11479e-07
4.06451e-08
-1.11494e-09
-1.64802e-09
-1.83705e-10
4.85003e-11
1.08894e-11
9.02016e-13
2.74725e-13
2.85186e-14
-5.28633e-15
-2.95881e-15
-1.08162e-15
-4.37178e-16
-1.26585e-16
-1.96578e-09
4.49093e-09
-2.9635e-08
1.70293e-07
-8.9813e-07
4.18383e-06
-1.48067e-05
3.34239e-05
-3.11338e-06
-0.00026223
0.000695682
0.000216741
-0.00378114
0.000894169
0.015286
0.00533484
-0.0397249
-0.0508537
-0.0163245
0.0022396
-0.0221759
-0.0571512
-0.0499975
-0.0182918
0.00443508
0.00462425
-0.00019774
-0.00184639
-0.000871143
-4.9059e-05
7.26903e-05
2.30917e-05
-3.17343e-06
-1.53743e-06
7.04871e-08
1.39757e-07
2.11511e-08
-6.08424e-09
-1.71575e-09
1.96269e-10
9.39069e-11
1.50719e-11
2.45778e-12
4.91453e-13
4.67038e-15
-6.93668e-15
-2.01206e-15
-7.92779e-16
-3.82127e-16
-1.20633e-16
-1.14433e-09
-1.67666e-09
1.02345e-08
8.34917e-09
-5.77233e-07
4.61078e-06
-2.11298e-05
6.35678e-05
-7.56822e-05
-0.000215588
0.000931631
-0.000318551
-0.00402336
0.00221809
0.0154495
0.00341974
-0.0309091
-0.0362217
-0.0201723
-0.0205561
-0.0418863
-0.0493774
-0.0257183
0.000670138
0.00703287
0.00139756
-0.00258731
-0.00194023
-0.000479062
8.81158e-05
4.55064e-05
-5.30849e-06
-6.56556e-06
-1.00672e-06
4.08729e-07
1.42777e-07
-1.01156e-08
-7.00698e-09
-2.52438e-10
4.40318e-10
1.11566e-10
1.04508e-11
2.4417e-12
2.95751e-13
-3.89166e-14
-7.67252e-15
-2.70414e-16
-4.71892e-16
-3.19545e-16
-1.11389e-16
1.98522e-08
-4.38878e-08
2.29808e-07
-8.3346e-07
1.94047e-06
-3.00846e-07
-2.12269e-05
8.79618e-05
-0.00017444
-7.90694e-05
0.00107864
-0.000894846
-0.00412699
0.00323412
0.0145074
0.00307233
-0.019537
-0.0217079
-0.0184108
-0.0254289
-0.0358981
-0.0244055
-0.00213001
0.00956029
0.00477331
-0.00183761
-0.0030988
-0.00138431
-6.60664e-05
9.17047e-05
8.19558e-06
-1.84398e-05
-6.33833e-06
4.75369e-07
4.55736e-07
4.97864e-08
-2.31488e-08
-5.11949e-09
1.52489e-09
5.543e-10
3.85935e-11
-1.42193e-12
4.53814e-13
-7.62017e-14
-4.07238e-14
2.35089e-15
1.75455e-15
-2.51104e-16
-2.70147e-16
-1.01207e-16
7.3849e-08
-1.14736e-07
5.77605e-07
-2.16361e-06
6.40674e-06
-1.2872e-05
1.08503e-06
9.48422e-05
-0.000275783
0.000118911
0.00114932
-0.00140877
-0.00414479
0.00366516
0.012422
0.0045978
-0.00729794
-0.00779694
-0.00988112
-0.0170522
-0.0154672
-0.00122972
0.0113947
0.00927176
0.000777371
-0.00348856
-0.00228323
-0.000394972
0.000166827
3.48188e-05
-3.62073e-05
-1.90296e-05
-1.32893e-06
1.41565e-06
4.19e-07
-5.49187e-08
-2.28339e-08
2.49188e-09
2.13983e-09
3.31943e-10
-5.62506e-11
-1.52953e-11
-1.72205e-12
-2.31617e-13
2.94383e-14
2.88852e-14
3.58686e-15
-3.02792e-16
-2.50751e-16
-9.16888e-17
1.05994e-07
-1.45172e-07
7.25114e-07
-2.99448e-06
1.06107e-05
-2.88939e-05
3.98999e-05
5.74751e-05
-0.000353903
0.000326541
0.00116664
-0.00179253
-0.00395159
0.00323639
0.00952254
0.00676635
0.00344298
0.00370419
0.000943238
-0.00237662
0.00271337
0.0115926
0.0126433
0.00459575
-0.00229354
-0.00281053
-0.000809286
0.000285449
0.000148856
-2.97655e-05
-4.54514e-05
-1.0891e-05
2.84828e-06
1.31337e-06
-8.67574e-09
-8.66438e-08
-9.14517e-09
6.98012e-09
1.97925e-09
-2.27174e-10
-1.12796e-10
-2.01092e-11
-1.96115e-12
6.34213e-14
1.60246e-13
4.93556e-14
2.76203e-15
-5.10164e-16
-2.49875e-16
-8.20699e-17
-1.20486e-07
2.5999e-08
-8.7838e-08
-1.60503e-06
1.15934e-05
-4.10872e-05
8.06329e-05
1.96094e-06
-0.000386702
0.000511183
0.00114061
-0.00195051
-0.00356233
0.00145778
0.00629909
0.00801275
0.0103807
0.0110168
0.00814495
0.0073845
0.0107758
0.0127933
0.00720872
-0.000191352
-0.00263422
-0.000928974
0.000521931
0.000430621
3.18201e-05
-8.08171e-05
-3.18626e-05
3.04499e-06
3.55516e-06
4.725e-07
-2.94622e-07
-8.43937e-08
1.36465e-08
6.37085e-09
-2.34182e-10
-5.2178e-10
-1.19874e-10
-6.00946e-12
-2.69188e-13
4.90561e-13
2.44398e-13
4.37515e-14
-1.24442e-15
-6.86812e-16
-2.36488e-16
-6.9745e-17
-8.21385e-07
5.75789e-07
-2.42514e-06
3.8957e-06
4.27293e-06
-4.57622e-05
0.000119837
-6.94018e-05
-0.000399557
0.000655331
0.00110924
-0.00179037
-0.00319945
-0.000749287
0.00312082
0.00818805
0.0129305
0.01319
0.0100923
0.00905971
0.00952653
0.00649506
0.00084227
-0.00217009
-0.000867081
0.000797498
0.000920686
0.000252751
-9.05736e-05
-6.58064e-05
-4.9821e-06
7.96748e-06
2.03135e-06
-6.36061e-07
-2.84078e-07
2.90764e-09
2.11817e-08
2.22975e-09
-1.81826e-09
-5.49843e-10
-1.15301e-11
9.0184e-12
2.06012e-12
6.75245e-13
1.94672e-13
4.90363e-15
-4.56527e-15
-8.64059e-16
-1.92195e-16
-5.32414e-17
-1.23783e-06
1.5472e-06
-4.88076e-06
1.14456e-05
-9.78952e-06
-3.48286e-05
0.000146886
-0.000134798
-0.000407349
0.000726225
0.00108834
-0.00117753
-0.00301968
-0.00263403
0.000752191
0.00716813
0.0118432
0.0109145
0.00743087
0.00490359
0.0027803
-0.000526358
-0.0025235
-0.00129283
0.000915504
0.00147307
0.000658452
-1.87039e-05
-0.000104892
-1.97874e-05
1.55679e-05
5.81602e-06
-8.64007e-07
-8.73952e-07
-1.12519e-07
6.37619e-08
1.58013e-08
-4.11969e-09
-1.83616e-09
-1.02686e-10
7.57849e-11
1.6389e-11
2.18568e-12
5.27775e-13
2.62767e-14
-3.04438e-14
-6.48298e-15
-5.45043e-16
-1.08403e-16
-3.3917e-17
2.82213e-06
4.05783e-06
-5.23326e-06
1.87434e-05
-2.75777e-05
-1.51865e-05
0.000161592
-0.000185861
-0.000415268
0.000690599
0.00114267
-0.00046017
-0.00290348
-0.00360118
-0.000308698
0.0057289
0.00840085
0.0059559
0.0018527
-0.0010896
-0.0032349
-0.00417194
-0.00269085
0.000164871
0.001531
0.00101863
0.000155623
-0.00011719
-2.8517e-05
2.80519e-05
1.53335e-05
1.39733e-07
-2.21622e-06
-5.26891e-07
1.37657e-07
5.6848e-08
-3.32121e-09
-5.07554e-09
-6.28477e-10
3.44635e-10
9.14036e-11
5.48222e-12
4.859e-13
9.28459e-14
-9.33132e-14
-3.58175e-14
-4.41862e-15
-2.65917e-17
-1.56264e-17
-1.64115e-17
1.2203e-05
6.76802e-06
-1.87468e-06
2.27883e-05
-4.56824e-05
5.56849e-06
0.000173373
-0.00021351
-0.000426275
0.000557682
0.00125082
2.74871e-05
-0.00265288
-0.00344915
-9.93931e-06
0.00464378
0.00478154
0.00142367
-0.00232685
-0.00477706
-0.00577606
-0.0048657
-0.00209631
0.000363199
0.000749157
0.000200149
-0.000118558
-2.54143e-05
5.10148e-05
3.62764e-05
4.14878e-06
-4.53514e-06
-1.64128e-06
1.71132e-07
1.7459e-07
1.74911e-08
-1.36687e-08
-2.66424e-09
1.0511e-09
3.90898e-10
2.48494e-11
-9.55809e-12
-1.47678e-12
-2.60895e-13
-1.01606e-13
-1.72321e-14
1.52469e-15
4.1943e-16
4.85245e-17
-6.9883e-18
1.82751e-05
2.91595e-06
2.26434e-07
1.83996e-05
-6.22138e-05
2.40548e-05
0.000183947
-0.000218389
-0.000445026
0.000431071
0.00126439
9.02708e-05
-0.00220214
-0.00190238
0.00155043
0.00389778
0.00251283
-0.000861067
-0.00363512
-0.00553714
-0.00608562
-0.00488311
-0.0026474
-0.00102575
-0.000545429
-0.000304038
-5.04664e-05
9.243e-05
7.43866e-05
1.4983e-05
-7.78853e-06
-4.06234e-06
-5.25761e-08
4.74276e-07
9.47271e-08
-3.1091e-08
-9.93564e-09
1.63747e-09
1.11958e-09
1.17801e-10
-6.10192e-11
-1.40611e-11
-1.09175e-12
-2.94231e-13
-4.43449e-14
1.50168e-14
5.11325e-15
6.18496e-16
4.77235e-17
-8.91133e-18
-6.82408e-06
-2.14077e-05
-9.18502e-06
6.61056e-06
-7.26917e-05
4.35151e-05
0.000191106
-0.000210675
-0.00044299
0.00036086
0.00100259
-0.000275589
-0.00135416
0.000529237
0.00346298
0.00373676
0.00147309
-0.00100885
-0.00313736
-0.00532534
-0.0071087
-0.0070862
-0.00535454
-0.00312875
-0.00130679
-0.00027299
0.000131153
0.000130463
3.83796e-05
-1.07957e-05
-8.64265e-06
-9.30422e-07
1.03497e-06
3.1392e-07
-5.04585e-08
-3.13532e-08
-6.756e-10
2.92872e-09
4.2731e-10
-2.29375e-10
-7.15748e-11
-4.40553e-12
5.56332e-13
7.54553e-15
3.49586e-14
2.38421e-14
4.93534e-15
3.05391e-16
-9.55736e-18
-1.85207e-17
-5.83315e-05
-5.80757e-05
-1.96307e-05
1.54488e-06
-6.71522e-05
6.77201e-05
0.000182563
-0.00019828
-0.000337454
0.000305092
0.000322018
-0.000728365
-9.03387e-05
0.0030683
0.00466251
0.00345798
0.00136086
-0.000327399
-0.00285819
-0.00752095
-0.0118173
-0.0119734
-0.00877196
-0.00446222
-0.00133432
1.56895e-05
0.000182663
7.69333e-05
-9.28458e-06
-1.56788e-05
-2.78701e-06
1.92427e-06
7.89555e-07
-5.50923e-08
-9.8215e-08
-1.38268e-08
6.81006e-09
1.50526e-09
-5.29729e-10
-2.32106e-10
-1.88371e-11
8.27142e-12
1.48083e-12
1.39829e-13
6.7463e-14
1.68506e-14
1.03005e-15
-1.45296e-16
-7.44452e-17
-2.67356e-17
-7.37063e-05
-6.20121e-05
1.06113e-05
3.36679e-05
-3.78854e-05
8.13618e-05
0.000137288
-0.000156114
-0.000116244
4.62315e-05
-0.000528919
-0.000821837
0.0016016
0.00483198
0.00471415
0.00289266
0.00151665
-0.00025338
-0.00637052
-0.0153952
-0.0203366
-0.0182701
-0.0115164
-0.00473612
-0.000838384
0.000158619
9.53042e-05
-5.46174e-06
-2.35535e-05
-5.27744e-06
3.38824e-06
1.81979e-06
2.17245e-08
-2.41637e-07
-5.22524e-08
1.44114e-08
5.10609e-09
-5.94067e-10
-5.54973e-10
-5.50879e-11
3.9671e-11
9.38249e-12
2.6474e-13
3.33917e-14
2.53147e-14
6.36145e-16
-1.53286e-15
-3.93673e-16
-9.89855e-17
-2.52447e-17
5.952e-05
5.51371e-05
0.000111546
9.10595e-05
-1.82283e-05
4.64389e-05
6.96296e-05
-4.15241e-05
6.93275e-05
-0.00041794
-0.00122514
-0.000165202
0.00341421
0.00510336
0.00386119
0.00250839
0.00163515
-0.0041665
-0.0170224
-0.0290301
-0.0317374
-0.0245704
-0.0132279
-0.00429306
-0.000342685
4.4107e-05
-5.87315e-06
-3.10348e-05
-8.21229e-06
5.34517e-06
3.56104e-06
2.33975e-07
-4.98438e-07
-1.38642e-07
2.94546e-08
1.74514e-08
1.07462e-09
-1.33017e-09
-1.83091e-10
1.21183e-10
3.72853e-11
4.49444e-13
-1.22543e-12
-1.99505e-13
-2.06481e-14
-7.63682e-15
-1.61847e-15
-2.97168e-16
-6.1415e-17
-1.30161e-17
0.000187083
0.000151122
0.000163231
6.81444e-05
-7.36598e-05
-3.33002e-05
4.29736e-05
0.000131892
3.20628e-05
-0.00103989
-0.00134769
0.00135226
0.00464836
0.00439434
0.00288224
0.00295771
-0.000525361
-0.015089
-0.0355317
-0.047988
-0.0449511
-0.0305177
-0.014211
-0.00362116
-0.000122904
-4.05026e-05
-4.1791e-05
-1.12839e-05
7.79099e-06
5.93421e-06
5.27571e-07
-9.57e-07
-3.27365e-07
4.72018e-08
4.69153e-08
5.90179e-09
-3.37376e-09
-6.85927e-10
2.35346e-10
9.21174e-11
-1.74396e-12
-7.18578e-12
-1.45424e-12
-7.1539e-14
-2.5735e-14
-5.42752e-15
-4.87168e-16
-3.21285e-17
3.48016e-18
2.10124e-18
2.63654e-05
1.69712e-05
2.35225e-05
-8.31179e-05
-0.000159581
-5.89799e-05
0.000133157
0.000197044
-0.000422308
-0.00140528
-9.29011e-05
0.00321565
0.00464986
0.00328036
0.00321145
0.00384671
-0.00782155
-0.0349831
-0.0624012
-0.0708925
-0.0589329
-0.0355866
-0.0145144
-0.00290247
-7.38721e-05
-2.5193e-05
8.56299e-08
1.41077e-05
9.20947e-06
6.555e-07
-1.79449e-06
-7.22135e-07
5.72782e-08
1.05553e-07
1.69292e-08
-8.3402e-09
-2.64621e-09
2.50814e-10
2.07343e-10
-8.48759e-14
-2.58007e-11
-6.25581e-12
4.4193e-14
7.91021e-14
5.09682e-15
5.85683e-16
4.7781e-16
1.64188e-16
4.50175e-17
1.01635e-17
-0.000228634
-0.000182731
-0.000125262
-0.000141536
-6.83078e-05
7.30605e-05
0.000195017
-0.000195171
-0.00108756
-0.000822038
0.00206807
0.00421283
0.00317251
0.00280817
0.00605579
0.00264048
-0.0236166
-0.0662056
-0.096701
-0.0956771
-0.0715326
-0.0386956
-0.0137117
-0.00198549
-1.2111e-05
2.19453e-05
2.56732e-05
1.42427e-05
8.99734e-07
-2.92661e-06
-1.28552e-06
8.17225e-08
2.14736e-07
3.88075e-08
-1.88585e-08
-7.80232e-09
6.98806e-11
6.16656e-10
5.89048e-11
-5.75326e-11
-1.49775e-11
1.3446e-12
8.6409e-13
1.50764e-13
1.16252e-14
2.77449e-15
6.75809e-16
1.70778e-16
4.03482e-17
7.87205e-18
-9.861e-05
-3.98299e-05
6.50424e-05
0.000148189
0.000207219
0.000132973
-0.000291645
-0.00101172
-0.00124857
0.00129317
0.00416023
0.00334549
0.00134499
0.00500446
0.00960813
-0.00542448
-0.0535416
-0.110078
-0.133801
-0.119847
-0.080348
-0.039006
-0.0115984
-0.000997715
5.46091e-05
4.48913e-05
2.10475e-05
8.26805e-07
-4.53928e-06
-1.97961e-06
1.95207e-07
4.23106e-07
9.00211e-08
-3.47837e-08
-1.71814e-08
-1.40642e-10
1.79622e-09
2.91513e-10
-1.01158e-10
-2.54076e-11
7.02955e-12
4.0657e-12
7.05018e-13
-3.45339e-15
5.55694e-15
1.77889e-15
3.3608e-16
6.53942e-17
1.09495e-17
7.8516e-19
0.0005819
0.000543746
0.00056416
0.000399008
4.98767e-05
-0.00078151
-0.00125072
-0.00137732
0.000858152
0.00423888
0.00438828
0.000902615
0.000851195
0.00986546
0.0105283
-0.0304388
-0.104607
-0.164176
-0.171692
-0.136976
-0.0823908
-0.0349859
-0.00826318
-0.000200612
3.921e-05
1.8686e-05
-2.12209e-06
-6.63967e-06
-2.64313e-06
4.58223e-07
7.39393e-07
1.70308e-07
-6.42155e-08
-3.45491e-08
-3.80699e-10
4.45765e-09
9.58931e-10
-1.91645e-10
-6.50805e-11
1.21208e-11
1.06761e-11
1.8459e-12
-2.7487e-13
-6.34351e-14
-4.4335e-15
-1.18672e-16
-6.15386e-17
-3.01996e-17
-1.10375e-17
-3.45442e-18
0.000699822
0.000514301
8.28021e-06
-0.000831759
-0.00161309
-0.00188754
-0.0013635
0.000888954
0.00398395
0.00480568
0.00165175
-0.000435116
0.00397464
0.0135428
-0.0143583
-0.0904774
-0.182481
-0.222161
-0.203906
-0.144134
-0.0764091
-0.0277174
-0.00459259
6.78353e-05
2.07937e-05
-3.96701e-06
-8.07967e-06
-2.87257e-06
9.52115e-07
1.13346e-06
2.40898e-07
-1.27813e-07
-6.96266e-08
-2.17484e-09
8.87628e-09
1.99555e-09
-5.37456e-10
-2.322e-10
2.94825e-12
2.18228e-11
2.96176e-12
-1.61142e-12
-4.9729e-13
-5.31245e-14
-9.9913e-16
-4.66055e-16
-1.66301e-16
-4.5388e-17
-1.02843e-17
-1.82273e-18
-0.00290793
-0.00289747
-0.00308351
-0.00297153
-0.00227366
-0.000473153
0.00212823
0.00431296
0.00492517
0.0019572
-0.000535884
0.00365563
0.00931613
-0.00620123
-0.0907508
-0.204279
-0.286785
-0.28287
-0.221949
-0.136767
-0.0627736
-0.0186517
-0.00164887
-1.14377e-05
-1.00907e-05
-8.3306e-06
-2.16479e-06
1.85068e-06
1.60039e-06
2.87782e-07
-2.35487e-07
-1.2642e-07
-4.4508e-09
1.64795e-08
3.59307e-09
-1.282e-09
-6.23677e-10
-2.3081e-11
4.92732e-11
5.92497e-12
-4.6346e-12
-1.61157e-12
-1.42908e-13
2.51983e-14
1.54745e-15
-1.45748e-16
-3.65801e-17
7.79265e-19
5.00718e-18
2.95746e-18
-0.00260188
-0.00230345
-0.00132869
0.000262876
0.00237589
0.00413315
0.0048712
0.00464423
0.00142849
-0.00115617
0.00668346
0.0161463
0.00577686
-0.1118
-0.271083
-0.389221
-0.406698
-0.337381
-0.224926
-0.116198
-0.0448991
-0.0102169
-0.000283764
1.9656e-06
-1.14695e-06
1.61014e-06
3.43089e-06
2.06595e-06
2.09338e-07
-3.94635e-07
-1.88738e-07
4.78763e-09
3.23416e-08
7.23222e-09
-2.40397e-09
-1.26653e-09
-3.49384e-11
1.27395e-10
2.05889e-11
-8.23785e-12
-2.87026e-12
-6.65013e-15
1.97155e-13
3.52113e-14
8.23936e-16
1.43936e-16
8.6569e-17
4.12787e-17
1.69884e-17
6.30989e-18
0.00417839
0.00453224
0.00498774
0.00531788
0.00519222
0.00438893
0.00299906
-8.14033e-05
-0.0036798
0.00711997
0.0343228
0.0277811
-0.140659
-0.39112
-0.590011
-0.637526
-0.538377
-0.365725
-0.200297
-0.0870298
-0.0277173
-0.00400771
6.99777e-05
1.65096e-05
3.99156e-06
3.59826e-06
1.84411e-06
-4.57207e-08
-5.60573e-07
-2.21168e-07
3.6528e-08
5.75962e-08
1.26177e-08
-4.43967e-09
-2.25154e-09
3.22706e-11
2.98793e-10
5.60424e-11
-1.62982e-11
-5.8107e-12
4.79438e-13
7.15796e-13
1.59444e-13
4.78303e-15
-2.34794e-16
1.31967e-16
9.91966e-17
4.56209e-17
1.7669e-17
6.28438e-18
0.00250999
0.00250284
0.00230743
0.0016739
0.000968536
-0.00041912
0.000268558
-0.00580279
-0.00323283
0.0470963
0.0660206
-0.149372
-0.546223
-0.912809
-1.04885
-0.91744
-0.638424
-0.35922
-0.162284
-0.0573378
-0.0139257
-0.000738608
2.81746e-05
1.48163e-05
5.32569e-06
1.0568e-06
-7.08672e-07
-7.97057e-07
-2.37746e-07
8.83337e-08
8.48688e-08
1.51454e-08
-9.31907e-09
-4.1725e-09
1.18051e-10
5.52662e-10
9.33068e-11
-4.10093e-11
-1.37495e-11
1.43877e-12
1.69127e-12
3.07841e-13
-3.98927e-14
-1.14761e-14
-8.79307e-16
3.72335e-17
5.37465e-17
2.71357e-17
1.09869e-17
4.06064e-18
0.000216189
0.00018588
-6.10203e-05
-0.0001359
-0.000975681
-0.000730818
0.00118453
-0.0114564
0.0395705
0.100842
-0.151432
-0.733839
-1.37317
-1.69642
-1.58114
-1.15621
-0.674547
-0.314176
-0.115015
-0.0316658
-0.00477757
0.000211989
5.34668e-05
1.81249e-06
-2.14772e-06
-1.80338e-06
-9.90791e-07
-1.67076e-07
1.63698e-07
1.035e-07
7.47988e-09
-1.86951e-08
-7.17948e-09
4.52762e-10
9.65504e-10
1.33202e-10
-9.12796e-11
-2.86402e-11
3.72307e-12
3.64652e-12
5.29683e-13
-1.94482e-13
-6.20035e-14
-7.40177e-15
3.57787e-18
2.14451e-17
1.57452e-17
8.80613e-18
4.11686e-18
1.72983e-18
-0.000384285
-0.000209436
-0.000658686
0.000702131
-0.00386503
0.00734982
-0.00283945
0.00773642
0.109148
-0.249885
-1.06132
-2.05693
-2.68216
-2.62172
-2.0477
-1.27402
-0.629141
-0.242828
-0.0705609
-0.0134573
-2.29785e-05
2.41151e-05
2.08019e-06
-1.88238e-06
-1.03637e-06
-4.36428e-07
7.86811e-08
2.31477e-07
1.01782e-07
-1.24738e-08
-3.00191e-08
-8.96502e-09
1.91182e-09
1.68723e-09
1.99586e-10
-1.68086e-10
-4.75785e-11
9.00078e-12
6.6595e-12
6.56405e-13
-5.68318e-13
-1.5814e-13
-1.01329e-14
2.50244e-15
2.67508e-16
2.10644e-17
1.02638e-19
-2.82578e-20
4.4257e-19
3.73684e-19
-0.00068941
0.000314642
-0.00189844
0.00445284
-0.010768
0.0399123
-0.00891474
0.0648806
-0.695917
-1.95377
-3.31881
-4.27684
-4.22907
-3.47271
-2.30047
-1.22602
-0.514363
-0.163837
-0.0360272
-0.0025116
0.000328362
0.000131855
2.02679e-05
1.66854e-07
1.33159e-07
3.00405e-07
2.69032e-07
7.13888e-08
-4.195e-08
-3.76903e-08
-7.16222e-09
4.93848e-09
2.73339e-09
2.08703e-10
-2.99879e-10
-7.69146e-11
1.62495e-11
9.08938e-12
-4.80328e-13
-1.57267e-12
-3.89916e-13
1.11184e-14
1.67038e-14
2.86231e-15
2.09982e-16
1.88994e-17
-1.89851e-18
-1.76081e-18
-5.34907e-19
-7.90802e-20
-0.00226866
0.00234921
-0.00762691
0.0191597
-0.0215008
0.111463
-0.335604
-2.22472
-4.51793
-6.29156
-7.226
-6.93829
-5.6946
-3.91806
-2.23757
-1.02323
-0.363607
-0.0941857
-0.0134154
0.00083747
0.000149849
-2.24072e-05
-6.52036e-06
4.50727e-07
6.50132e-07
3.15601e-07
1.77806e-09
-9.05672e-08
-4.95751e-08
-4.40431e-09
8.07256e-09
3.57843e-09
-1.91375e-11
-4.99227e-10
-1.04878e-10
3.29282e-11
1.32788e-11
-2.00865e-12
-2.58903e-12
-5.18673e-13
1.15051e-13
4.69152e-14
7.00003e-15
2.24086e-16
4.0051e-17
3.93614e-18
-1.9181e-18
-1.26479e-18
-4.42159e-19
-1.12886e-19
-0.00648207
0.00719791
-0.0268292
0.0564319
-0.690025
-3.28448
-7.48344
-11.3357
-13.6876
-13.5885
-11.9901
-9.35896
-6.39297
-3.75198
-1.83549
-0.725346
-0.22127
-0.0472767
-0.00253944
-0.000220069
-2.44234e-05
1.98058e-07
-5.27332e-07
2.45486e-08
-6.72876e-08
-1.52082e-07
-1.19732e-07
-4.81075e-08
-1.08531e-09
8.68366e-09
2.73914e-09
-7.57053e-10
-6.99479e-10
-1.05655e-10
6.54647e-11
2.2561e-11
-2.02199e-12
-2.42925e-12
-1.87483e-14
4.4e-13
1.365e-13
9.78498e-15
-2.37749e-15
-3.31977e-16
-3.65906e-17
-6.43462e-18
-2.00957e-18
-7.13306e-19
-2.22162e-19
-5.96824e-20
-0.4455
-1.91188
-5.30106
-10.66
-16.9793
-23.3702
-28.5683
-30.0463
-27.4562
-22.1588
-16
-10.4172
-6.06751
-3.08198
-1.32186
-0.460947
-0.123505
-0.0217149
-0.000192981
-0.00012315
-3.41516e-05
2.64174e-06
2.64897e-06
7.49061e-07
3.58315e-08
-3.54e-08
-1.73433e-08
2.11742e-09
5.09441e-09
7.19137e-10
-1.1475e-09
-6.17065e-10
-1.26592e-11
9.40201e-11
2.34169e-11
-5.30914e-12
-2.87272e-12
2.27382e-13
5.55248e-13
1.4687e-13
-6.40674e-15
-7.03098e-15
-1.17439e-15
-1.44072e-16
-2.47103e-17
-4.95249e-18
-1.18029e-18
-3.18062e-19
-8.60282e-20
-2.22185e-20
-33.2537
-41.5527
-51.4687
-58.8814
-63.1655
-64.5472
-61.3214
-52.8514
-40.7203
-28.0549
-17.4834
-9.93822
-5.11094
-2.32066
-0.899409
-0.285213
-0.0695448
-0.00985088
-0.000667675
1.33847e-05
5.21165e-06
-1.86949e-06
-1.63277e-06
-4.97039e-07
-8.26623e-08
-2.57156e-08
-1.08228e-08
-2.53055e-09
-9.48949e-10
-4.46658e-10
-9.77608e-11
1.13327e-10
9.38127e-11
1.84558e-11
-6.50615e-12
-2.69915e-12
-4.80042e-14
2.3184e-13
-4.29942e-14
-7.36899e-14
-2.15883e-14
-1.60663e-15
-8.37845e-17
-2.9528e-17
-7.3358e-18
-1.66344e-18
-3.94963e-19
-1.00122e-19
-2.5482e-20
-6.34343e-21
)
;

boundaryField
{
    movingWall
    {
        type            zeroGradient;
    }
    fixedWalls
    {
        type            zeroGradient;
    }
    frontAndBack
    {
        type            empty;
    }
}

