/*--------------------------------*- C++ -*----------------------------------*\
| =========                 |                                                 |
| \\      /  F ield         | OpenFOAM: The Open Source CFD Toolbox           |
|  \\    /   O peration     | Version:  v2006                                 |
|   \\  /    A nd           | Website:  www.openfoam.com                      |
|    \\/     M anipulation  |                                                 |
\*---------------------------------------------------------------------------*/
FoamFile
{
    version     2.0;
    format      ascii;
    class       volScalarField;
    location    "0";
    object      f;
}
// * * * * * * * * * * * * * * * * * * * * * * * * * * * * * * * * * * * * * //

dimensions      [0 0 0 0 0 0 0];


internalField   nonuniform List<scalar> 
2500
(
-4.25298e-17
-4.25346e-17
-4.25673e-17
-4.29558e-17
-4.27527e-17
-4.86482e-17
-6.12712e-17
-1.04122e-16
-1.50388e-16
-1.47889e-16
-1.09118e-16
-8.12908e-17
-1.42534e-16
-4.20799e-16
-2.22212e-16
5.67229e-17
4.97305e-16
2.14334e-15
3.78677e-15
5.14971e-15
1.48533e-15
-9.39386e-15
-8.75078e-15
-2.12807e-15
3.53191e-15
9.49581e-15
6.89146e-15
2.7912e-15
6.68097e-16
-7.78047e-16
-1.11934e-15
-5.24996e-16
1.05083e-17
2.69494e-16
1.95838e-16
9.02541e-17
3.82905e-17
1.72838e-17
8.67015e-18
4.75588e-18
2.77668e-18
1.69543e-18
1.06746e-18
6.81096e-19
4.31957e-19
2.67645e-19
1.59956e-19
9.14198e-20
4.96735e-20
2.55311e-20
-5.16724e-17
-5.16802e-17
-5.17563e-17
-5.32222e-17
-5.25096e-17
-6.25623e-17
-8.16065e-17
-1.78871e-16
-3.80373e-16
-3.48306e-16
-1.48321e-16
2.75201e-16
-1.29119e-15
-3.97212e-15
2.93403e-15
1.07896e-14
1.957e-14
1.42494e-14
7.93627e-15
1.3119e-14
-9.40978e-14
-7.36507e-14
-3.13467e-14
1.30978e-14
8.79803e-14
5.94491e-14
1.78019e-14
5.0614e-15
-7.06899e-15
-1.01372e-14
-4.8392e-15
-1.15761e-15
3.25671e-16
1.18705e-15
5.16579e-16
1.56507e-16
5.68394e-17
2.88449e-17
1.74354e-17
1.07919e-17
6.60374e-18
4.03256e-18
2.48289e-18
1.53882e-18
9.48563e-19
5.72708e-19
3.34191e-19
1.86645e-19
9.90702e-20
4.96662e-20
-5.8517e-17
-5.85256e-17
-5.86728e-17
-6.28472e-17
-6.11253e-17
-7.46515e-17
-9.62448e-17
-2.56021e-16
-1.45596e-15
-1.09398e-15
9.08808e-15
3.38891e-15
-3.04394e-14
-3.10141e-14
4.63734e-14
1.40149e-13
1.36914e-13
5.23808e-14
-3.03795e-13
-7.3596e-13
-5.81803e-13
-1.65601e-13
8.55086e-14
5.64603e-13
3.69827e-13
1.21209e-13
-1.0633e-13
-2.11256e-13
-1.41085e-13
-5.56849e-14
-1.07115e-14
2.42094e-15
1.52041e-14
7.08356e-15
1.09548e-15
1.27235e-16
5.27482e-17
5.04344e-17
3.90149e-17
2.53129e-17
1.51608e-17
8.89915e-18
5.27658e-18
3.17627e-18
1.9167e-18
1.13774e-18
6.53326e-19
3.58623e-19
1.86623e-19
9.13948e-20
-6.16253e-17
-6.16314e-17
-6.18428e-17
-6.94806e-17
-6.66502e-17
-4.08794e-18
-9.95209e-17
-1.40153e-16
-5.48809e-15
4.0428e-14
8.04787e-14
-7.70841e-15
-1.37289e-13
-8.88285e-14
1.54453e-13
3.54824e-13
3.10745e-13
-1.36687e-12
-4.12181e-12
-4.05533e-12
-1.43025e-12
2.95859e-12
5.40849e-12
2.99397e-12
3.76237e-13
-2.5196e-12
-2.93117e-12
-1.6339e-12
-5.81434e-13
-1.13785e-13
9.51111e-14
1.97519e-13
9.99202e-14
1.80458e-14
-5.78563e-16
-5.03843e-16
-2.892e-18
1.21141e-16
9.80821e-17
5.87466e-17
3.24131e-17
1.78479e-17
1.01564e-17
5.98729e-18
3.58103e-18
2.11394e-18
1.20461e-18
6.53264e-19
3.34119e-19
1.59895e-19
1.80892e-13
1.82103e-13
1.73754e-13
1.44841e-13
2.19348e-13
2.25771e-13
1.35604e-13
1.06028e-13
1.84851e-13
3.00254e-13
2.41664e-13
-9.58942e-14
-2.53001e-13
-1.10485e-13
2.41817e-13
-6.14976e-13
-5.98794e-12
-1.12601e-11
-1.33249e-11
-8.72246e-12
1.23152e-11
2.52051e-11
2.38543e-11
7.03349e-12
-2.60187e-11
-2.28621e-11
-1.17511e-11
-3.79481e-12
-9.86206e-13
1.29035e-12
1.96035e-12
1.00323e-12
2.14866e-13
-1.57318e-14
-1.24992e-14
-2.43421e-15
2.37285e-16
4.54897e-16
2.57369e-16
1.25545e-16
6.12581e-17
3.14283e-17
1.73747e-17
1.02508e-17
6.20916e-18
3.70316e-18
2.11378e-18
1.13755e-18
5.72538e-19
2.67515e-19
1.2583e-12
1.26015e-12
1.24898e-12
1.25195e-12
1.31954e-12
1.30949e-12
1.0914e-12
1.13287e-12
1.5111e-12
9.92432e-13
2.6247e-13
-2.58357e-13
1.12402e-12
6.18865e-12
-4.13881e-12
-3.4529e-11
-3.37259e-11
-2.43931e-11
-2.11711e-11
4.79547e-11
1.0529e-10
5.5266e-11
4.62645e-11
-1.18026e-10
-1.27094e-10
-6.15926e-11
-1.9312e-11
1.48049e-12
1.95034e-11
1.7502e-11
8.4161e-12
1.94721e-12
-2.52271e-13
-1.95819e-13
-4.38585e-14
4.7517e-16
4.81061e-15
1.8944e-15
5.68824e-16
2.14591e-16
9.3402e-17
4.58769e-17
2.57059e-17
1.58977e-17
1.01013e-17
6.20877e-18
3.58054e-18
1.91625e-18
9.48215e-19
4.3171e-19
3.70421e-12
3.69748e-12
3.71309e-12
3.9618e-12
3.67039e-12
3.56934e-12
3.52284e-12
3.85066e-12
4.72883e-12
1.5983e-12
-2.1383e-12
2.44968e-12
3.31937e-11
3.78582e-11
-3.66562e-11
-1.349e-10
-7.08422e-11
1.17316e-10
9.48899e-10
1.41356e-09
4.03664e-10
-2.76584e-10
-9.5396e-10
-7.6977e-10
-2.56069e-10
-3.18521e-11
2.7819e-10
2.84343e-10
1.66137e-10
6.76706e-11
1.53423e-11
-4.16221e-12
-2.77724e-12
-6.19779e-13
-1.30822e-15
6.28409e-14
2.65498e-14
4.17604e-15
6.04323e-16
2.17886e-16
9.68125e-17
5.05551e-17
3.20451e-17
2.27209e-17
1.58968e-17
1.02496e-17
5.9862e-18
3.17539e-18
1.53818e-18
6.80661e-19
7.47586e-12
7.43618e-12
7.51729e-12
8.43956e-12
6.99728e-12
6.72921e-12
7.88357e-12
8.87959e-12
9.9612e-12
-8.82146e-13
-7.94664e-12
5.48449e-11
1.31328e-10
1.01963e-10
-9.68615e-11
-2.65669e-10
7.40539e-10
4.06724e-09
6.35824e-09
5.66819e-09
5.31989e-10
-6.8943e-09
-6.89433e-09
-2.54406e-09
6.62478e-10
3.39833e-09
2.58384e-09
1.31218e-09
4.93498e-10
1.16186e-10
-6.08231e-11
-3.85909e-11
-8.49187e-12
-1.2089e-13
5.88708e-13
2.8827e-13
5.43071e-14
1.62141e-15
5.3723e-17
6.19849e-17
4.56624e-17
3.59543e-17
3.4185e-17
3.20434e-17
2.57034e-17
1.73722e-17
1.01543e-17
5.27504e-18
2.48181e-18
1.06674e-18
1.13854e-11
1.12918e-11
1.1443e-11
1.33898e-11
1.01516e-11
9.5634e-12
1.32785e-11
1.56382e-11
1.50687e-11
-7.88589e-12
2.63233e-12
1.68278e-10
2.80257e-10
1.5213e-10
-1.81059e-10
-1.00897e-10
6.78472e-09
1.55455e-08
1.78176e-08
1.02268e-08
-1.21687e-08
-2.55814e-08
-2.03734e-08
-3.62804e-09
2.10908e-08
1.69278e-08
7.40845e-09
2.44787e-09
7.36017e-10
-7.58246e-10
-4.82934e-10
-1.09913e-10
-3.72077e-12
4.43155e-12
2.40808e-12
5.49053e-13
2.57511e-14
-1.16224e-15
-3.6712e-16
-8.65428e-17
-2.15609e-17
8.62161e-18
3.59514e-17
5.05504e-17
4.58719e-17
3.14238e-17
1.78444e-17
8.89664e-18
4.03086e-18
1.69433e-18
1.26468e-11
1.25314e-11
1.2691e-11
1.5092e-11
1.1055e-11
1.03174e-11
1.54779e-11
1.87001e-11
1.67618e-11
-1.94618e-11
2.26091e-11
2.33749e-10
3.4187e-10
8.8823e-11
-9.18594e-10
1.04661e-08
2.11874e-08
2.55077e-08
2.75599e-08
-3.47947e-08
-5.61538e-08
-4.24034e-08
-3.16283e-08
1.28895e-07
1.0048e-07
3.3695e-08
9.67305e-09
-1.96686e-09
-1.09326e-08
-6.1188e-09
-1.29339e-09
-4.83142e-11
2.9935e-11
1.7007e-11
4.39439e-12
3.29566e-13
-1.49509e-14
-4.52513e-15
-5.14136e-16
-3.35297e-17
-4.76678e-17
-2.15648e-17
4.56556e-17
9.68036e-17
9.33929e-17
6.12507e-17
3.24076e-17
1.5157e-17
6.60123e-18
2.77509e-18
-3.71704e-08
-3.7117e-08
-3.72741e-08
-3.7511e-08
-3.69427e-08
-3.6354e-08
-3.71366e-08
-4.01129e-08
-3.9364e-08
-3.07522e-08
-2.37036e-08
-4.46144e-08
-8.44249e-08
-7.93599e-08
-1.94517e-08
5.28258e-08
3.882e-08
-1.10433e-07
-5.132e-07
-5.70246e-07
-1.01502e-07
3.30493e-07
8.13422e-07
6.99274e-07
2.09477e-07
-8.43618e-08
-2.48549e-07
-1.97469e-07
-8.50728e-08
-1.72717e-08
-5.28585e-10
1.83621e-10
1.08184e-10
3.11439e-11
3.12133e-12
-1.49929e-13
-5.46964e-14
-4.97505e-15
2.21105e-15
7.45923e-16
-3.35339e-17
-8.65506e-17
6.19746e-17
2.17872e-16
2.14575e-16
1.25533e-16
5.87385e-17
2.53076e-17
1.07884e-17
4.75371e-18
-6.48997e-07
-6.48866e-07
-6.49165e-07
-6.4983e-07
-6.47936e-07
-6.47244e-07
-6.51941e-07
-6.55501e-07
-6.4534e-07
-6.28947e-07
-6.42801e-07
-7.20857e-07
-7.56849e-07
-5.64024e-07
-1.39677e-07
1.38961e-07
-7.66664e-07
-3.10245e-06
-4.18484e-06
-2.59152e-06
1.8567e-06
5.58144e-06
4.79639e-06
1.57463e-06
-1.42938e-06
-2.68099e-06
-1.97289e-06
-8.97566e-07
-2.39544e-07
-1.772e-08
9.00452e-10
5.70539e-10
2.0044e-10
3.08417e-11
-8.65415e-13
-4.00759e-13
-6.57732e-14
2.39921e-14
1.35411e-14
2.21104e-15
-5.14136e-16
-3.67127e-16
5.3712e-17
6.04297e-16
5.68793e-16
2.5735e-16
9.80711e-17
3.90081e-17
1.7431e-17
8.66737e-18
-2.39399e-06
-2.39418e-06
-2.39319e-06
-2.39263e-06
-2.39258e-06
-2.39844e-06
-2.40763e-06
-2.38034e-06
-2.34363e-06
-2.40887e-06
-2.58026e-06
-2.62638e-06
-2.34237e-06
-1.4917e-06
-4.78483e-07
-1.15138e-06
-6.07181e-06
-1.20816e-05
-1.2365e-05
-5.33626e-06
8.64067e-06
1.93054e-05
1.45284e-05
-2.44524e-06
-1.34013e-05
-1.09743e-05
-5.64344e-06
-1.98628e-06
-3.69432e-07
1.55033e-09
1.91638e-09
9.13596e-10
2.542e-10
1.51336e-11
-6.95214e-13
-4.09296e-13
1.05117e-13
8.25462e-14
2.39923e-14
-4.97484e-15
-4.52501e-15
-1.16223e-15
1.62131e-15
4.17583e-15
1.89429e-15
4.54868e-16
1.21128e-16
5.04267e-17
2.88397e-17
1.72804e-17
-5.02734e-06
-5.02849e-06
-5.02416e-06
-5.01945e-06
-5.02687e-06
-5.05014e-06
-5.0599e-06
-4.95409e-06
-4.87601e-06
-5.16275e-06
-5.64673e-06
-5.5377e-06
-4.4497e-06
-2.19021e-06
-1.68047e-06
-7.84713e-06
-1.90565e-05
-2.52174e-05
-2.06264e-05
-3.31294e-06
2.10208e-05
3.34865e-05
2.4174e-05
-4.65406e-05
-4.40151e-05
-2.31035e-05
-9.13458e-06
-2.6946e-06
-3.45547e-07
2.09091e-09
1.9531e-09
1.05106e-09
2.85254e-10
1.34022e-11
1.37312e-14
1.89732e-12
7.90125e-13
1.0512e-13
-6.5771e-14
-5.46948e-14
-1.49505e-14
2.57499e-14
5.43048e-14
2.65486e-14
4.81036e-15
2.37267e-16
-2.89833e-18
5.2741e-17
5.68334e-17
3.82864e-17
-6.38177e-06
-6.38387e-06
-6.37662e-06
-6.36705e-06
-6.38294e-06
-6.42513e-06
-6.42833e-06
-6.24695e-06
-6.13932e-06
-6.64742e-06
-7.43063e-06
-7.09318e-06
-5.30202e-06
-2.1113e-06
-2.71936e-06
-2.166e-05
-3.91694e-05
-3.27126e-05
-5.65447e-06
5.0817e-05
3.4803e-05
-1.70015e-05
-0.000249551
-0.000204833
-7.53924e-05
-2.62074e-05
-9.00866e-06
-2.53768e-06
-2.34547e-07
2.36864e-09
2.04381e-09
1.07679e-09
3.19785e-10
3.13147e-11
2.55377e-11
1.37559e-11
1.89732e-12
-4.0929e-13
-4.0075e-13
-1.49926e-13
3.29554e-13
5.49034e-13
2.88259e-13
6.28383e-14
4.75118e-16
-2.43413e-15
-5.03826e-16
1.27228e-16
1.56499e-16
9.02489e-17
1.92013e-05
1.9181e-05
1.924e-05
1.93675e-05
1.912e-05
1.86467e-05
1.91061e-05
2.09195e-05
2.07991e-05
1.59103e-05
1.18692e-05
1.92654e-05
3.84151e-05
4.49773e-05
1.15686e-05
-3.78422e-05
-5.02983e-05
0.00017164
0.000461172
0.000294813
-0.000400234
-0.00158559
-0.00175642
-0.000470015
0.00239373
0.0059702
0.00860466
0.00914448
0.00810113
0.00597071
0.00361663
0.00173541
0.000591347
9.19204e-05
3.10727e-10
2.55377e-11
1.37216e-14
-6.95213e-13
-8.65397e-13
3.12123e-12
4.39425e-12
2.408e-12
5.88688e-13
-1.30773e-15
-4.38573e-14
-1.24989e-14
-5.78531e-16
1.09543e-15
5.16559e-16
1.9583e-16
0.000387835
0.000387729
0.000388299
0.000388985
0.000386498
0.000383723
0.000390338
0.000401204
0.000390051
0.000354537
0.000354807
0.000436481
0.000513882
0.00041967
0.00014619
-3.8165e-05
0.000431725
0.00150321
0.00204333
0.000741541
-0.00300184
-0.00661035
-0.00612464
0.00185936
0.0178135
0.0370662
0.0519665
0.0564147
0.0519739
0.0408099
0.0270098
0.0146956
0.00615843
0.00162145
9.19205e-05
3.13135e-11
1.34012e-11
1.51327e-11
3.08407e-11
3.1143e-11
1.70064e-11
4.4314e-12
-1.20882e-13
-6.19766e-13
-1.95815e-13
-1.57314e-14
1.80452e-14
7.08329e-15
1.18701e-15
2.69488e-16
0.0014296
0.00142936
0.00143124
0.00143279
0.00142459
0.00141784
0.00144154
0.00146961
0.00142106
0.0013217
0.00136691
0.00163821
0.00177542
0.00133367
0.00048609
0.000449653
0.00215086
0.00478854
0.00530337
0.000717527
-0.00893735
-0.0170397
-0.0139037
0.00954196
0.0537304
0.106534
0.148195
0.16211
0.151337
0.12127
0.0825049
0.0466028
0.0206895
0.00615844
0.000591348
3.19786e-10
2.85248e-10
2.54194e-10
2.00435e-10
1.08181e-10
2.99341e-11
-3.72066e-12
-8.49173e-12
-2.7772e-12
-2.52268e-13
2.14859e-13
9.99169e-14
1.52035e-14
3.25671e-16
1.05128e-17
0.00325428
0.00325387
0.00325801
0.00326064
0.00324262
0.00323064
0.00328439
0.00333738
0.00321787
0.00301758
0.00317074
0.00376728
0.00392767
0.00279234
0.00118597
0.00156814
0.00547912
0.0103948
0.0102241
-6.26097e-05
-0.0189343
-0.033035
-0.0240988
0.0245764
0.11346
0.219432
0.304353
0.334821
0.315215
0.255668
0.176704
0.10188
0.0466028
0.0146956
0.00173542
1.07681e-09
1.05105e-09
9.1358e-10
5.70525e-10
1.83616e-10
-4.83119e-11
-1.09911e-10
-3.85903e-11
-4.16218e-12
1.94716e-12
1.0032e-12
1.97512e-13
2.42068e-15
-1.15756e-15
-5.24977e-16
0.00554841
0.00554781
0.00555484
0.00555863
0.00552789
0.00551041
0.00560353
0.0056849
0.00546872
0.00514482
0.00546295
0.00648168
0.00659111
0.00451725
0.00199702
0.0031783
0.0100564
0.0175204
0.0159961
-0.00194926
-0.0319575
-0.0521376
-0.034727
0.0457626
0.190027
0.362363
0.502671
0.556182
0.527374
0.431827
0.302001
0.176704
0.0825049
0.0270098
0.00361664
2.0439e-09
1.95311e-09
1.91638e-09
9.00432e-10
-5.28554e-10
-1.29336e-09
-4.82925e-10
-6.08226e-11
1.53419e-11
8.41588e-12
1.96029e-12
9.51063e-14
-1.0711e-14
-4.83896e-15
-1.11931e-15
0.00748983
0.00748905
0.00749878
0.00750364
0.00746096
0.00743864
0.00756923
0.00767586
0.00736498
0.00692768
0.00741805
0.00882856
0.00886304
0.00585454
0.00249243
0.00461537
0.0144111
0.0241174
0.0207718
-0.00470954
-0.0447213
-0.0696555
-0.0435464
0.0670266
0.263776
0.500319
0.696305
0.775512
0.740435
0.611387
0.431827
0.255668
0.12127
0.0408099
0.00597072
2.36876e-09
2.09093e-09
1.55071e-09
-1.77192e-08
-1.72712e-08
-6.11868e-09
-7.58236e-10
1.16184e-10
6.76692e-11
1.75016e-11
1.29031e-12
-1.1378e-13
-5.5682e-14
-1.01366e-14
-7.78037e-16
0.0081009
0.00809996
0.00811117
0.00811702
0.00806767
0.00804143
0.00819344
0.00831678
0.00795103
0.00744452
0.00803442
0.00968121
0.00968135
0.00608469
0.00227454
0.0049813
0.0165334
0.0274133
0.0227785
-0.00717043
-0.0527231
-0.0803154
-0.0491144
0.0791378
0.308456
0.587954
0.824446
0.925662
0.889967
0.740435
0.527374
0.315215
0.151337
0.0519739
0.00810113
-2.34533e-07
-3.45532e-07
-3.69421e-07
-2.39538e-07
-8.5071e-08
-1.09324e-08
7.36007e-10
4.93491e-10
1.66134e-10
1.95029e-11
-9.86167e-13
-5.81409e-13
-1.41078e-13
-7.06849e-15
6.68066e-16
0.00669052
0.00668939
0.00670025
0.00670728
0.00665932
0.00662923
0.00677726
0.00690899
0.00655486
0.006035
0.00659373
0.00825886
0.00831598
0.0047304
0.00084692
0.00348969
0.0149869
0.0258313
0.0212586
-0.00779654
-0.0529401
-0.0811318
-0.0517811
0.075989
0.308173
0.595145
0.843413
0.955869
0.925662
0.775512
0.556182
0.334821
0.16211
0.0564147
0.00914448
-2.53762e-06
-2.69455e-06
-1.98624e-06
-8.9755e-07
-1.97466e-07
-1.96677e-09
2.44784e-09
1.31216e-09
2.84338e-10
1.48031e-12
-3.79469e-12
-1.63383e-12
-2.11244e-13
5.06125e-15
2.79111e-15
0.00311844
0.00311719
0.00312507
0.00313296
0.0030981
0.00306656
0.00317246
0.00329481
0.00305193
0.00261502
0.00295175
0.00425231
0.00449672
0.0019668
-0.00127401
7.84416e-05
0.00852695
0.0177568
0.0162087
-0.00530741
-0.0426376
-0.0703949
-0.0523849
0.0496378
0.247609
0.502581
0.73147
0.843413
0.824446
0.696305
0.502671
0.304353
0.148195
0.0519665
0.00860465
-9.00854e-06
-9.13446e-06
-5.64336e-06
-1.97286e-06
-2.48544e-07
9.67298e-09
7.40838e-09
2.58381e-09
2.78184e-10
-1.93115e-11
-1.17507e-11
-2.93106e-12
-1.0632e-13
1.78015e-14
6.89126e-15
-0.000753049
-0.000754188
-0.00075085
-0.000743404
-0.00075814
-0.000785876
-0.000744293
-0.000652323
-0.000728701
-0.00100176
-0.000981298
-0.00032983
0.000174895
-0.000742192
-0.00283853
-0.0033916
0.000166791
0.00682238
0.00956059
0.00024601
-0.0240964
-0.0503757
-0.0495888
0.00951408
0.1435
0.328363
0.502581
0.595145
0.587954
0.500319
0.362363
0.219432
0.106534
0.0370662
0.00597019
-2.62072e-05
-2.31032e-05
-1.09742e-05
-2.68095e-06
-8.43584e-08
3.36947e-08
1.69276e-08
3.39828e-09
-3.18529e-11
-6.15912e-11
-2.28614e-11
-2.51947e-12
1.21206e-13
5.94475e-14
9.49553e-15
-0.00288014
-0.00288094
-0.00288162
-0.00287616
-0.00287312
-0.00289154
-0.00290671
-0.00285879
-0.00279284
-0.00288483
-0.0031143
-0.00308466
-0.00249872
-0.00201765
-0.00288061
-0.00495945
-0.00570264
-0.00220721
0.00434524
0.00602501
-0.00510611
-0.0275658
-0.0423057
-0.0248788
0.0403579
0.1435
0.247609
0.308173
0.308456
0.263776
0.190027
0.11346
0.0537304
0.0178135
0.00239373
-7.53919e-05
-4.40147e-05
-1.34012e-05
-1.42935e-06
2.09475e-07
1.00479e-07
2.10905e-08
6.62467e-10
-2.56064e-10
-1.27092e-10
-2.60179e-11
3.76265e-13
3.69824e-13
8.79779e-14
3.53174e-15
-0.00267157
-0.0026719
-0.00267455
-0.00267244
-0.00266011
-0.00266711
-0.00270952
-0.00270149
-0.00257586
-0.00253135
-0.00283111
-0.00313345
-0.00267861
-0.00153777
-0.00141987
-0.00381992
-0.00679954
-0.00575574
0.00139393
0.00889681
0.00717947
-0.00824108
-0.0292122
-0.0381392
-0.0248788
0.00951407
0.0496378
0.075989
0.0791378
0.0670266
0.0457626
0.0245764
0.00954197
0.00185937
-0.000470013
-0.000204832
-4.65403e-05
-2.44516e-06
1.57462e-06
6.99266e-07
1.28893e-07
-3.62807e-09
-2.54403e-09
-7.69755e-10
-1.18023e-10
7.0334e-12
2.99392e-12
5.64591e-13
1.30976e-14
-2.12786e-15
-0.000837559
-0.000837347
-0.000840046
-0.000841306
-0.000828997
-0.000823453
-0.00086284
-0.000890262
-0.000791081
-0.000672065
-0.000848662
-0.00125657
-0.00115837
-0.000144065
0.000514858
-0.000929875
-0.00385957
-0.00439189
0.000125979
0.00746458
0.0102074
0.00375911
-0.0115406
-0.0292122
-0.0423057
-0.0495888
-0.0523849
-0.0517811
-0.0491144
-0.0435464
-0.034727
-0.0240988
-0.0139037
-0.00612463
-0.00175642
-0.00024955
2.41739e-05
1.45283e-05
4.79636e-06
8.13413e-07
-3.16287e-08
-2.03733e-08
-6.89423e-09
-9.53937e-10
4.6263e-11
2.38534e-11
5.40829e-12
8.55062e-14
-3.13442e-14
-8.75008e-15
0.000663116
0.000663553
0.000662584
0.00065966
0.000663964
0.000674923
0.000663331
0.000627907
0.000645275
0.000746624
0.000759386
0.000525156
0.000359614
0.00069616
0.00132194
0.00128708
9.85179e-05
-0.00117237
-0.000620011
0.0025336
0.00657705
0.0079931
0.00375911
-0.00824108
-0.0275658
-0.0503757
-0.0703949
-0.0811318
-0.0803154
-0.0696555
-0.0521376
-0.033035
-0.0170397
-0.00661034
-0.00158559
-1.70014e-05
3.34863e-05
1.93052e-05
5.58139e-06
3.3049e-07
-4.24026e-08
-2.55809e-08
-6.89416e-09
-2.76579e-10
5.5264e-11
2.52042e-11
2.95849e-12
-1.65593e-13
-7.36467e-14
-9.39329e-15
0.000700095
0.000700471
0.000700914
0.000698305
0.000696301
0.000705528
0.000714096
0.000689636
0.000656438
0.000702743
0.000808704
0.000797338
0.000529733
0.000306215
0.000612133
0.00142214
0.00173461
0.000645229
-0.00132515
-0.00185541
0.00100409
0.00657705
0.0102074
0.00717946
-0.00510612
-0.0240964
-0.0426376
-0.0529401
-0.0527231
-0.0447213
-0.0319575
-0.0189343
-0.00893736
-0.00300185
-0.000400236
3.48025e-05
2.10204e-05
8.64054e-06
1.85666e-06
-1.01501e-07
-5.61525e-08
-1.21683e-08
5.32027e-10
4.03659e-10
1.05285e-10
1.23144e-11
-1.43021e-12
-5.81778e-13
-9.40928e-14
1.48533e-15
-0.000414949
-0.000414785
-0.000413389
-0.00041445
-0.000420773
-0.000417479
-0.00039702
-0.000400031
-0.000456863
-0.000478615
-0.000350072
-0.000217492
-0.000401501
-0.000832465
-0.000843416
-6.49893e-05
0.000744368
0.000279592
-0.00166316
-0.00311271
-0.0018554
0.0025336
0.00746457
0.0088968
0.00602501
0.000246024
-0.00530739
-0.00779653
-0.00717043
-0.00470955
-0.00194929
-6.26337e-05
0.000717507
0.000741529
0.000294808
5.08159e-05
-3.31327e-06
-5.33632e-06
-2.59153e-06
-5.7024e-07
-3.47922e-08
1.02267e-08
5.66813e-09
1.41354e-09
4.79509e-11
-8.72259e-12
-4.05532e-12
-7.35923e-13
1.31218e-14
5.14987e-15
-0.00145426
-0.00145423
-0.00145302
-0.00145331
-0.00145854
-0.00145822
-0.00144223
-0.00143796
-0.00147762
-0.00150635
-0.00143738
-0.00133141
-0.00138156
-0.00161264
-0.001715
-0.00149416
-0.00116852
-0.0011751
-0.00151309
-0.00166315
-0.00132515
-0.000620012
0.000125969
0.00139392
0.00434524
0.00956061
0.0162087
0.0212586
0.0227785
0.0207718
0.0159961
0.0102241
0.00530335
0.00204332
0.000461166
-5.65598e-06
-2.06269e-05
-1.23652e-05
-4.18486e-06
-5.13187e-07
2.75597e-08
1.78175e-08
6.35819e-09
9.48873e-10
-2.11711e-11
-1.33249e-11
-4.1218e-12
-3.03782e-13
7.93661e-15
3.78691e-15
-0.00168046
-0.0016804
-0.0016797
-0.00168031
-0.00168327
-0.00168139
-0.00167303
-0.00167537
-0.00169494
-0.00169762
-0.0016677
-0.0016455
-0.00166408
-0.00167738
-0.00168244
-0.00180918
-0.00209337
-0.0020785
-0.0011751
0.000279598
0.000645236
-0.00117237
-0.0043919
-0.00575575
-0.00220721
0.0068224
0.0177569
0.0258313
0.0274133
0.0241174
0.0175204
0.0103947
0.00478851
0.00150319
0.000171635
-3.27137e-05
-2.52182e-05
-1.20819e-05
-3.10249e-06
-1.10425e-07
2.55081e-08
1.55456e-08
4.06719e-09
1.17305e-10
-2.43934e-11
-1.12601e-11
-1.36684e-12
5.23773e-14
1.42487e-14
2.14341e-15
-0.00144116
-0.00144096
-0.0014404
-0.00144182
-0.00144412
-0.00143934
-0.00143259
-0.00144361
-0.00146182
-0.00144322
-0.00140178
-0.00142032
-0.00149453
-0.00147253
-0.00134522
-0.00142518
-0.0018826
-0.00209337
-0.00116852
0.000744373
0.00173462
9.85171e-05
-0.00385958
-0.00679955
-0.00570264
0.00016681
0.00852698
0.0149869
0.0165334
0.0144111
0.0100564
0.00547908
0.00215084
0.000431713
-5.03018e-05
-3.91716e-05
-1.90576e-05
-6.07215e-06
-7.66692e-07
3.88195e-08
2.11874e-08
6.78476e-09
7.40515e-10
-7.08402e-11
-3.37251e-11
-5.98783e-12
3.10726e-13
1.36907e-13
1.95693e-14
4.97366e-16
-0.00132131
-0.00132104
-0.00132027
-0.00132202
-0.00132523
-0.00131956
-0.00130911
-0.00132227
-0.00135174
-0.00133301
-0.00126154
-0.00126307
-0.00138684
-0.00144918
-0.00130524
-0.00118313
-0.00142518
-0.00180918
-0.00149416
-6.49851e-05
0.00142214
0.00128708
-0.000929884
-0.00381993
-0.00495945
-0.00339158
7.84715e-05
0.00348972
0.0049813
0.00461535
0.00317827
0.0015681
0.000449626
-3.81751e-05
-3.78482e-05
-2.16626e-05
-7.84821e-06
-1.15168e-06
1.38958e-07
5.28258e-08
1.04665e-08
-1.00727e-10
-2.65657e-10
-1.349e-10
-3.45292e-11
-6.15123e-13
3.54793e-13
1.40143e-13
1.07903e-14
5.67747e-17
-0.00142186
-0.00142162
-0.00142062
-0.00142215
-0.00142636
-0.00142163
-0.00140823
-0.00141733
-0.00145396
-0.00144817
-0.00136691
-0.00133406
-0.00145352
-0.00158581
-0.00150807
-0.00130524
-0.00134522
-0.00168244
-0.001715
-0.000843411
0.000612138
0.00132194
0.000514849
-0.00141988
-0.00288061
-0.00283851
-0.00127398
0.000846946
0.00227454
0.00249241
0.00199698
0.00118593
0.000486062
0.000146176
1.15639e-05
-2.72108e-06
-1.68151e-06
-4.78789e-07
-1.39711e-07
-1.94434e-08
-9.17759e-10
-1.80976e-10
-9.68643e-11
-3.66597e-11
-4.13997e-12
2.41812e-13
1.54447e-13
4.63747e-14
2.93505e-15
-2.2214e-16
-0.00148495
-0.00148477
-0.00148377
-0.00148495
-0.00148913
-0.00148563
-0.00147262
-0.0014784
-0.00151253
-0.00151356
-0.00144423
-0.00140128
-0.00149007
-0.00161467
-0.00158581
-0.00144918
-0.00147253
-0.00167738
-0.00161264
-0.000832458
0.000306221
0.00069616
-0.000144075
-0.00153778
-0.00201765
-0.000742174
0.00196683
0.00473042
0.00608469
0.00585452
0.00451722
0.00279231
0.00133365
0.000419654
4.49724e-05
-2.11202e-06
-2.19071e-06
-1.49199e-06
-5.64098e-07
-7.93573e-08
8.86394e-11
1.52103e-10
1.01956e-10
3.7856e-11
6.18844e-12
-1.10453e-13
-8.88104e-14
-3.10101e-14
-3.97191e-15
-4.20777e-16
-0.00139863
-0.00139846
-0.00139762
-0.00139875
-0.00140226
-0.00139879
-0.001388
-0.0013942
-0.0014223
-0.00142017
-0.0013621
-0.00133531
-0.00140925
-0.00149007
-0.00145352
-0.00138684
-0.00149453
-0.00166408
-0.00138156
-0.000401495
0.000529739
0.000359614
-0.00115839
-0.00267863
-0.00249872
0.000174912
0.00449675
0.00831601
0.00968136
0.00886302
0.00659108
0.00392764
0.0017754
0.000513866
3.84106e-05
-5.30275e-06
-4.45028e-06
-2.34265e-06
-7.56929e-07
-8.4428e-08
3.41877e-10
2.80251e-10
1.31321e-10
3.31915e-11
1.12393e-12
-2.52963e-13
-1.37274e-13
-3.04387e-14
-1.2918e-15
-1.42535e-16
-0.001308
-0.00130781
-0.00130704
-0.00130831
-0.00131151
-0.00130752
-0.00129752
-0.0013056
-0.00133225
-0.00132501
-0.00126649
-0.00125126
-0.00133531
-0.00140128
-0.00133406
-0.00126307
-0.00142032
-0.0016455
-0.0013314
-0.000217487
0.000797344
0.000525156
-0.00125658
-0.00313347
-0.00308467
-0.000329813
0.00425234
0.00825889
0.00968122
0.00882854
0.00648165
0.00376725
0.00163818
0.000436466
1.92616e-05
-7.09419e-06
-5.53841e-06
-2.62668e-06
-7.20928e-07
-4.46167e-08
2.33741e-10
1.68273e-10
5.48433e-11
2.44987e-12
-2.58267e-13
-9.5843e-14
-7.69755e-15
3.38662e-15
2.7463e-16
-8.13774e-17
-0.00133085
-0.00133065
-0.00132982
-0.00133118
-0.00133465
-0.00133034
-0.00131947
-0.00132827
-0.00135741
-0.00134971
-0.00128465
-0.00126649
-0.0013621
-0.00144423
-0.0013669
-0.00126154
-0.00140178
-0.0016677
-0.00143738
-0.000350066
0.00080871
0.000759386
-0.000848672
-0.00283112
-0.0031143
-0.00098128
0.00295178
0.00659376
0.00803443
0.00741804
0.00546292
0.0031707
0.00136689
0.000354792
1.18654e-05
-7.4319e-06
-5.64759e-06
-2.5806e-06
-6.42869e-07
-2.37024e-08
2.26173e-11
2.63544e-12
-7.94553e-12
-2.13777e-12
2.62584e-13
2.41715e-13
8.04904e-14
9.0872e-15
-1.48396e-16
-1.09154e-16
-0.00139509
-0.00139489
-0.00139401
-0.00139535
-0.00139906
-0.00139486
-0.00138329
-0.00139149
-0.00142221
-0.00141665
-0.00134971
-0.00132501
-0.00142017
-0.00151356
-0.00144817
-0.00133301
-0.00144322
-0.00169762
-0.00150635
-0.000478609
0.000702749
0.000746624
-0.000672074
-0.00253136
-0.00288483
-0.00100174
0.00261505
0.00603502
0.00744453
0.00692766
0.00514479
0.00301754
0.00132167
0.000354522
1.59062e-05
-6.64874e-06
-5.16366e-06
-2.40924e-06
-6.29022e-07
-3.07506e-08
-1.94581e-11
-7.88535e-12
-8.82404e-13
1.59805e-12
9.92322e-13
3.00252e-13
4.04387e-14
-1.0939e-15
-3.48281e-16
-1.47869e-16
-0.00140059
-0.00140039
-0.00139952
-0.00140081
-0.00140446
-0.00140047
-0.00138908
-0.00139676
-0.00142686
-0.00142221
-0.00135741
-0.00133225
-0.00142231
-0.00151253
-0.00145396
-0.00135174
-0.00146182
-0.00169494
-0.00147762
-0.000456857
0.000656444
0.000645275
-0.00079109
-0.00257587
-0.00279285
-0.000728685
0.00305196
0.00655489
0.00795103
0.00736496
0.00546869
0.00321783
0.00142103
0.000390036
2.0795e-05
-6.14052e-06
-4.87686e-06
-2.34399e-06
-6.45417e-07
-3.9363e-08
1.67626e-11
1.50696e-11
9.96166e-12
4.72891e-12
1.51105e-12
1.8483e-13
-5.49017e-15
-1.45658e-15
-3.80474e-16
-1.50394e-16
-0.00137104
-0.00137085
-0.00137001
-0.00137128
-0.00137482
-0.00137084
-0.00135983
-0.00136756
-0.00139676
-0.00139149
-0.00132827
-0.0013056
-0.0013942
-0.0014784
-0.00141733
-0.00132227
-0.00144361
-0.00167537
-0.00143796
-0.000400025
0.000689641
0.000627909
-0.000890277
-0.0027015
-0.00285879
-0.000652304
0.00329484
0.00690902
0.00831679
0.00767585
0.00568486
0.00333734
0.00146959
0.000401189
2.09155e-05
-6.24801e-06
-4.95485e-06
-2.38066e-06
-6.55572e-07
-4.01128e-08
1.87091e-11
1.56445e-11
8.88208e-12
3.85123e-12
1.13284e-12
1.05957e-13
-1.40765e-16
-2.56321e-16
-1.78972e-16
-1.04133e-16
-0.00136311
-0.00136291
-0.00136207
-0.00136337
-0.00136691
-0.00136283
-0.00135181
-0.00135983
-0.00138908
-0.00138329
-0.00131947
-0.00129752
-0.001388
-0.00147262
-0.00140823
-0.00130911
-0.00143259
-0.00167303
-0.00144222
-0.000397013
0.0007141
0.000663346
-0.000862883
-0.00270954
-0.00290669
-0.000744265
0.00317249
0.00677728
0.00819345
0.00756921
0.0056035
0.00328436
0.00144152
0.000390324
1.91023e-05
-6.42929e-06
-5.06058e-06
-2.40792e-06
-6.52006e-07
-3.71373e-08
1.54827e-11
1.32818e-11
7.8849e-12
3.52319e-12
1.09141e-12
1.3558e-13
-9.95022e-17
-9.62398e-17
-8.1598e-17
-6.12535e-17
-0.00137425
-0.00137405
-0.0013732
-0.0013745
-0.00137808
-0.00137399
-0.00136283
-0.00137084
-0.00140047
-0.00139486
-0.00133034
-0.00130752
-0.00139879
-0.00148563
-0.00142163
-0.00131956
-0.00143934
-0.00168139
-0.00145822
-0.000417472
0.000705529
0.000674956
-0.000823541
-0.00266714
-0.00289151
-0.000785833
0.0030666
0.00662925
0.00804143
0.00743862
0.00551038
0.0032306
0.00141781
0.000383708
1.86429e-05
-6.42606e-06
-5.05079e-06
-2.39871e-06
-6.47307e-07
-3.63549e-08
1.03183e-11
9.56386e-12
6.72945e-12
3.56952e-12
1.30958e-12
2.25793e-13
-3.93221e-18
-7.46202e-17
-6.25286e-17
-4.86153e-17
-0.00137831
-0.00137811
-0.00137726
-0.00137856
-0.00138214
-0.00137808
-0.00136691
-0.00137482
-0.00140446
-0.00139906
-0.00133465
-0.00131151
-0.00140226
-0.00148913
-0.00142636
-0.00132523
-0.00144412
-0.00168326
-0.00145854
-0.000420766
0.000696303
0.000663987
-0.000829061
-0.00266014
-0.0028731
-0.000758106
0.00309813
0.00665934
0.00806768
0.00746095
0.00552786
0.00324258
0.00142456
0.000386483
1.91161e-05
-6.3839e-06
-5.02754e-06
-2.39287e-06
-6.48001e-07
-3.69435e-08
1.10573e-11
1.01532e-11
6.99799e-12
3.67067e-12
1.31962e-12
2.19355e-13
-6.66016e-17
-6.10751e-17
-5.24622e-17
-4.27123e-17
-0.00137474
-0.00137454
-0.00137369
-0.00137498
-0.00137856
-0.0013745
-0.00136337
-0.00137128
-0.00140081
-0.00139535
-0.00133118
-0.00130831
-0.00139875
-0.00148495
-0.00142215
-0.00132202
-0.00144182
-0.00168031
-0.0014533
-0.000414444
0.000698313
0.000659647
-0.000841284
-0.00267245
-0.00287618
-0.000743398
0.00313299
0.00670731
0.00811702
0.00750362
0.0055586
0.0032606
0.00143276
0.00038897
1.93636e-05
-6.36804e-06
-5.02014e-06
-2.39292e-06
-6.49896e-07
-3.75116e-08
1.50966e-11
1.3393e-11
8.44085e-12
3.96216e-12
1.25199e-12
1.44821e-13
-6.94375e-17
-6.28003e-17
-5.31763e-17
-4.29158e-17
-0.00137344
-0.00137324
-0.00137239
-0.00137369
-0.00137726
-0.0013732
-0.00136207
-0.00137001
-0.00139952
-0.00139401
-0.00132982
-0.00130704
-0.00139762
-0.00148377
-0.00142062
-0.00132027
-0.0014404
-0.0016797
-0.00145301
-0.000413383
0.000700919
0.000662587
-0.000840064
-0.00267457
-0.00288161
-0.00075083
0.0031251
0.00670028
0.00811117
0.00749876
0.00555481
0.00325797
0.00143122
0.000388284
1.92362e-05
-6.3776e-06
-5.02485e-06
-2.39348e-06
-6.49231e-07
-3.72746e-08
1.26951e-11
1.14459e-11
7.51845e-12
3.71342e-12
1.24902e-12
1.73737e-13
-6.17891e-17
-5.86206e-17
-5.17087e-17
-4.2527e-17
-0.00137429
-0.00137409
-0.00137324
-0.00137454
-0.00137811
-0.00137405
-0.00136291
-0.00137085
-0.00140039
-0.00139489
-0.00133065
-0.00130781
-0.00139846
-0.00148477
-0.00142162
-0.00132104
-0.00144096
-0.0016804
-0.00145423
-0.000414779
0.000700477
0.000663553
-0.000837355
-0.00267191
-0.00288094
-0.000754172
0.00311722
0.00668941
0.00809996
0.00748904
0.00554778
0.00325384
0.00142933
0.000387714
1.91771e-05
-6.38484e-06
-5.02917e-06
-2.39447e-06
-6.48931e-07
-3.71176e-08
1.25348e-11
1.12941e-11
7.43717e-12
3.69781e-12
1.26022e-12
1.82096e-13
-6.15784e-17
-5.84738e-17
-5.16328e-17
-4.24944e-17
-0.00137449
-0.00137429
-0.00137344
-0.00137474
-0.00137831
-0.00137425
-0.00136311
-0.00137104
-0.00140059
-0.00139509
-0.00133085
-0.001308
-0.00139863
-0.00148495
-0.00142186
-0.0013213
-0.00144116
-0.00168046
-0.00145425
-0.000414943
0.000700101
0.000663116
-0.00083757
-0.00267158
-0.00288014
-0.000753032
0.00311847
0.00669054
0.0081009
0.00748981
0.00554838
0.00325424
0.00142957
0.00038782
1.91974e-05
-6.38275e-06
-5.02803e-06
-2.39428e-06
-6.49063e-07
-3.71709e-08
1.26502e-11
1.13877e-11
7.47686e-12
3.70455e-12
1.25837e-12
1.80886e-13
-6.15721e-17
-5.84652e-17
-5.1625e-17
-4.24896e-17
)
;

boundaryField
{
    movingWall
    {
        type            zeroGradient;
    }
    fixedWalls
    {
        type            zeroGradient;
    }
    frontAndBack
    {
        type            empty;
    }
}

