/*--------------------------------*- C++ -*----------------------------------*\
| =========                 |                                                 |
| \\      /  F ield         | OpenFOAM: The Open Source CFD Toolbox           |
|  \\    /   O peration     | Version:  v2006                                 |
|   \\  /    A nd           | Website:  www.openfoam.com                      |
|    \\/     M anipulation  |                                                 |
\*---------------------------------------------------------------------------*/
FoamFile
{
    version     2.0;
    format      ascii;
    class       volScalarField;
    location    "0";
    object      f;
}
// * * * * * * * * * * * * * * * * * * * * * * * * * * * * * * * * * * * * * //

dimensions      [0 0 0 0 0 0 0];


internalField   nonuniform List<scalar> 
2500
(
-3.08311e-24
-3.0724e-24
-3.01222e-24
-2.85264e-24
-2.57021e-24
-2.16524e-24
-1.62626e-24
-9.35123e-25
-1.40557e-25
5.82581e-25
1.00159e-24
1.00182e-24
6.98628e-25
3.56192e-25
1.82595e-25
1.9715e-25
2.77269e-25
3.01209e-25
2.36888e-25
1.26831e-25
2.71996e-26
-3.25464e-26
-5.28739e-26
-4.87486e-26
-3.53349e-26
-2.19225e-26
-1.20812e-26
-6.03322e-27
-2.76273e-27
-1.16809e-27
-4.57422e-28
-1.65793e-28
-5.52949e-29
-1.67174e-29
-4.41908e-30
-9.19475e-31
-8.16426e-32
5.41801e-32
4.48387e-32
2.29901e-32
9.85123e-33
3.80696e-33
1.36961e-33
4.66415e-34
1.5186e-34
4.75841e-35
1.44156e-35
4.23658e-36
1.21093e-36
3.37284e-37
-1.38369e-23
-1.37903e-23
-1.35187e-23
-1.27763e-23
-1.14467e-23
-9.57536e-24
-7.20357e-24
-4.30287e-24
-1.02338e-24
1.99896e-24
3.81997e-24
3.89761e-24
2.63845e-24
1.1432e-24
3.49964e-25
4.04481e-25
8.00042e-25
9.90294e-25
8.05918e-25
4.11304e-25
4.19159e-26
-1.75434e-25
-2.39742e-25
-2.10854e-25
-1.4928e-25
-9.12281e-26
-4.9727e-26
-2.46268e-26
-1.12063e-26
-4.71738e-27
-1.8432e-27
-6.68408e-28
-2.23942e-28
-6.8487e-29
-1.8584e-29
-4.14663e-30
-5.49196e-31
1.18614e-31
1.38869e-31
7.61911e-32
3.35705e-32
1.31668e-32
4.78039e-33
1.63821e-33
5.35937e-34
1.68599e-34
5.12586e-35
1.5115e-35
4.33454e-36
1.2113e-36
-5.9912e-23
-5.97212e-23
-5.85606e-23
-5.52742e-23
-4.92876e-23
-4.09555e-23
-3.08436e-23
-1.9064e-23
-5.97659e-24
6.29057e-24
1.40424e-23
1.47762e-23
9.76769e-24
3.44533e-24
-7.35908e-26
1.1065e-25
1.96964e-24
3.10684e-24
2.67557e-24
1.29757e-24
-5.15105e-26
-8.32295e-25
-1.02797e-24
-8.73688e-25
-6.06779e-25
-3.6583e-25
-1.97303e-25
-9.6867e-26
-4.37655e-26
-1.83197e-26
-7.12926e-27
-2.58015e-27
-8.65175e-28
-2.66048e-28
-7.32585e-29
-1.69971e-29
-2.65598e-30
2.01684e-31
4.24454e-31
2.48959e-31
1.12415e-31
4.46336e-32
1.63229e-32
5.62138e-33
1.84602e-33
5.82644e-34
1.77686e-34
5.25574e-35
1.51198e-35
4.23922e-36
-2.49592e-22
-2.48859e-22
-2.44194e-22
-2.30391e-22
-2.04649e-22
-1.68974e-22
-1.27329e-22
-8.12327e-23
-3.0944e-23
1.73016e-23
4.96089e-23
5.46793e-23
3.57009e-23
9.80413e-24
-5.42338e-24
-4.97003e-24
3.35344e-24
9.2784e-24
8.74247e-24
4.0396e-24
-8.36076e-25
-3.62154e-24
-4.19884e-24
-3.47859e-24
-2.37689e-24
-1.41509e-24
-7.55136e-25
-3.67329e-25
-1.6463e-25
-6.84365e-26
-2.64813e-26
-9.54338e-27
-3.19285e-27
-9.82583e-28
-2.72303e-28
-6.44709e-29
-1.09081e-29
1.62919e-31
1.2968e-30
8.04802e-31
3.70112e-31
1.48196e-31
5.44543e-32
1.88135e-32
6.19429e-33
1.95987e-33
5.99232e-34
1.77743e-34
5.12911e-35
1.44292e-35
-9.97748e-22
-9.95125e-22
-9.77643e-22
-9.2287e-22
-8.17367e-22
-6.70734e-22
-5.05478e-22
-3.32492e-22
-1.4743e-22
3.59417e-23
1.67684e-22
1.97944e-22
1.30027e-22
2.72697e-23
-3.72571e-23
-3.74475e-23
-1.93314e-24
2.63312e-23
2.84772e-23
1.27151e-23
-4.80638e-24
-1.47322e-23
-1.64134e-23
-1.33353e-23
-8.98232e-24
-5.28278e-24
-2.78834e-24
-1.34287e-24
-5.96377e-25
-2.45868e-25
-9.44377e-26
-3.38172e-26
-1.12561e-26
-3.45246e-27
-9.56514e-28
-2.27987e-28
-3.98798e-29
-4.51231e-31
4.01659e-30
2.58001e-30
1.19754e-30
4.81182e-31
1.77101e-31
6.12561e-32
2.01928e-32
6.39895e-33
1.96049e-33
5.83017e-34
1.68761e-34
4.76446e-35
-3.81671e-21
-3.80803e-21
-3.74787e-21
-3.5438e-21
-3.13269e-21
-2.55475e-21
-1.92414e-21
-1.30538e-21
-6.58097e-22
1.31739e-23
5.3831e-22
7.02627e-22
4.76488e-22
8.17184e-23
-1.86796e-22
-1.99803e-22
-5.54677e-23
7.09129e-23
9.39171e-23
4.17444e-23
-2.113e-23
-5.6619e-23
-6.1599e-23
-4.92914e-23
-3.27668e-23
-1.90358e-23
-9.93129e-24
-4.73056e-24
-2.07914e-24
-8.48811e-25
-3.23042e-25
-1.14687e-25
-3.78694e-26
-1.15305e-26
-3.17403e-27
-7.52842e-28
-1.31675e-28
-2.04617e-30
1.27402e-29
8.20334e-30
3.80027e-30
1.52336e-30
5.59581e-31
1.93312e-31
6.37026e-32
2.01992e-32
6.19828e-33
1.84782e-33
5.36631e-34
1.52105e-34
-1.3931e-20
-1.39046e-20
-1.37195e-20
-1.30128e-20
-1.14944e-20
-9.31098e-21
-6.99924e-21
-4.90682e-21
-2.78057e-21
-4.24777e-22
1.61852e-21
2.44918e-21
1.76893e-21
3.02547e-22
-7.96263e-22
-9.14661e-22
-3.56699e-22
1.80527e-22
3.1793e-22
1.46508e-22
-7.93849e-23
-2.0695e-22
-2.22495e-22
-1.75863e-22
-1.15419e-22
-6.61949e-23
-3.41e-23
-1.6044e-23
-6.96796e-24
-2.81202e-24
-1.05823e-24
-3.71549e-25
-1.21323e-25
-3.65137e-26
-9.92211e-27
-2.31436e-27
-3.91776e-28
2.49931e-31
4.13856e-29
2.57872e-29
1.17776e-29
4.67951e-30
1.70867e-30
5.87996e-31
1.93372e-31
6.12952e-32
1.88318e-32
5.62879e-33
1.64092e-33
4.67338e-34
-4.83684e-20
-4.82944e-20
-4.78133e-20
-4.55769e-20
-4.02839e-20
-3.23706e-20
-2.42229e-20
-1.76165e-20
-1.11965e-20
-3.32553e-21
4.42005e-21
8.37651e-21
6.65673e-21
1.40473e-21
-3.01545e-21
-3.81308e-21
-1.76734e-21
4.26328e-22
1.11128e-21
5.50666e-22
-2.62458e-22
-7.22918e-22
-7.75105e-22
-6.0615e-22
-3.92594e-22
-2.2202e-22
-1.12765e-22
-5.2318e-23
-2.24108e-23
-8.9216e-24
-3.31173e-24
-1.14653e-24
-3.68837e-25
-1.09163e-25
-2.90549e-26
-6.56883e-27
-1.03058e-27
4.66092e-29
1.36008e-28
7.95545e-29
3.53883e-29
1.38401e-29
5.00078e-30
1.70916e-30
5.59924e-31
1.77272e-31
5.45268e-32
1.63506e-32
4.79022e-33
1.37289e-33
-1.59205e-19
-1.59007e-19
-1.58118e-19
-1.51877e-19
-1.34575e-19
-1.06978e-19
-7.9265e-20
-6.02049e-20
-4.3206e-20
-1.84536e-20
1.00821e-20
2.79621e-20
2.52185e-20
7.17145e-21
-1.02671e-20
-1.48935e-20
-7.82013e-21
8.59321e-22
3.99267e-21
2.16991e-21
-7.60273e-22
-2.42357e-21
-2.60963e-21
-2.01972e-21
-1.28923e-21
-7.17606e-22
-3.58626e-22
-1.63721e-22
-6.90099e-23
-2.70291e-23
-9.8665e-24
-3.35551e-24
-1.05831e-24
-3.05936e-25
-7.89113e-26
-1.69281e-26
-2.27397e-27
3.40988e-28
4.4263e-28
2.37953e-28
1.01894e-28
3.89254e-29
1.38434e-29
4.6821e-30
1.52477e-30
4.81821e-31
1.48454e-31
4.47299e-32
1.32003e-32
3.81799e-33
-4.94926e-19
-4.94371e-19
-4.94306e-19
-4.80369e-19
-4.27948e-19
-3.34724e-19
-2.42941e-19
-1.94858e-19
-1.60605e-19
-8.88808e-20
1.30202e-20
9.00035e-20
9.50218e-20
3.60337e-20
-3.11637e-20
-5.54515e-20
-3.26594e-20
8.66566e-22
1.45809e-20
8.71863e-21
-1.84315e-21
-7.83068e-21
-8.50931e-21
-6.50943e-21
-4.08512e-21
-2.23208e-21
-1.09464e-21
-4.9036e-22
-2.02782e-22
-7.78781e-23
-2.78423e-23
-9.25416e-24
-2.8419e-24
-7.94433e-25
-1.95263e-25
-3.82578e-26
-3.53127e-27
1.70266e-27
1.39002e-27
6.77462e-28
2.75804e-28
1.01908e-28
3.54031e-29
1.17872e-29
3.80512e-30
1.19968e-30
3.70963e-31
1.12728e-31
3.36786e-32
9.88658e-33
-1.44708e-18
-1.4452e-18
-1.45423e-18
-1.4394e-18
-1.29582e-18
-9.86916e-19
-6.8595e-19
-5.91958e-19
-5.7759e-19
-3.95013e-19
-4.32784e-20
2.7305e-19
3.51455e-19
1.7071e-19
-8.08847e-20
-1.99035e-19
-1.3242e-19
-5.26822e-21
5.35315e-20
3.50188e-20
-3.09415e-21
-2.45049e-20
-2.6935e-20
-2.03e-20
-1.24773e-20
-6.66764e-21
-3.19737e-21
-1.40041e-21
-5.65941e-22
-2.12143e-22
-7.38563e-23
-2.38098e-23
-7.04315e-24
-1.87206e-24
-4.24818e-25
-6.94641e-26
1.82334e-28
6.87779e-27
4.08778e-27
1.78222e-27
6.77418e-28
2.37984e-28
7.9597e-29
2.58158e-29
8.2181e-30
2.58655e-30
8.07409e-31
2.49919e-31
7.65221e-32
2.30982e-32
-3.96047e-18
-3.95291e-18
-4.00303e-18
-4.08422e-18
-3.75156e-18
-2.72496e-18
-1.72231e-18
-1.6567e-18
-2.01132e-18
-1.66036e-18
-4.90858e-19
7.48643e-19
1.26309e-18
7.57541e-19
-1.53327e-19
-6.92754e-19
-5.28746e-19
-5.40063e-20
1.96478e-19
1.39493e-19
1.20017e-21
-7.47591e-20
-8.29892e-20
-6.12609e-20
-3.66718e-20
-1.90699e-20
-8.89987e-21
-3.79294e-21
-1.48985e-21
-5.41478e-22
-1.81959e-22
-5.61863e-23
-1.57023e-23
-3.8354e-24
-7.43272e-25
-6.92274e-26
2.9558e-26
2.34584e-26
1.07927e-26
4.08581e-27
1.38926e-27
4.42535e-28
1.36081e-28
4.14559e-29
1.27801e-29
4.03499e-30
1.30428e-30
4.27233e-31
1.39833e-31
4.51545e-32
-1.00909e-17
-1.00595e-17
-1.02272e-17
-1.09998e-17
-1.05058e-17
-6.96117e-18
-3.46687e-18
-4.0807e-18
-6.72218e-18
-6.64996e-18
-2.92853e-18
1.69366e-18
4.38883e-18
3.17583e-18
-1.02432e-20
-2.33384e-18
-2.08874e-18
-3.46868e-19
7.21879e-19
5.52025e-19
4.29249e-20
-2.24589e-19
-2.49731e-19
-1.7883e-19
-1.03426e-19
-5.19812e-20
-2.34609e-20
-9.6642e-21
-3.66032e-21
-1.27624e-21
-4.07663e-22
-1.17689e-22
-2.97665e-23
-6.07957e-24
-7.05784e-25
1.54583e-25
1.47748e-25
6.69853e-26
2.34287e-26
6.86236e-27
1.69744e-27
3.39803e-28
4.65564e-29
3.78891e-31
-1.95119e-30
-4.03621e-31
1.83021e-31
2.09309e-31
1.21289e-31
5.50625e-32
-2.3779e-17
-2.36614e-17
-2.39427e-17
-2.83072e-17
-2.9134e-17
-1.58666e-17
-2.94389e-18
-7.68687e-18
-2.09258e-17
-2.53319e-17
-1.41771e-17
2.30632e-18
1.47385e-17
1.28123e-17
1.9038e-18
-7.49489e-18
-8.15441e-18
-1.90804e-18
2.67139e-18
2.18863e-18
2.60599e-19
-6.75541e-19
-7.37185e-19
-5.04378e-19
-2.78626e-19
-1.34086e-19
-5.80109e-20
-2.28693e-20
-8.24386e-21
-2.70475e-21
-7.95452e-22
-2.02179e-22
-4.01511e-23
-3.69804e-24
1.63786e-24
1.21542e-24
4.95295e-25
1.47411e-25
2.93606e-26
1.02283e-28
-3.55729e-27
-2.28069e-27
-1.03171e-27
-3.91691e-28
-1.31485e-28
-3.97674e-29
-1.08575e-29
-2.63616e-30
-5.42118e-31
-7.92837e-32
-5.13777e-17
-5.10154e-17
-5.01574e-17
-7.01265e-17
-8.29014e-17
-2.81006e-17
2.19702e-17
-3.87031e-18
-5.61668e-17
-9.21023e-17
-6.17158e-17
-3.21305e-18
4.83797e-17
5.16698e-17
1.30006e-17
-2.19486e-17
-3.14826e-17
-9.62276e-18
9.99288e-18
8.80823e-18
1.15808e-18
-2.09009e-18
-2.14655e-18
-1.3705e-18
-7.11447e-19
-3.23564e-19
-1.32447e-19
-4.91543e-20
-1.64489e-20
-4.86084e-21
-1.2016e-21
-2.07528e-22
2.35525e-24
2.24216e-23
1.23775e-23
4.57542e-24
1.21216e-24
1.52531e-25
-7.01402e-26
-6.98012e-26
-3.83651e-26
-1.69572e-26
-6.57501e-27
-2.31501e-27
-7.52569e-28
-2.27748e-28
-6.43515e-29
-1.69482e-29
-4.12875e-30
-9.13436e-31
-1.00452e-16
-9.96538e-17
-8.9315e-17
-1.64199e-16
-2.51453e-16
-1.39086e-17
1.94592e-16
5.36858e-17
-1.13064e-16
-3.47688e-16
-2.63549e-16
-3.03083e-17
2.19809e-16
2.34978e-16
6.19095e-17
-5.20563e-17
-1.23407e-16
-4.56523e-17
3.6921e-17
3.66656e-17
4.12302e-18
-6.90585e-18
-6.19901e-18
-3.56256e-18
-1.69772e-18
-7.15881e-19
-2.71335e-19
-9.17399e-20
-2.6784e-20
-6.1381e-21
-6.83063e-22
3.03122e-22
2.68759e-22
1.28851e-22
4.62897e-23
1.23497e-23
1.61928e-24
-7.14593e-25
-7.46784e-25
-4.26052e-25
-1.9565e-25
-7.90184e-26
-2.90799e-26
-9.92625e-27
-3.17399e-27
-9.56072e-28
-2.7204e-28
-7.31439e-29
-1.85409e-29
-4.40426e-30
-1.73604e-16
-1.7323e-16
-1.18696e-16
-3.35589e-16
-8.28743e-16
4.03519e-16
1.25863e-15
3.00301e-16
-2.15042e-15
-2.05542e-15
-9.78423e-16
2.72574e-15
5.01901e-15
1.517e-15
2.13493e-16
-1.19491e-16
-6.19032e-16
-2.09058e-16
1.27496e-16
1.66454e-16
9.7862e-18
-2.53036e-17
-1.77552e-17
-8.70222e-18
-3.6804e-18
-1.39571e-18
-4.68705e-19
-1.31782e-19
-2.55244e-20
9.2242e-22
4.18814e-21
2.70212e-21
1.23423e-21
4.50587e-22
1.28635e-22
2.2271e-23
-3.77318e-24
-6.11127e-24
-3.84729e-24
-1.87611e-24
-7.95686e-25
-3.06286e-25
-1.09248e-25
-3.65303e-26
-1.1532e-26
-3.4518e-27
-9.82042e-28
-2.65792e-28
-6.83872e-29
-1.66825e-29
-2.50365e-16
-2.58963e-16
-5.33837e-17
-2.95721e-15
-2.37008e-15
1.32482e-14
5.15172e-15
-1.76664e-14
-6.12697e-14
-1.05457e-14
3.81202e-14
8.97643e-14
2.92882e-14
5.50971e-15
-2.1208e-14
-1.37413e-14
-5.05749e-15
-7.75121e-16
2.35949e-15
9.74899e-16
-1.86527e-17
-1.0548e-16
-4.929e-17
-1.90107e-17
-6.78438e-18
-2.17646e-18
-5.61988e-19
-7.0174e-20
3.88604e-20
4.01103e-20
2.32212e-20
1.05547e-20
3.99269e-21
1.23272e-21
2.67653e-22
1.77746e-24
-4.04067e-23
-2.98674e-23
-1.57387e-23
-7.05524e-24
-2.8456e-24
-1.05934e-24
-3.69096e-25
-1.21378e-25
-3.7877e-26
-1.12555e-26
-3.19181e-27
-8.64628e-28
-2.2372e-28
-5.52157e-29
1.02013e-14
-1.36087e-16
2.2924e-15
-2.93328e-14
1.17133e-13
8.08771e-14
-8.72997e-13
-7.75596e-13
-2.84114e-13
1.51752e-12
1.78322e-12
3.81022e-13
-3.25114e-13
-6.87767e-13
-3.90024e-13
-1.13461e-13
-1.73395e-14
6.09541e-14
3.07717e-14
3.87244e-15
-1.52477e-15
-5.05971e-16
-1.1669e-16
-3.15076e-17
-8.6425e-18
-1.81286e-18
8.30261e-20
4.06052e-19
3.11555e-19
1.73311e-19
8.00964e-20
3.1675e-20
1.0545e-20
2.6947e-21
2.99081e-22
-2.09393e-22
-2.02948e-22
-1.1798e-22
-5.62881e-23
-2.3843e-23
-9.26419e-24
-3.35831e-24
-1.14724e-24
-3.71703e-25
-1.14712e-25
-3.38177e-26
-9.54147e-27
-2.57901e-27
-6.6793e-28
-1.65619e-28
2.58274e-12
9.03731e-13
2.23283e-13
-5.45014e-15
1.65878e-12
-1.54565e-12
-6.66059e-12
-4.15717e-12
5.58407e-12
9.00458e-12
6.15612e-12
-7.36347e-12
-1.46359e-11
-5.79253e-12
-1.12098e-12
-2.48508e-13
1.26149e-12
6.68368e-13
1.02922e-13
-5.0041e-14
-1.73294e-14
-1.4485e-15
-7.79681e-17
-1.09337e-17
7.78952e-19
3.37991e-18
3.10654e-18
2.0582e-18
1.13019e-18
5.37552e-19
2.23581e-19
8.00391e-20
2.31757e-20
4.16234e-21
-6.9545e-22
-1.20692e-21
-7.97548e-22
-4.0843e-22
-1.82221e-22
-7.39401e-23
-2.78674e-23
-9.87345e-24
-3.31348e-24
-1.05862e-24
-3.23109e-25
-9.44418e-26
-2.64779e-26
-7.12695e-27
-1.8422e-27
-4.57054e-28
1.30751e-11
1.21034e-11
1.02685e-11
1.14448e-11
5.24843e-12
-2.00245e-11
-1.38309e-11
-9.5418e-12
9.18171e-11
7.06476e-12
-6.32728e-11
-1.57878e-10
-5.35716e-11
-1.20919e-11
1.73798e-11
2.56324e-11
1.12832e-11
1.8951e-12
-1.22618e-12
-4.73049e-13
-4.51343e-14
2.20132e-15
5.55584e-16
1.11732e-16
3.60926e-17
1.93409e-17
1.15894e-17
6.3971e-18
3.16305e-18
1.39334e-18
5.37245e-19
1.73057e-19
3.996e-20
8.47401e-22
-6.17157e-21
-4.87454e-21
-2.70996e-21
-1.2781e-21
-5.42098e-22
-2.12338e-22
-7.79357e-23
-2.70449e-23
-8.92557e-24
-2.8129e-24
-8.48966e-25
-2.4588e-25
-6.84299e-26
-1.8315e-26
-4.71532e-27
-1.16733e-27
2.60289e-11
4.50966e-11
5.19739e-11
5.48321e-11
-1.98913e-11
-6.3111e-11
4.31209e-10
1.45117e-09
4.62567e-10
-2.21767e-09
-2.49136e-09
-6.20507e-10
1.91027e-10
9.74005e-10
5.76335e-10
1.87435e-10
2.82366e-11
-2.65706e-11
-1.08676e-11
-1.13922e-12
5.65571e-14
1.58471e-14
1.28661e-15
1.4574e-16
6.98058e-17
4.92057e-17
3.03259e-17
1.60537e-17
7.56188e-18
3.16156e-18
1.12889e-18
3.10758e-19
3.84472e-20
-2.57159e-20
-2.68653e-20
-1.6481e-20
-8.25571e-21
-3.66444e-21
-1.49121e-21
-5.6636e-22
-2.02904e-22
-6.90429e-23
-2.2419e-23
-6.96975e-24
-2.07945e-24
-5.96399e-25
-1.64616e-25
-4.37559e-26
-1.12021e-26
-2.7612e-27
3.26929e-11
9.92284e-11
1.7238e-10
1.06375e-10
-1.55334e-10
2.36398e-09
9.91522e-09
8.7701e-09
-4.53282e-09
-1.11045e-08
-9.1086e-09
-5.65004e-10
9.71086e-09
6.65089e-09
2.2963e-09
4.07356e-10
-4.56156e-10
-2.04828e-10
-2.48307e-11
1.06579e-12
3.35971e-13
2.70019e-14
-6.74498e-16
-1.72451e-16
6.53055e-17
1.09469e-16
7.05195e-17
3.55627e-17
1.60471e-17
6.39114e-18
2.05438e-18
4.03991e-19
-7.11649e-20
-1.32218e-19
-9.19182e-20
-4.92226e-20
-2.28939e-20
-9.67259e-21
-3.79565e-21
-1.40123e-21
-4.90596e-22
-1.63784e-22
-5.23332e-23
-1.60472e-23
-4.73108e-24
-1.34289e-24
-3.67296e-25
-9.6847e-26
-2.46184e-26
-6.0302e-27
7.76462e-11
1.39451e-10
3.22042e-10
-7.15383e-11
6.51698e-10
2.89954e-08
4.45319e-08
1.93847e-08
-4.23355e-08
-2.12009e-08
-3.99538e-09
6.96465e-08
4.31608e-08
1.32341e-08
3.4878e-09
-6.84006e-09
-3.19817e-09
-4.41766e-10
1.61675e-11
5.52269e-12
5.24101e-13
-1.42999e-14
-4.03834e-15
-6.09479e-16
1.36317e-16
3.19423e-16
1.61807e-16
7.04934e-17
3.03012e-17
1.15729e-17
3.09729e-18
7.84173e-20
-5.64089e-19
-4.69595e-19
-2.71687e-19
-1.32579e-19
-5.80575e-20
-2.34764e-20
-8.90481e-21
-3.19884e-21
-1.09505e-21
-3.58734e-22
-1.1279e-22
-3.41051e-23
-9.93199e-24
-2.7883e-24
-7.55055e-25
-1.97261e-25
-4.97104e-26
-1.20754e-26
4.60335e-10
-1.42034e-08
-6.51693e-08
-1.41434e-08
5.10435e-09
6.14456e-08
9.79306e-08
-4.20086e-07
-1.74888e-07
4.85349e-07
1.12695e-06
4.32287e-07
5.3371e-08
-2.6035e-07
-2.06824e-07
-6.52333e-08
-6.84879e-09
1.97314e-10
7.45665e-11
8.45408e-12
-1.43994e-13
-4.48504e-14
-5.95381e-15
2.45391e-15
3.65931e-15
1.30164e-15
3.19331e-16
1.09378e-16
4.91422e-17
1.93038e-17
3.36076e-18
-1.82187e-18
-2.1804e-18
-1.39733e-18
-7.16506e-19
-3.23793e-19
-1.34165e-19
-5.20073e-20
-1.9078e-20
-6.67002e-21
-2.23273e-21
-7.1777e-22
-2.22056e-22
-6.62014e-23
-1.90364e-23
-5.28252e-24
-1.41489e-24
-3.65743e-25
-9.11957e-26
-2.19115e-26
-9.7166e-07
-1.13741e-06
-1.39153e-06
-8.48744e-07
-7.77918e-08
-5.22129e-07
-3.52364e-06
-3.6191e-06
-2.58562e-07
5.40184e-06
5.62587e-06
1.08605e-06
-4.69628e-06
-3.6447e-06
-1.35466e-06
-1.95031e-07
1.29395e-09
5.89487e-10
1.25818e-10
1.49062e-12
-2.08188e-13
7.77469e-14
1.98231e-13
1.28936e-13
3.93347e-14
3.65937e-15
1.36043e-16
6.50913e-17
6.96754e-17
3.60216e-17
7.44805e-19
-8.65774e-18
-6.7908e-18
-3.68296e-18
-1.6987e-18
-7.11799e-19
-2.78747e-19
-1.03465e-19
-3.66837e-20
-1.24807e-20
-4.08603e-21
-1.28945e-21
-3.92637e-22
-1.15425e-22
-3.27661e-23
-8.98145e-24
-2.37645e-24
-6.06604e-25
-1.49218e-25
-3.53147e-26
-5.75393e-06
-5.38888e-06
-4.89976e-06
-4.99896e-06
-5.78964e-06
-1.41073e-05
-2.10058e-05
-1.2428e-05
7.8933e-06
1.87314e-05
1.1946e-05
-2.35005e-05
-2.49081e-05
-1.17734e-05
-3.14834e-06
-2.295e-07
8.9254e-10
5.99817e-10
1.51053e-10
1.34479e-11
3.61602e-13
1.18933e-12
1.18981e-12
5.79593e-13
1.28942e-13
2.45413e-15
-6.10235e-16
-1.72905e-16
1.45516e-16
1.11614e-16
-1.09856e-17
-3.15292e-17
-1.90195e-17
-8.70569e-18
-3.56387e-18
-1.37097e-18
-5.04539e-19
-1.78882e-19
-6.12764e-20
-2.03043e-20
-6.51052e-21
-2.01995e-21
-6.06185e-22
-1.75862e-22
-4.92874e-23
-1.33331e-23
-3.47766e-24
-8.73345e-25
-2.10738e-25
-4.8712e-26
-1.37457e-05
-1.20935e-05
-8.22724e-06
-1.24376e-05
-2.9282e-05
-5.07097e-05
-5.15155e-05
-2.12709e-05
4.53629e-05
3.49831e-05
-5.3676e-05
-0.000147195
-5.26864e-05
-1.57202e-05
-3.3998e-06
-5.70113e-08
1.91155e-09
6.60084e-10
5.48241e-10
7.91944e-10
3.92316e-11
3.64266e-12
2.8346e-12
1.18985e-12
1.98248e-13
-5.95707e-15
-4.04075e-15
-6.75263e-16
1.28618e-15
5.55389e-16
-7.80333e-17
-1.16712e-16
-4.9299e-17
-1.77589e-17
-6.20048e-18
-2.14709e-18
-7.37372e-19
-2.4979e-19
-8.30067e-20
-2.69396e-20
-8.51034e-21
-2.60979e-21
-7.75098e-22
-2.22475e-22
-6.15875e-23
-1.64084e-23
-4.19697e-24
-1.02732e-24
-2.39532e-25
-5.28091e-26
-1.70436e-05
-1.46692e-05
-8.07605e-06
-1.55776e-05
-6.54098e-05
-8.11574e-05
-5.13067e-05
0.000179472
0.000127116
-0.000564763
-0.00117257
-0.000462217
0.00146198
0.00460767
0.00644346
0.00600564
0.00399061
0.00180724
0.000455323
1.49113e-05
7.9561e-10
8.10028e-12
3.64279e-12
1.18939e-12
7.77508e-14
-4.4861e-14
-1.43044e-14
2.69987e-14
1.58455e-14
2.20098e-15
-1.44846e-15
-5.05962e-16
-1.05484e-16
-2.53067e-17
-6.90726e-18
-2.09064e-18
-6.75732e-19
-2.24649e-19
-7.47756e-20
-2.45087e-20
-7.83122e-21
-2.42349e-21
-7.22809e-22
-2.06889e-22
-5.65926e-23
-1.4722e-23
-3.61794e-24
-8.31101e-25
-1.75057e-25
-3.24326e-26
0.000182589
0.000210599
0.000285131
0.000160384
-7.32022e-05
1.60272e-05
0.00107486
0.00134974
-0.000735062
-0.0045308
-0.00531008
0.00201149
0.0222242
0.0486039
0.0669521
0.0677322
0.0548505
0.0345945
0.0162582
0.00488652
0.000442405
7.95667e-10
3.92333e-11
3.61606e-13
-2.08238e-13
-1.44015e-13
5.24065e-13
3.3595e-13
5.6553e-14
-4.51317e-14
-1.73283e-14
-1.52467e-15
-1.86622e-17
9.78201e-18
4.12139e-18
1.1575e-18
2.60414e-19
4.28731e-20
1.18863e-21
-3.09533e-21
-1.84249e-21
-7.59681e-22
-2.62144e-22
-7.9247e-23
-2.1076e-23
-4.7868e-24
-8.29405e-25
-4.93531e-26
4.25829e-26
2.73977e-26
0.0015557
0.00165842
0.0018502
0.00127786
0.000302074
0.00186256
0.00511222
0.00430161
-0.00446601
-0.0145442
-0.0126843
0.0176621
0.0812057
0.160502
0.219634
0.228153
0.194605
0.132813
0.0701817
0.0262023
0.00488652
1.49114e-05
7.91979e-10
1.34477e-11
1.4902e-12
8.45363e-12
5.52242e-12
1.06574e-12
-1.13916e-12
-4.73023e-13
-5.00379e-14
3.87217e-15
9.74828e-16
1.66444e-16
3.66633e-17
8.80762e-18
2.18848e-18
5.51999e-19
1.39494e-19
3.50236e-20
8.72184e-21
2.17153e-21
5.51373e-22
1.46789e-22
4.18486e-23
1.27515e-23
4.05166e-24
1.30139e-24
4.12468e-25
1.27172e-25
0.00454781
0.00476732
0.00505926
0.00361435
0.00216016
0.00628204
0.0132285
0.00885804
-0.012651
-0.0320399
-0.0184957
0.0524835
0.183132
0.341952
0.465665
0.493017
0.432744
0.307962
0.172155
0.0701817
0.0162582
0.000455325
5.4828e-10
1.51053e-10
1.25816e-10
7.45639e-11
1.61668e-11
-2.48295e-11
-1.08671e-11
-1.22612e-12
1.02916e-13
3.07696e-14
2.35934e-15
1.27501e-16
3.69212e-17
9.9929e-18
2.67145e-18
7.21931e-19
1.96511e-19
5.35489e-20
1.45891e-20
3.99621e-21
1.11269e-21
3.18464e-22
9.41078e-23
2.8542e-23
8.76358e-24
2.68216e-24
8.079e-25
2.37463e-25
0.00832001
0.00867829
0.00897301
0.0066051
0.00466808
0.0122318
0.0234886
0.0139982
-0.0240773
-0.0522658
-0.0211132
0.0998723
0.304699
0.548194
0.74494
0.802306
0.720656
0.529361
0.307962
0.132813
0.0345945
0.00180724
6.60098e-10
5.9984e-10
5.89484e-10
1.97308e-10
-4.41746e-10
-2.04819e-10
-2.65694e-11
1.89499e-12
6.68327e-13
6.09501e-14
-7.75063e-16
-2.09041e-16
-4.56479e-17
-9.62139e-18
-1.90754e-18
-3.46659e-19
-5.39152e-20
-5.22849e-21
8.83296e-22
8.66047e-22
4.28903e-22
1.81467e-22
7.12409e-23
2.64408e-23
9.31357e-24
3.1177e-24
9.93528e-25
3.02139e-25
0.0105461
0.0109871
0.011298
0.00825744
0.00594935
0.0160453
0.0307828
0.0172651
-0.0337499
-0.0681347
-0.0211061
0.139109
0.39615
0.697777
0.950846
1.04161
0.955397
0.720656
0.432744
0.194605
0.0548505
0.00399061
1.91167e-09
8.92591e-10
1.29393e-09
-6.84842e-09
-3.19804e-09
-4.56139e-10
2.8235e-11
1.12826e-11
1.26141e-12
-1.73384e-14
-5.05713e-15
-6.18998e-16
-1.23401e-16
-3.14805e-17
-8.15355e-18
-2.08837e-18
-5.28584e-19
-1.32351e-19
-3.2631e-20
-7.80897e-21
-1.76314e-21
-3.55189e-22
-5.49473e-23
-1.761e-24
3.4082e-24
1.98642e-24
8.05008e-25
2.78689e-25
0.0090468
0.00950674
0.0099447
0.00678165
0.0038963
0.0141749
0.030293
0.0173294
-0.0358736
-0.0724519
-0.0224756
0.144879
0.410109
0.723534
0.998178
1.11437
1.04161
0.802306
0.493017
0.228153
0.0677321
0.00600563
-5.70006e-08
-2.29482e-07
-1.9502e-07
-6.52305e-08
-6.83985e-09
4.07336e-10
1.87425e-10
2.5631e-11
-2.48493e-13
-1.13454e-13
-1.37403e-14
-1.19494e-16
-5.20562e-17
-2.19475e-17
-7.49408e-18
-2.3334e-18
-6.92538e-19
-1.98938e-19
-5.54108e-20
-1.48774e-20
-3.80699e-21
-9.12475e-22
-1.99052e-22
-3.71999e-23
-4.89153e-24
1.34619e-25
4.11544e-25
1.99162e-25
0.00290928
0.00326091
0.00389307
0.00165841
-0.00173456
0.00453109
0.0188357
0.0136726
-0.0263325
-0.0614818
-0.0310009
0.099412
0.324008
0.606588
0.870023
0.998178
0.950846
0.74494
0.465664
0.219634
0.066952
0.00644345
-3.39967e-06
-3.14823e-06
-1.35461e-06
-2.06817e-07
3.48764e-09
2.2962e-09
5.76306e-10
1.73787e-11
-1.12093e-12
-3.90001e-13
-2.12062e-14
2.13482e-16
6.19065e-17
1.30008e-17
1.90438e-18
-9.80542e-21
-1.53084e-19
-8.07677e-20
-3.11126e-20
-1.02464e-20
-3.00757e-21
-7.93415e-22
-1.85815e-22
-3.69333e-23
-5.3208e-24
-4.2301e-26
3.5917e-25
1.85212e-25
-0.00311897
-0.0029982
-0.00230847
-0.00291281
-0.00599825
-0.00564784
0.00316313
0.00833541
-0.00715549
-0.0362742
-0.0412037
0.0171597
0.164218
0.384376
0.606588
0.723534
0.697777
0.548194
0.341952
0.160502
0.0486038
0.00460766
-1.57198e-05
-1.17732e-05
-3.6446e-06
-2.60342e-07
1.32337e-08
6.65061e-09
9.73953e-10
-1.20917e-11
-5.79227e-12
-6.87712e-13
5.50959e-15
1.51691e-15
2.34964e-16
5.16688e-17
1.28127e-17
3.17626e-18
7.57803e-19
1.7084e-19
3.60921e-20
7.19545e-21
1.41397e-21
3.05903e-22
8.2879e-23
2.76534e-23
9.92578e-24
3.48244e-24
1.15411e-24
3.59292e-25
-0.00426931
-0.00435358
-0.00390858
-0.00324249
-0.00496963
-0.0083093
-0.00632223
0.00391227
0.00890081
-0.00856229
-0.0412614
-0.0459977
0.0206854
0.164218
0.324008
0.410109
0.39615
0.304699
0.183132
0.0812057
0.0222242
0.00146198
-5.26856e-05
-2.49077e-05
-4.69618e-06
5.33729e-08
4.316e-08
9.71044e-09
1.90984e-10
-5.35702e-11
-1.4635e-11
-3.25018e-13
2.92886e-14
5.01861e-15
2.19774e-16
4.83792e-17
1.47392e-17
4.38935e-18
1.26338e-18
3.51597e-19
9.50846e-20
2.52442e-20
6.66664e-21
1.77253e-21
4.77734e-22
1.30438e-22
3.58315e-23
9.80749e-24
2.65015e-24
7.01947e-25
-0.00107125
-0.00123806
-0.00125978
-0.000192836
0.000130794
-0.00326805
-0.0060667
0.000770629
0.012766
0.00852704
-0.02349
-0.0555478
-0.0459977
0.0171597
0.099412
0.144879
0.139109
0.0998724
0.0524835
0.0176621
0.00201151
-0.000462213
-0.000147194
-2.35002e-05
1.08606e-06
4.32284e-07
6.96451e-08
-5.65277e-10
-6.20499e-10
-1.57869e-10
-7.36206e-12
3.81009e-13
8.97609e-14
2.72529e-15
-3.03035e-17
-3.21032e-18
2.30774e-18
1.69436e-18
7.48978e-19
2.73201e-19
9.00681e-20
2.7988e-20
8.38633e-21
2.45272e-21
7.03844e-22
1.98344e-22
5.48057e-23
1.48146e-23
3.90888e-24
1.00501e-24
0.00166038
0.00155516
0.0012662
0.0017684
0.00302371
0.00225849
-0.00112259
-0.00107198
0.0060518
0.010695
7.00946e-05
-0.02349
-0.0412614
-0.0412037
-0.0310009
-0.0224756
-0.0211061
-0.0211132
-0.0184956
-0.0126843
-0.00531006
-0.00117256
-5.36749e-05
1.19458e-05
5.62578e-06
1.12693e-06
-3.9958e-09
-9.10837e-09
-2.49128e-09
-6.32683e-11
6.15585e-12
1.78313e-12
3.81158e-14
-9.78362e-16
-2.63532e-16
-6.17108e-17
-1.41751e-17
-2.92768e-18
-4.90486e-19
-4.31215e-20
1.30837e-20
1.01066e-20
4.42911e-21
1.62172e-21
5.39394e-22
1.68036e-22
4.97194e-23
1.40758e-23
3.8297e-24
1.00434e-24
0.00103819
0.0010564
0.000861664
0.000642061
0.00134239
0.00245499
0.00152364
-0.00154202
-0.00190044
0.00383045
0.010695
0.00852704
-0.00856229
-0.0362742
-0.0614818
-0.0724519
-0.0681347
-0.0522658
-0.0320399
-0.0145442
-0.0045308
-0.00056476
3.49825e-05
1.87311e-05
5.40178e-06
4.85341e-07
-2.12003e-08
-1.11042e-08
-2.21757e-09
7.06664e-12
9.00448e-12
1.51746e-12
-1.05451e-14
-2.05532e-15
-3.47676e-16
-9.20977e-17
-2.53298e-17
-6.64903e-18
-1.65997e-18
-3.94854e-19
-8.88196e-20
-1.8431e-20
-3.3175e-21
-4.22032e-22
1.4078e-23
3.62293e-23
1.739e-23
6.3169e-24
2.00656e-24
5.84705e-25
-0.000821864
-0.00075831
-0.000733858
-0.00112171
-0.00133889
-0.000315452
0.000727165
-0.000807614
-0.00352289
-0.00190044
0.0060518
0.012766
0.0089008
-0.00715549
-0.0263325
-0.0358736
-0.0337499
-0.0240773
-0.012651
-0.00446603
-0.000735075
0.000127113
4.53618e-05
7.89311e-06
-2.58549e-07
-1.74882e-07
-4.23342e-08
-4.53265e-09
4.62549e-10
9.18132e-11
5.5839e-12
-2.84102e-13
-6.12665e-14
-2.15029e-15
-1.13061e-16
-5.61634e-17
-2.09237e-17
-6.72116e-18
-2.01088e-18
-5.77419e-19
-1.60541e-19
-4.31836e-20
-1.11889e-20
-2.7781e-21
-6.57323e-22
-1.47194e-22
-3.08742e-23
-5.95648e-24
-1.01773e-24
-1.39009e-25
-0.00114012
-0.00111415
-0.00105121
-0.00118847
-0.00149764
-0.0013392
-0.000545536
-0.000173297
-0.000807615
-0.00154202
-0.00107198
0.00077062
0.00391225
0.00833541
0.0136726
0.0173294
0.0172651
0.0139982
0.00885801
0.00430158
0.00134972
0.000179468
-2.12713e-05
-1.24281e-05
-3.61911e-06
-4.20075e-07
1.93842e-08
8.76991e-09
1.45114e-09
-9.54156e-12
-4.15708e-12
-7.75575e-13
-1.76644e-14
3.00284e-16
5.36892e-17
-3.86556e-18
-7.68398e-18
-4.0793e-18
-1.65611e-18
-5.91731e-19
-1.94777e-19
-6.01775e-20
-1.76078e-20
-4.90414e-21
-1.30458e-21
-3.32265e-22
-8.11694e-23
-1.90467e-23
-4.29826e-24
-9.33913e-25
-0.00070027
-0.000698417
-0.000734474
-0.000772719
-0.000684872
-0.000588508
-0.000734646
-0.00054554
0.000727162
0.00152365
-0.00112258
-0.00606671
-0.00632224
0.00316314
0.0188358
0.0302931
0.0307829
0.0234886
0.0132285
0.0051122
0.00107485
-5.13096e-05
-5.15167e-05
-2.10061e-05
-3.52369e-06
9.79287e-08
4.4531e-08
9.91505e-09
4.31211e-10
-1.38303e-11
-6.66046e-12
-8.72993e-13
5.15114e-15
1.25852e-15
1.94596e-16
2.1979e-17
-2.93888e-18
-3.46457e-18
-1.72137e-18
-6.85602e-19
-2.4282e-19
-7.92256e-20
-2.42107e-20
-6.99567e-21
-1.92314e-21
-5.05203e-22
-1.27257e-22
-3.08249e-23
-7.19882e-24
-1.62507e-24
-0.0010133
-0.000988968
-0.00107839
-0.00128548
-0.00107536
-0.000456651
-0.000588507
-0.0013392
-0.000315454
0.002455
0.0022585
-0.00326807
-0.00830931
-0.00564783
0.00453113
0.0141749
0.0160453
0.0122318
0.00628199
0.00186253
1.60136e-05
-8.11629e-05
-5.07122e-05
-1.41079e-05
-5.22137e-07
6.14456e-08
2.89954e-08
2.36403e-09
-6.31067e-11
-2.00231e-11
-1.54573e-12
8.08725e-14
1.32469e-14
4.03495e-16
-1.38758e-17
-2.80822e-17
-1.58579e-17
-6.95745e-18
-2.7235e-18
-9.86385e-19
-3.34544e-19
-1.06921e-19
-3.23532e-20
-9.30598e-21
-2.55337e-21
-6.70367e-22
-1.6888e-22
-4.09319e-23
-9.56959e-24
-2.16385e-24
-0.00162447
-0.00157874
-0.00162702
-0.0019597
-0.00194508
-0.00107536
-0.000684869
-0.00149764
-0.00133889
0.0013424
0.00302372
0.000130783
-0.00496965
-0.00599825
-0.00173453
0.00389634
0.00594936
0.00466805
0.00216011
0.000302029
-7.32161e-05
-6.54187e-05
-2.92855e-05
-5.79029e-06
-7.77785e-08
5.10515e-09
6.52009e-10
-1.55325e-10
-1.98832e-11
5.24925e-12
1.65893e-12
1.17121e-13
-2.36986e-15
-8.28633e-16
-2.51399e-16
-8.28738e-17
-2.91212e-17
-1.05005e-17
-3.74949e-18
-1.29508e-18
-4.277e-19
-1.34497e-19
-4.02606e-20
-1.14878e-20
-3.13089e-21
-8.16895e-22
-2.04529e-22
-4.92581e-23
-1.14396e-23
-2.56854e-24
-0.00161228
-0.00157084
-0.00158807
-0.00187707
-0.0019597
-0.00128548
-0.000772716
-0.00118847
-0.00112171
0.000642066
0.0017684
-0.000192846
-0.0032425
-0.00291281
0.00165845
0.00678169
0.00825745
0.00660507
0.0036143
0.00127781
0.000160361
-1.55829e-05
-1.24407e-05
-4.99965e-06
-8.48714e-07
-1.41396e-08
-7.16057e-11
1.0637e-10
5.48316e-11
1.14454e-11
-5.36711e-15
-2.93241e-14
-2.95732e-15
-3.35511e-16
-1.64127e-16
-7.00887e-17
-2.829e-17
-1.09928e-17
-4.08154e-18
-1.43846e-18
-4.80058e-19
-1.51781e-19
-4.55484e-20
-1.30048e-20
-3.54164e-21
-9.22309e-22
-2.30251e-22
-5.52399e-23
-1.27681e-23
-2.85074e-24
-0.00135842
-0.00132519
-0.00134973
-0.00158806
-0.00162702
-0.00107839
-0.00073447
-0.00105121
-0.000733859
0.000861669
0.00126621
-0.00125979
-0.00390859
-0.00230847
0.00389311
0.00994474
0.011298
0.00897298
0.00505921
0.00185016
0.000285112
-8.07827e-06
-8.22925e-06
-4.90065e-06
-1.39163e-06
-6.51458e-08
3.22147e-10
1.72408e-10
5.19756e-11
1.02687e-11
2.23306e-13
2.29248e-15
-5.31078e-17
-1.18515e-16
-8.92147e-17
-5.01091e-17
-2.39216e-17
-1.02188e-17
-3.99989e-18
-1.45314e-18
-4.93951e-19
-1.58008e-19
-4.77812e-20
-1.37106e-20
-3.74548e-21
-9.77027e-22
-2.44041e-22
-5.85234e-23
-1.35099e-23
-3.01019e-24
-0.00132474
-0.00129075
-0.00132519
-0.00157084
-0.00157874
-0.000988963
-0.000698412
-0.00111415
-0.000758311
0.00105641
0.00155516
-0.00123807
-0.0043536
-0.0029982
0.00326095
0.00950679
0.0109871
0.00867827
0.00476727
0.00165837
0.000210578
-1.46727e-05
-1.2096e-05
-5.38972e-06
-1.13745e-06
-1.41875e-08
1.39522e-10
9.92509e-11
4.50998e-11
1.21034e-11
9.03603e-13
-1.35945e-16
-2.58668e-16
-1.73034e-16
-9.95458e-17
-5.09633e-17
-2.36386e-17
-1.00504e-17
-3.94955e-18
-1.44404e-18
-4.93994e-19
-1.58891e-19
-4.82607e-20
-1.38953e-20
-3.80554e-21
-9.94486e-22
-2.48701e-22
-5.96829e-23
-1.37813e-23
-3.07031e-24
-0.00135992
-0.00132474
-0.00135842
-0.00161228
-0.00162446
-0.0010133
-0.000700265
-0.00114012
-0.000821865
0.0010382
0.00166038
-0.00107126
-0.00426933
-0.00311897
0.00290932
0.00904684
0.0105461
0.00831998
0.00454776
0.00155565
0.000182569
-1.70473e-05
-1.37484e-05
-5.75477e-06
-9.71679e-07
4.59707e-10
7.76228e-11
3.27021e-11
2.60318e-11
1.30759e-11
2.58273e-12
1.01938e-14
-2.50081e-16
-1.73407e-16
-1.00342e-16
-5.13248e-17
-2.37559e-17
-1.00817e-17
-3.95706e-18
-1.4459e-18
-4.94544e-19
-1.59088e-19
-4.83344e-20
-1.39216e-20
-3.8142e-21
-9.97104e-22
-2.49432e-22
-5.98734e-23
-1.38278e-23
-3.08101e-24
)
;

boundaryField
{
    movingWall
    {
        type            zeroGradient;
    }
    fixedWalls
    {
        type            zeroGradient;
    }
    frontAndBack
    {
        type            empty;
    }
}

