/*--------------------------------*- C++ -*----------------------------------*\
| =========                 |                                                 |
| \\      /  F ield         | OpenFOAM: The Open Source CFD Toolbox           |
|  \\    /   O peration     | Version:  v2006                                 |
|   \\  /    A nd           | Website:  www.openfoam.com                      |
|    \\/     M anipulation  |                                                 |
\*---------------------------------------------------------------------------*/
FoamFile
{
    version     2.0;
    format      ascii;
    class       volScalarField;
    location    "0";
    object      f;
}
// * * * * * * * * * * * * * * * * * * * * * * * * * * * * * * * * * * * * * //

dimensions      [0 0 0 0 0 0 0];


internalField   nonuniform List<scalar> 
2500
(
1.00196e-07
9.65909e-07
-1.68927e-06
-5.34002e-06
7.14133e-06
1.82558e-05
-1.95038e-05
-5.46391e-05
3.59002e-05
0.000145955
-1.84988e-05
-0.000343598
-0.000138012
0.000743317
0.00079986
-0.00131137
-0.00330059
0.00119355
0.0182174
0.0435417
0.0602352
0.0518806
0.0120727
-0.0414449
-0.0637952
-0.0139644
0.138335
0.375855
0.632644
0.820004
0.866409
0.798992
0.64314
0.447689
0.264971
0.128292
0.0459913
0.00842302
1.13659e-05
7.28699e-09
5.04514e-09
-1.23769e-08
-2.1921e-08
-1.4287e-08
-4.49733e-09
-6.76706e-10
1.07659e-10
7.03696e-11
2.22148e-11
2.93485e-12
6.50339e-08
4.7725e-07
-1.42972e-06
-2.64416e-06
6.2216e-06
8.68674e-06
-1.83561e-05
-2.66731e-05
3.9445e-05
8.07103e-05
-6.66833e-05
-0.000223544
4.42975e-05
0.000563541
0.000260417
-0.00126462
-0.00179488
0.00290071
0.014441
0.0284097
0.0338994
0.0237356
-0.00130324
-0.0281077
-0.0309979
0.0111291
0.107577
0.247362
0.391857
0.490535
0.506133
0.45992
0.364314
0.249176
0.144341
0.0677791
0.022967
0.00345925
-3.55231e-07
-6.8505e-08
-1.91525e-07
-1.88007e-07
-1.09624e-07
-3.39207e-08
-2.99143e-09
6.42371e-10
3.92398e-10
1.20182e-10
1.02375e-11
-1.77733e-12
1.04902e-07
7.35551e-07
-2.03223e-06
-4.00483e-06
8.70177e-06
1.33216e-05
-2.54419e-05
-4.1313e-05
5.63482e-05
0.00012037
-8.43784e-05
-0.000317211
3.69715e-05
0.000775829
0.000415372
-0.00174842
-0.00250605
0.00392258
0.0207173
0.0413184
0.0499453
0.0360567
-0.00157603
-0.0429291
-0.0486428
0.0103919
0.158071
0.374077
0.598362
0.753118
0.779695
0.709667
0.562879
0.385339
0.223338
0.105036
0.0357341
0.00551578
-1.11892e-06
-1.38426e-06
-1.23349e-06
-7.48659e-07
-2.78973e-07
-4.62885e-08
2.63115e-09
2.05366e-09
8.5916e-10
1.60113e-10
-3.15118e-12
-3.70206e-12
1.29356e-07
6.8982e-07
-2.21793e-06
-3.73176e-06
9.55084e-06
1.22963e-05
-2.83406e-05
-3.84258e-05
6.38852e-05
0.000116648
-0.000105738
-0.000320286
8.62069e-05
0.000806129
0.000298238
-0.00190356
-0.00220525
0.00504282
0.0221125
0.041646
0.0477351
0.0311527
-0.00735501
-0.0465087
-0.0478598
0.0186596
0.173607
0.39576
0.623488
0.777039
0.798855
0.723074
0.569691
0.387
0.222215
0.102901
0.0339098
0.00466449
-5.35499e-06
-5.55073e-06
-4.06793e-06
-1.90462e-06
-4.68014e-07
-1.57848e-08
8.65988e-09
5.51314e-09
1.58718e-09
1.04631e-10
-1.38181e-11
-9.43612e-12
1.45315e-07
6.24025e-07
-2.17089e-06
-3.35082e-06
9.22257e-06
1.11463e-05
-2.7538e-05
-3.49298e-05
6.25773e-05
0.000107146
-0.000105237
-0.000291336
9.33157e-05
0.000716391
0.0002146
-0.00167687
-0.00169732
0.00520197
0.0207385
0.0375626
0.041203
0.0248654
-0.0113564
-0.0474594
-0.0476912
0.01918
0.173607
0.394563
0.620157
0.771012
0.790503
0.713048
0.55889
0.376735
0.213766
0.0971214
0.0307703
0.00369875
-1.74004e-05
-1.66598e-05
-9.91431e-06
-3.50879e-06
-4.94794e-07
3.84857e-08
2.91188e-08
1.14213e-08
1.91002e-09
-6.78086e-11
-4.89291e-11
-1.77942e-11
1.34846e-07
4.56994e-07
-1.68332e-06
-2.43662e-06
7.10649e-06
8.2618e-06
-2.10056e-05
-2.61791e-05
4.72997e-05
8.05387e-05
-7.65972e-05
-0.000213209
5.96481e-05
0.000487069
0.000129759
-0.0010608
-0.000837805
0.00424483
0.0148387
0.0257449
0.0274855
0.0144872
-0.0139896
-0.0425211
-0.0420645
0.0147524
0.145034
0.331042
0.519862
0.643463
0.656048
0.587347
0.455374
0.302574
0.168293
0.0741218
0.0220753
0.00208257
-4.97124e-05
-4.08929e-05
-1.8373e-05
-4.33378e-06
-7.46986e-08
1.19759e-07
6.64681e-08
1.67479e-08
7.37721e-10
-1.90663e-10
-1.08336e-10
-2.35921e-11
8.56443e-08
2.56189e-07
-9.37066e-07
-1.39099e-06
3.89957e-06
4.96922e-06
-1.11672e-05
-1.56517e-05
2.40814e-05
4.63358e-05
-3.001e-05
-0.000110889
-7.5958e-06
0.000185573
0.000105736
-0.000241873
5.24871e-05
0.0021722
0.00653448
0.0113398
0.0120864
0.00455399
-0.0132658
-0.032815
-0.0334324
0.00448322
0.0951472
0.226556
0.359978
0.445105
0.451254
0.399868
0.30517
0.198299
0.106756
0.0445526
0.0116979
0.000531847
-0.00013374
-7.86301e-05
-2.30543e-05
-2.02242e-06
5.71223e-07
3.2511e-07
9.60158e-08
1.07461e-08
-1.03471e-09
-5.69305e-10
-1.60932e-10
-1.13996e-11
1.6425e-08
7.18164e-08
-1.55892e-07
-4.33485e-07
6.33432e-07
1.80338e-06
-1.21078e-06
-5.42998e-06
-3.5354e-09
1.41205e-05
1.64237e-05
-1.78483e-05
-7.68287e-05
-6.94916e-05
0.00011714
0.000467525
0.000517108
-0.000160885
-0.00111594
-0.00101205
-0.000272365
-0.00188804
-0.00917309
-0.020219
-0.02396
-0.00675194
0.0409218
0.113114
0.186478
0.231084
0.231971
0.201039
0.148125
0.0913449
0.0452696
0.0161451
0.00254028
-0.000582692
-0.000325332
-9.44506e-05
-1.05882e-05
3.12191e-06
1.66818e-06
4.6231e-07
5.7156e-08
-6.11992e-09
-3.08067e-09
-9.05411e-10
-1.27827e-10
1.08996e-11
-4.25937e-08
-7.02316e-08
3.84275e-07
2.36357e-07
-1.57649e-06
-5.50785e-07
5.36563e-06
2.21494e-06
-1.52453e-05
-9.59337e-06
4.22432e-05
4.29261e-05
-0.000103306
-0.000207739
0.000133315
0.000779638
0.000570723
-0.00176573
-0.00559945
-0.00785729
-0.0067316
-0.00377118
-0.00354611
-0.00832802
-0.0145952
-0.0139697
-0.00148933
0.0214676
0.0448063
0.0564577
0.0542816
0.0416405
0.024349
0.00902143
-0.000477851
-0.00388692
-0.00299471
-0.00138096
-0.000382798
-3.68179e-05
1.39349e-05
7.78924e-06
2.24634e-06
2.5981e-07
-3.14325e-08
-1.56905e-08
-4.7e-09
-8.73718e-10
-1.12469e-11
1.38911e-11
-6.68289e-08
-1.53987e-07
5.69469e-07
5.84934e-07
-2.3033e-06
-1.85319e-06
7.25815e-06
6.31334e-06
-1.88729e-05
-2.03023e-05
4.14426e-05
6.38482e-05
-8.29515e-05
-0.000209698
0.00010152
0.000703339
0.000363642
-0.00216007
-0.00626701
-0.00872408
-0.00722761
-0.00248722
0.00130363
0.000283495
-0.00586871
-0.0146318
-0.0231748
-0.0310565
-0.0390938
-0.0466437
-0.0506163
-0.050176
-0.044736
-0.0348564
-0.0231789
-0.0124927
-0.00522748
-0.00148598
-0.000151218
4.33975e-05
2.63975e-05
9.2818e-06
1.57065e-06
-1.13536e-07
-6.90513e-08
-2.50438e-08
-5.32414e-09
-2.26572e-10
5.08324e-11
2.26034e-11
-5.25735e-08
-1.74558e-07
4.16667e-07
6.66651e-07
-1.75125e-06
-2.17269e-06
5.17236e-06
6.86293e-06
-1.17301e-05
-2.04087e-05
1.87486e-05
5.00639e-05
-2.16554e-05
-0.000114242
1.97347e-05
0.000319023
8.7497e-05
-0.00149069
-0.00395501
-0.00527736
-0.00398251
-0.000268641
0.00372592
0.00467824
0.000831086
-0.00924044
-0.0252704
-0.0450911
-0.0649248
-0.0789663
-0.0818776
-0.0756069
-0.0612917
-0.0429532
-0.0254099
-0.0122892
-0.00439524
-0.000863893
6.45721e-05
5.40176e-05
2.50727e-05
6.6843e-06
1.9467e-07
-1.80852e-07
-1.04808e-07
-3.03853e-08
-2.70374e-09
3.6029e-10
1.51947e-10
1.22317e-11
-7.08301e-09
-1.35175e-07
6.17537e-08
5.49856e-07
-3.37136e-07
-1.76002e-06
7.08648e-07
4.99074e-06
1.03406e-07
-1.26863e-05
-8.99819e-06
2.01133e-05
3.54924e-05
2.94573e-07
-5.23906e-05
-6.84172e-05
-0.000121343
-0.000313251
-0.000627693
-0.000768457
-0.00035332
0.00113503
0.00366805
0.00552092
0.0044732
-0.00188467
-0.0150699
-0.0332546
-0.0511027
-0.0624237
-0.0632348
-0.0561255
-0.0429456
-0.027923
-0.0150314
-0.00631655
-0.00168897
-2.2098e-05
5.52026e-05
3.49491e-05
1.21946e-05
1.57375e-06
-7.07824e-07
-3.93742e-07
-1.14549e-07
-1.30942e-08
2.35588e-09
9.82683e-10
1.57077e-10
-3.28564e-11
3.24274e-08
-6.89047e-08
-2.39584e-07
3.40747e-07
8.94221e-07
-1.02655e-06
-2.93025e-06
2.28567e-06
8.945e-06
-3.42812e-06
-2.57588e-05
-7.15373e-06
6.24152e-05
7.02995e-05
-7.96889e-05
-0.000276015
-0.000148722
0.000561985
0.00146704
0.00172652
0.0013398
0.00120784
0.00200039
0.00385827
0.00489708
0.00294011
-0.00308682
-0.0118925
-0.0199178
-0.0236277
-0.0224946
-0.017711
-0.0113523
-0.00558525
-0.0017093
0.000184303
0.000696981
0.000329063
8.50923e-05
8.30039e-06
-5.80156e-06
-3.71054e-06
-1.43767e-06
-3.22192e-07
-6.7844e-09
1.29626e-08
5.477e-09
9.15381e-10
-1.03257e-10
-6.25511e-11
4.64936e-08
-1.79524e-08
-3.60867e-07
1.73835e-07
1.40165e-06
-4.82149e-07
-4.25635e-06
3.21925e-07
1.14746e-05
2.72795e-06
-2.74818e-05
-1.98945e-05
5.43504e-05
8.22623e-05
-6.90217e-05
-0.000256763
-6.0747e-05
0.000731389
0.00163583
0.00174147
0.0010824
0.000124699
0.000130675
0.00125522
0.0027283
0.0034559
0.00332934
0.00352158
0.0052387
0.00808445
0.0107737
0.0122391
0.0117483
0.00957043
0.00653888
0.00365364
0.00153207
0.000430152
3.46557e-05
-2.67486e-05
-1.73193e-05
-6.37683e-06
-1.1184e-06
1.21304e-07
8.02677e-08
2.75819e-08
3.97564e-09
-4.47551e-10
-2.39837e-10
-6.44567e-11
3.73828e-08
-4.13237e-09
-3.01635e-07
1.00649e-07
1.16532e-06
-2.63258e-07
-3.44165e-06
-3.20378e-07
8.75195e-06
4.07817e-06
-1.80993e-05
-1.8073e-05
2.56301e-05
4.80739e-05
-2.00587e-05
-8.76088e-05
2.72867e-05
0.000327563
0.000501898
0.000304139
-0.000264702
-0.0007311
-0.000777373
-0.000616345
-0.000254422
0.000839683
0.00358177
0.00860073
0.0151553
0.0209498
0.0236713
0.0227869
0.0188681
0.0133178
0.00786193
0.00371081
0.00126272
0.000204046
-5.50263e-05
-3.99504e-05
-1.72101e-05
-3.89934e-06
9.98402e-08
1.37393e-07
7.20008e-08
1.79022e-08
-2.28886e-10
-4.45107e-10
-1.81617e-10
-1.63349e-11
1.66377e-08
-1.66485e-08
-1.39704e-07
1.04069e-07
5.09818e-07
-2.95605e-07
-1.52954e-06
1.62888e-07
3.68998e-06
1.82108e-06
-6.16795e-06
-7.72715e-06
-6.43649e-07
8.30872e-06
2.35386e-05
5.61378e-05
3.8394e-05
-0.000187384
-0.000614598
-0.00101515
-0.00101043
-0.00073858
-0.000659945
-0.00123351
-0.0021101
-0.00191292
0.000759871
0.00623252
0.0129121
0.0181466
0.0195186
0.0177301
0.0136515
0.00877399
0.00454278
0.00175544
0.00036022
-9.17062e-05
-6.44828e-05
-2.69333e-05
-5.95346e-06
8.59666e-07
4.89258e-07
1.35654e-07
1.7368e-08
-6.43222e-09
-2.81925e-09
-5.27829e-10
-2.55099e-11
2.89583e-11
-5.28132e-10
-2.73284e-08
-1.05717e-09
1.13281e-07
-1.88352e-08
-3.6719e-07
-6.79453e-10
8.54009e-07
3.9026e-09
-1.11231e-06
8.30153e-07
9.88026e-07
-9.05919e-06
-1.06103e-05
3.25316e-05
9.13009e-05
-3.61035e-06
-0.000388177
-0.000938189
-0.00118918
-0.000900443
-0.000234303
-9.81972e-05
-0.000905853
-0.00223128
-0.0026685
-0.00137139
0.00154974
0.00503092
0.00718613
0.0071919
0.00585955
0.00372548
0.00169272
0.000350775
-0.000236447
-0.000323095
-0.00016936
-5.02626e-05
-3.67018e-06
5.65548e-06
3.10546e-06
8.33015e-07
4.41358e-08
-3.14138e-08
-1.70945e-08
-4.21732e-09
-1.33919e-10
6.27594e-11
3.54655e-11
-7.38035e-09
-2.23388e-08
5.25104e-08
9.17775e-08
-2.00454e-07
-3.2509e-07
5.53208e-07
1.00515e-06
-1.14812e-06
-2.35677e-06
1.67255e-06
4.63975e-06
-3.68561e-06
-9.6995e-06
1.52621e-05
4.07888e-05
-2.56131e-05
-0.000278165
-0.000544363
-0.000540529
-0.000202942
0.000224084
0.00026256
-0.000215825
-0.000985259
-0.00147153
-0.00146767
-0.00123973
-0.00126287
-0.0018754
-0.00256813
-0.00304945
-0.00308023
-0.00261247
-0.0018162
-0.00104249
-0.000440044
-0.000120009
-5.72385e-06
1.38782e-05
8.95292e-06
3.16438e-06
3.99683e-07
-9.47658e-08
-5.61886e-08
-1.72514e-08
-1.58743e-09
2.05732e-10
1.03722e-10
2.16494e-11
-5.58854e-09
-9.57914e-09
3.87113e-08
4.07365e-08
-1.29309e-07
-1.56522e-07
3.76875e-07
6.1058e-07
-6.76311e-07
-1.76461e-06
1.49722e-07
3.3727e-06
2.99605e-06
1.56563e-07
-6.17256e-06
-1.49727e-05
-2.91407e-05
-3.14877e-05
3.36452e-05
0.000157525
0.000255875
0.000269619
0.000231038
0.000232562
0.000323871
0.00025442
-0.000306271
-0.00158547
-0.00338803
-0.00493466
-0.00565255
-0.00544512
-0.00445143
-0.00306321
-0.00175697
-0.000767441
-0.000223691
-1.26551e-05
2.52926e-05
1.68426e-05
6.39107e-06
1.11805e-06
-2.54725e-07
-1.6565e-07
-5.90037e-08
-7.97377e-09
1.1168e-09
4.90858e-10
8.90027e-11
-5.9375e-12
-7.15299e-10
2.2721e-09
6.0515e-09
-9.74899e-09
-1.51252e-08
3.66943e-08
5.27101e-08
-4.60181e-08
-8.69963e-09
-1.20642e-07
-6.08947e-07
1.22062e-07
3.91964e-06
4.44922e-06
-9.36623e-06
-3.24849e-05
-1.34057e-05
0.000106325
0.000277918
0.000367774
0.000272273
4.92248e-05
-1.05871e-05
0.000278449
0.000787988
0.00101477
0.00054029
-0.000705274
-0.00224931
-0.00344777
-0.00365357
-0.00319137
-0.00228492
-0.00130312
-0.000542862
-0.000114496
4.41993e-05
4.60577e-05
2.73008e-05
9.92115e-06
1.59545e-06
-7.00614e-07
-4.32628e-07
-1.57132e-07
-2.67134e-08
4.53356e-09
2.31297e-09
4.83111e-10
-1.82312e-11
-1.67425e-11
1.35955e-09
7.69087e-09
-9.06152e-09
-3.67825e-08
3.51943e-08
1.32187e-07
-9.25565e-08
-4.0583e-07
1.68237e-07
9.19164e-07
-8.40252e-08
-1.72221e-06
2.60346e-07
3.41299e-06
-2.88481e-06
-1.43464e-05
3.08926e-06
8.22596e-05
0.000182913
0.0001858
5.98091e-05
-0.000118218
-0.000139173
8.86012e-05
0.000473351
0.000683553
0.000538277
0.000141463
-0.000244723
-0.00036083
-0.000239702
4.10223e-05
0.000306685
0.000431653
0.000390647
0.00026478
0.000136201
5.15407e-05
1.07434e-05
-6.98881e-07
-2.01504e-06
-1.08353e-06
-3.08839e-07
-3.49345e-08
1.86154e-08
9.08781e-09
1.9044e-09
-7.2026e-11
-6.0273e-11
-1.94746e-11
8.2738e-10
6.67255e-09
-5.37462e-09
-3.06129e-08
1.79665e-08
1.07017e-07
-4.83698e-08
-3.31493e-07
-1.12087e-08
8.20243e-07
5.62968e-07
-1.38123e-06
-2.18239e-06
-1.90153e-07
3.01894e-06
6.27358e-06
7.40206e-06
6.02309e-06
-9.54164e-06
-4.15183e-05
-7.922e-05
-0.000103919
-9.06752e-05
-6.56712e-05
-5.96923e-05
-3.87156e-05
8.35361e-05
0.000376546
0.000838922
0.00129234
0.0015369
0.00151839
0.00129278
0.000922039
0.000540627
0.000253687
8.52415e-05
1.32789e-05
-7.91491e-06
-5.84145e-06
-2.51092e-06
-5.62332e-07
4.1415e-08
5.83736e-08
2.74167e-08
5.89184e-09
-4.29942e-10
-2.9189e-10
-8.51632e-11
-4.81971e-12
-2.55806e-10
9.96749e-10
3.01536e-09
-4.43212e-09
-1.17718e-08
1.01165e-08
3.36915e-08
-1.87191e-08
-1.34026e-07
2.84195e-08
4.96645e-07
1.92412e-07
-1.57775e-06
-2.21481e-06
2.82871e-06
1.02417e-05
4.80292e-06
-3.0039e-05
-7.6962e-05
-9.84338e-05
-6.59799e-05
1.00417e-05
2.70406e-05
-8.1565e-05
-0.00027212
-0.000358419
-0.000206325
0.0002151
0.000753119
0.00117849
0.00127822
0.00112498
0.000812164
0.000469567
0.000202935
5.13986e-05
-8.01327e-06
-1.83802e-05
-1.16302e-05
-4.87317e-06
-1.05215e-06
2.2766e-07
1.71742e-07
7.02688e-08
1.35968e-08
-1.99562e-09
-1.17621e-09
-3.17703e-10
-1.59506e-11
8.76508e-12
-4.87926e-10
-2.98848e-09
4.29778e-09
1.35836e-08
-1.67837e-08
-5.20366e-08
4.61591e-08
1.66348e-07
-7.69121e-08
-4.482e-07
-1.97426e-08
9.54783e-07
3.59613e-07
-1.51073e-06
-8.54201e-07
2.97995e-06
9.23594e-07
-1.48153e-05
-3.51058e-05
-3.39532e-05
1.10729e-05
6.93623e-05
7.10325e-05
-1.39674e-05
-0.000146537
-0.000217159
-0.000162898
-1.58639e-05
0.00012865
0.000178762
0.000142843
4.30673e-05
-6.06974e-05
-0.000117297
-0.000116272
-8.25175e-05
-4.5977e-05
-1.90516e-05
-4.59188e-06
2.03511e-08
8.01324e-07
4.3197e-07
1.28805e-07
1.9454e-08
-6.74861e-09
-3.54569e-09
-7.89458e-10
4.47676e-11
3.50727e-11
1.0857e-11
-6.92594e-11
-2.62547e-09
4.42985e-11
1.23045e-08
-6.28241e-10
-4.16331e-08
-2.63902e-10
1.23223e-07
4.30426e-08
-2.95026e-07
-2.96661e-07
4.6147e-07
1.11832e-06
1.55784e-07
-2.10252e-06
-3.24825e-06
-3.7987e-07
6.92134e-06
1.55896e-05
2.50166e-05
3.23511e-05
3.19078e-05
2.83605e-05
3.19956e-05
4.51275e-05
4.70785e-05
5.82274e-06
-0.000102369
-0.000267398
-0.000420618
-0.000502519
-0.000493003
-0.000414598
-0.000291713
-0.000168808
-7.83736e-05
-2.47126e-05
-2.91734e-06
3.26639e-06
2.39608e-06
1.00887e-06
2.25167e-07
-2.06364e-08
-2.47379e-08
-1.15337e-08
-2.48937e-09
2.05553e-10
1.44375e-10
4.27723e-11
2.61346e-12
3.29196e-10
1.26996e-10
-3.05754e-09
2.43259e-10
1.2261e-08
1.43836e-09
-3.44313e-08
-1.63837e-08
9.05016e-08
8.25116e-08
-2.08075e-07
-2.74151e-07
3.77314e-07
9.26168e-07
-4.35476e-07
-2.70417e-06
-9.608e-07
8.44064e-06
2.15929e-05
2.20912e-05
1.89359e-06
-2.48218e-05
-2.43655e-05
2.19585e-05
9.42119e-05
0.000126784
7.55482e-05
-6.49118e-05
-0.000238213
-0.000368481
-0.000384228
-0.000331358
-0.000230869
-0.000126688
-4.91903e-05
-7.132e-06
7.68793e-06
7.06405e-06
3.92775e-06
1.46243e-06
2.92197e-07
-9.45716e-08
-6.43065e-08
-2.51685e-08
-4.69656e-09
8.31253e-10
4.54436e-10
1.09865e-10
4.61897e-13
-3.56513e-12
2.21872e-10
1.29275e-09
-1.95138e-09
-5.76543e-09
7.6808e-09
2.04993e-08
-2.13223e-08
-6.84633e-08
3.17977e-08
1.9173e-07
4.59399e-08
-4.24742e-07
-3.96064e-07
5.00485e-07
1.18174e-06
2.57789e-07
-1.43094e-06
-8.36381e-07
3.06662e-08
-3.88741e-06
-1.63723e-05
-2.98979e-05
-2.87167e-05
-5.59243e-06
2.7299e-05
4.47438e-05
3.494e-05
8.95486e-06
-1.3365e-05
-5.58553e-06
1.6967e-05
4.54601e-05
6.3818e-05
6.43013e-05
5.01149e-05
3.15586e-05
1.49024e-05
4.98314e-06
7.59511e-07
-4.35834e-07
-3.3773e-07
-1.4982e-07
-3.56442e-08
-9.48784e-10
3.00729e-09
1.36606e-09
2.60056e-10
-2.8207e-11
-1.5864e-11
-4.15862e-12
-8.01291e-11
5.43985e-10
8.04496e-10
-2.86321e-09
-3.6111e-09
9.4639e-09
1.13043e-08
-2.65304e-08
-3.87833e-08
6.05101e-08
1.28119e-07
-7.42685e-08
-3.90167e-07
-1.51761e-07
8.20144e-07
1.20393e-06
-5.14155e-07
-4.95951e-06
-9.31079e-06
-1.02819e-05
-6.9244e-06
-1.65285e-06
-2.06485e-06
-1.34738e-05
-3.04184e-05
-3.68206e-05
-1.6382e-05
3.5205e-05
0.000105507
0.000162335
0.000186508
0.000176344
0.0001399
9.2551e-05
5.0463e-05
2.04888e-05
4.66168e-06
-9.1956e-07
-1.33891e-06
-8.14082e-07
-3.17721e-07
-5.72155e-08
1.63713e-08
1.10749e-08
3.82106e-09
5.97918e-10
-1.25747e-10
-6.41784e-11
-1.58269e-11
-2.65012e-13
-1.84347e-10
-3.83272e-10
1.78416e-09
1.21824e-09
-6.66125e-09
-4.50782e-09
1.96401e-08
1.86268e-08
-4.04388e-08
-6.75381e-08
4.53783e-08
1.90316e-07
4.16466e-08
-3.62688e-07
-3.40999e-07
3.67886e-07
5.33825e-07
-7.59964e-07
-2.51762e-06
-9.07501e-07
6.4189e-06
1.47749e-05
1.34631e-05
-2.73397e-06
-2.67562e-05
-3.70166e-05
-2.21029e-05
1.70884e-05
6.08402e-05
8.81591e-05
8.67396e-05
6.90046e-05
4.22858e-05
1.77228e-05
2.08502e-06
-4.22625e-06
-4.40304e-06
-2.58427e-06
-9.72482e-07
-1.98855e-07
3.32351e-08
4.6726e-08
2.326e-08
6.38707e-09
7.33613e-10
-3.67649e-10
-1.6963e-10
-3.32972e-11
3.56628e-12
2.14417e-12
-5.90551e-11
-2.76206e-10
3.58608e-10
1.54511e-09
-1.01285e-09
-5.80654e-09
2.05321e-09
2.0967e-08
1.59391e-09
-6.1948e-08
-3.92858e-08
1.35779e-07
2.01322e-07
-1.3271e-07
-5.8639e-07
-4.19981e-07
8.23937e-07
2.48933e-06
3.79423e-06
4.96258e-06
6.51372e-06
7.49583e-06
7.38898e-06
5.71495e-06
3.43452e-06
1.15146e-06
-1.52828e-06
-8.46037e-06
-2.04973e-05
-3.57154e-05
-4.57767e-05
-4.86528e-05
-4.37109e-05
-3.37627e-05
-2.15607e-05
-1.10706e-05
-4.34415e-06
-9.0881e-07
1.43924e-07
2.35306e-07
1.43817e-07
5.15357e-08
8.09149e-09
-2.81506e-09
-1.72428e-09
-4.91747e-10
-5.55445e-11
1.67217e-11
7.91079e-12
1.697e-12
1.01671e-10
6.59546e-11
-9.14291e-10
1.06211e-10
3.3218e-09
-7.70976e-10
-9.54166e-09
-3.54845e-10
2.16146e-08
1.04014e-08
-4.13778e-08
-4.40054e-08
5.87964e-08
1.15632e-07
-5.52357e-08
-2.39027e-07
8.25338e-08
1.1727e-06
2.28415e-06
1.83478e-06
-1.14448e-06
-4.35611e-06
-3.52488e-06
3.52044e-06
1.2942e-05
1.64137e-05
8.03112e-06
-1.19872e-05
-3.69945e-05
-5.479e-05
-5.8823e-05
-5.2342e-05
-3.90416e-05
-2.31856e-05
-1.05846e-05
-3.07495e-06
4.57489e-08
7.35013e-07
4.87268e-07
1.99661e-07
4.5193e-08
-2.12358e-09
-6.90923e-09
-3.65498e-09
-1.0642e-09
-1.0987e-10
4.25637e-11
1.87486e-11
3.56581e-12
-5.13085e-13
8.36377e-11
7.74254e-11
-5.53741e-10
-4.15146e-10
1.83725e-09
2.09644e-09
-4.88292e-09
-9.66776e-09
8.92032e-09
3.34838e-08
-9.22409e-10
-8.51711e-08
-7.11075e-08
1.22637e-07
2.86182e-07
9.5778e-08
-4.36845e-07
-9.44355e-07
-1.31689e-06
-2.09953e-06
-3.79724e-06
-5.34927e-06
-4.91031e-06
-1.62693e-06
3.0464e-06
5.31781e-06
3.62366e-06
-1.24107e-06
-5.38046e-06
-5.63784e-06
-2.9985e-06
1.11263e-06
4.60159e-06
6.0829e-06
5.41633e-06
3.67802e-06
1.90602e-06
7.29705e-07
1.53702e-07
-2.22433e-08
-3.96551e-08
-2.326e-08
-7.42978e-09
-9.0851e-10
4.65048e-10
2.48437e-10
5.90489e-11
4.49392e-12
-1.64148e-12
-8.18248e-13
-3.61633e-11
5.74444e-12
3.29569e-10
-2.51242e-10
-1.09334e-09
1.23315e-09
2.9315e-09
-3.1541e-09
-6.92613e-09
5.94002e-09
1.77608e-08
-7.90096e-09
-4.85255e-08
-6.65146e-09
1.20512e-07
1.20839e-07
-2.22566e-07
-9.24041e-07
-1.50709e-06
-1.45333e-06
-5.57527e-07
3.20742e-07
-4.88637e-08
-2.13347e-06
-4.76768e-06
-5.2283e-06
-2.05755e-06
5.23044e-06
1.46812e-05
2.20815e-05
2.50297e-05
2.34994e-05
1.8601e-05
1.23264e-05
6.69435e-06
2.83684e-06
7.01109e-07
-5.43475e-08
-1.60025e-07
-1.00145e-07
-3.80875e-08
-7.22858e-09
1.40909e-09
1.11182e-09
4.80352e-10
1.27275e-10
6.00204e-12
-4.33414e-12
-1.69755e-12
-1.71535e-13
-5.52451e-11
9.48411e-12
3.31329e-10
2.78913e-11
-1.1872e-09
-5.74193e-10
3.43235e-09
3.57364e-09
-7.66912e-09
-1.35354e-08
8.44308e-09
3.75372e-08
1.675e-08
-6.23984e-08
-9.99789e-08
-1.17905e-08
1.48348e-07
2.12498e-07
2.9697e-07
7.34903e-07
1.72019e-06
2.58222e-06
2.22659e-06
1.1927e-07
-2.70296e-06
-3.86518e-06
-2.01755e-06
2.45304e-06
7.08681e-06
9.92846e-06
9.63779e-06
7.41963e-06
4.28594e-06
1.55557e-06
-7.65327e-08
-6.56824e-07
-5.72374e-07
-3.21965e-07
-1.15946e-07
-2.25426e-08
5.77733e-09
6.68986e-09
3.44409e-09
9.26879e-10
-1.15007e-11
-6.71282e-11
-3.06386e-11
-6.4672e-12
2.06168e-13
2.57739e-13
5.91398e-12
-2.1545e-11
-5.8804e-11
1.57352e-10
1.38615e-10
-6.51924e-10
-2.02615e-10
2.05043e-09
9.15663e-10
-6.3774e-09
-5.07348e-09
1.56644e-08
2.42028e-08
-1.90648e-08
-8.24507e-08
-5.33133e-08
1.53991e-07
5.12477e-07
7.81308e-07
8.41448e-07
7.16888e-07
5.88769e-07
6.66084e-07
1.00418e-06
1.32772e-06
1.21528e-06
3.08665e-07
-1.69394e-06
-4.3152e-06
-6.67676e-06
-7.92229e-06
-7.86075e-06
-6.70945e-06
-4.84299e-06
-2.91143e-06
-1.39622e-06
-4.99459e-07
-8.13754e-08
4.00196e-08
3.38748e-08
1.77238e-08
5.42195e-09
5.1103e-10
-4.05461e-10
-2.05681e-10
-4.86518e-11
-3.78908e-12
2.12382e-12
8.7067e-13
1.40164e-13
2.23537e-11
-1.07476e-11
-1.49428e-10
3.51959e-11
5.69241e-10
8.27075e-11
-1.70328e-09
-9.81218e-10
3.81106e-09
4.52083e-09
-5.19619e-09
-1.36324e-08
-1.65423e-09
2.47145e-08
2.61187e-08
-8.59925e-09
-1.97204e-08
3.48713e-08
1.67136e-08
-1.96002e-07
-6.47228e-07
-1.02361e-06
-8.02007e-07
1.88519e-07
1.44483e-06
1.83529e-06
7.80995e-07
-1.57322e-06
-4.27497e-06
-6.10399e-06
-6.20356e-06
-5.27644e-06
-3.66102e-06
-2.01582e-06
-8.0104e-07
-1.29096e-07
1.09296e-07
1.03402e-07
5.64562e-08
1.89989e-08
2.46507e-09
-1.91315e-09
-1.17307e-09
-3.97079e-10
-7.71608e-11
1.26519e-11
8.79506e-12
2.76163e-12
4.38125e-13
-1.02783e-13
2.98794e-12
1.57432e-11
-1.98026e-11
-7.47967e-11
1.01217e-10
2.59269e-10
-3.54246e-10
-1.05168e-09
7.65618e-10
3.73274e-09
2.78077e-10
-1.02134e-08
-9.78811e-09
1.45472e-08
4.17106e-08
2.38297e-08
-7.83123e-08
-2.356e-07
-3.53239e-07
-4.13172e-07
-4.6175e-07
-4.68959e-07
-4.6911e-07
-3.95242e-07
-2.54618e-07
-1.20382e-07
7.32552e-08
3.95822e-07
8.45858e-07
1.51637e-06
1.93496e-06
2.0911e-06
1.92203e-06
1.52078e-06
1.01511e-06
5.50345e-07
2.27807e-07
5.63825e-08
-1.60946e-09
-1.03432e-08
-6.45813e-09
-2.29754e-09
-4.57317e-10
7.76713e-11
6.41866e-11
2.49774e-11
4.98216e-12
-6.32283e-13
-4.08472e-13
-1.25847e-13
-8.2767e-12
3.56851e-12
5.51307e-11
-2.12142e-11
-2.1927e-10
2.58527e-11
6.79874e-10
2.58746e-10
-1.54657e-09
-1.39454e-09
2.27979e-09
4.0907e-09
-1.13714e-09
-7.5821e-09
-2.87799e-09
6.15543e-09
-1.52657e-08
-5.2778e-08
-6.27407e-08
2.24701e-08
2.05968e-07
3.36846e-07
2.41078e-07
-1.51823e-07
-6.30183e-07
-7.37275e-07
-2.67962e-07
7.35838e-07
1.93521e-06
2.74843e-06
2.87028e-06
2.54957e-06
1.91442e-06
1.17547e-06
5.59526e-07
1.80908e-07
1.37868e-08
-3.11505e-08
-2.13664e-08
-9.25692e-09
-2.28177e-09
1.37117e-10
3.48515e-10
1.73333e-10
4.73228e-11
1.60209e-12
-2.73827e-12
-1.21583e-12
-2.93603e-13
4.84156e-15
-3.41929e-12
-5.95711e-12
2.39641e-11
2.60714e-11
-9.59299e-11
-9.69656e-11
3.02847e-10
4.09334e-10
-7.10725e-10
-1.70477e-09
6.33964e-10
4.91699e-09
3.56245e-09
-7.56297e-09
-1.82408e-08
-9.4786e-09
3.2999e-08
9.27343e-08
1.43303e-07
1.84772e-07
2.27335e-07
2.5728e-07
2.36493e-07
1.3855e-07
1.28316e-08
-7.06172e-08
-8.38922e-08
-3.03034e-08
-2.06073e-08
-1.44508e-07
-2.7017e-07
-3.86987e-07
-4.42663e-07
-4.05537e-07
-3.00447e-07
-1.84653e-07
-8.60756e-08
-2.76654e-08
-4.0674e-09
2.28475e-09
1.90027e-09
9.06621e-10
2.1643e-10
-1.23588e-11
-2.26201e-11
-1.04432e-11
-2.23786e-12
1.22545e-13
1.25997e-13
5.42887e-14
2.78348e-12
-5.79211e-13
-1.77106e-11
7.81922e-12
7.50118e-11
-1.43439e-11
-2.44764e-10
-5.78659e-11
5.53884e-10
4.24601e-10
-8.91667e-10
-1.12019e-09
9.77856e-10
1.93709e-09
-2.12551e-09
-2.25157e-09
1.31319e-08
3.48468e-08
4.22023e-08
9.5368e-09
-5.85357e-08
-1.03488e-07
-6.45432e-08
8.28044e-08
2.46793e-07
2.6692e-07
8.19098e-08
-3.06033e-07
-7.74023e-07
-1.08943e-06
-1.17641e-06
-1.06035e-06
-8.09311e-07
-5.17743e-07
-2.72116e-07
-1.03777e-07
-2.06936e-08
8.0828e-09
6.86996e-09
3.60698e-09
1.16448e-09
1.24693e-10
-9.81516e-11
-5.48078e-11
-1.55226e-11
-1.63528e-12
7.81274e-13
3.35587e-13
6.64599e-14
-2.80503e-15
1.99043e-12
9.69343e-13
-1.48705e-11
-6.3402e-12
5.30268e-11
2.84426e-11
-1.52315e-10
-1.45644e-10
3.77938e-10
6.6435e-10
-4.26366e-10
-2.02891e-09
-1.23357e-09
3.20812e-09
7.3627e-09
3.72814e-09
-1.24009e-08
-3.43745e-08
-5.43467e-08
-7.41162e-08
-9.6075e-08
-1.11433e-07
-9.67128e-08
-4.56436e-08
1.89196e-08
5.65914e-08
4.03214e-08
-2.51766e-08
-7.41859e-08
-7.60054e-08
-4.0204e-08
1.66765e-08
6.66201e-08
8.92258e-08
8.15647e-08
5.59225e-08
2.96961e-08
1.09062e-08
2.39419e-09
-3.23992e-10
-5.80388e-10
-3.15134e-10
-9.13989e-11
-1.17778e-11
5.37082e-12
3.1358e-12
8.63635e-13
9.98008e-14
-2.79437e-14
-1.43104e-14
-9.38738e-13
4.59961e-13
6.87883e-12
-2.49871e-12
-2.67679e-11
7.6158e-12
8.08223e-11
1.04127e-11
-1.95722e-10
-1.13343e-10
3.3598e-10
3.09054e-10
-5.34439e-10
-3.34667e-10
1.43849e-09
5.59041e-10
-6.40483e-09
-1.61957e-08
-2.01963e-08
-9.06595e-09
1.44168e-08
3.04062e-08
1.54987e-08
-3.60143e-08
-8.91418e-08
-9.2778e-08
-2.39305e-08
1.17543e-07
2.84995e-07
4.02284e-07
4.38631e-07
3.99656e-07
3.10106e-07
2.02669e-07
1.08724e-07
4.60513e-08
1.12541e-08
-8.27012e-10
-2.33292e-09
-1.4299e-09
-5.31147e-10
-1.0135e-10
2.38297e-11
1.67693e-11
5.97168e-12
1.12139e-12
-2.0374e-13
-1.25747e-13
-3.42819e-14
-5.46436e-15
-8.86752e-13
-1.11524e-13
6.35726e-12
5.42869e-13
-2.31782e-11
-7.85566e-12
6.52184e-11
4.8921e-11
-1.57906e-10
-2.34696e-10
1.97946e-10
7.61001e-10
4.29236e-10
-1.22442e-09
-2.75283e-09
-1.28552e-09
4.40862e-09
1.2104e-08
1.93491e-08
2.73474e-08
3.69022e-08
4.2552e-08
3.60006e-08
1.4788e-08
-1.19507e-08
-2.58344e-08
-1.45842e-08
1.80122e-08
4.58788e-08
5.50002e-08
4.48753e-08
2.23597e-08
-1.21202e-09
-1.64596e-08
-2.06617e-08
-1.64259e-08
-9.88848e-09
-4.22884e-09
-1.11534e-09
-3.28499e-11
1.67736e-10
1.04478e-10
3.74724e-11
8.03884e-12
-8.59335e-13
-8.14842e-13
-3.14156e-13
-6.4947e-14
1.76225e-16
2.45021e-15
3.39881e-13
-2.35189e-13
-2.53394e-12
1.1421e-12
9.24724e-12
-2.83156e-12
-2.45084e-11
-1.95218e-12
5.90292e-11
3.22058e-11
-1.02753e-10
-8.89323e-11
1.71845e-10
3.10907e-11
-5.40615e-10
-8.9041e-11
2.49775e-09
6.09879e-09
7.86416e-09
4.3933e-09
-3.48188e-09
-8.66388e-09
-3.38621e-09
1.36836e-08
3.0535e-08
3.0822e-08
6.48258e-09
-4.17148e-08
-9.81504e-08
-1.38008e-07
-1.50521e-07
-1.37738e-07
-1.07799e-07
-7.149e-08
-3.92051e-08
-1.70705e-08
-4.52096e-09
8.91568e-12
8.04165e-10
5.16473e-10
2.04546e-10
4.86444e-11
-2.95607e-12
-5.74948e-12
-2.74431e-12
-7.195e-13
7.11046e-16
2.94296e-14
1.1641e-14
3.55519e-15
3.15547e-13
5.3935e-14
-2.1287e-12
-2.93182e-13
7.6592e-12
3.17948e-12
-2.36377e-11
-1.89299e-11
5.572e-11
8.2725e-11
-6.99654e-11
-2.62372e-10
-1.32321e-10
4.39437e-10
9.47261e-10
4.27936e-10
-1.49459e-09
-4.02691e-09
-6.53834e-09
-9.44484e-09
-1.27403e-08
-1.45279e-08
-1.23163e-08
-5.00991e-09
4.25462e-09
9.0033e-09
5.00474e-09
-6.44904e-09
-1.68605e-08
-2.10965e-08
-1.83733e-08
-1.08572e-08
-2.63921e-09
3.21195e-09
5.52563e-09
4.82001e-09
3.10217e-09
1.39082e-09
3.90038e-10
3.2031e-11
-4.69685e-11
-3.38958e-11
-1.42607e-11
-3.4347e-12
1.15561e-13
3.05567e-13
1.24858e-13
2.49213e-14
9.54962e-16
4.49176e-16
-1.0785e-13
4.75488e-14
8.83975e-13
-3.82114e-13
-2.98499e-12
7.6617e-13
7.55059e-12
2.77746e-13
-1.90478e-11
-8.98477e-12
3.55923e-11
3.15239e-11
-5.07088e-11
-9.46561e-12
1.5242e-10
1.56561e-12
-8.01149e-10
-1.95851e-09
-2.50044e-09
-1.31113e-09
1.24065e-09
2.83944e-09
1.15536e-09
-4.12931e-09
-9.34145e-09
-9.41022e-09
-1.77646e-09
1.32417e-08
3.08495e-08
4.33044e-08
4.72085e-08
4.31911e-08
3.3841e-08
2.24827e-08
1.23729e-08
5.39716e-09
1.43456e-09
-1.91026e-13
-2.46961e-10
-1.59136e-10
-6.23666e-11
-1.40301e-11
1.66605e-12
1.91953e-12
8.82093e-13
2.27959e-13
9.40929e-15
-6.64554e-15
-2.12401e-15
-5.50477e-16
-1.0279e-13
4.80201e-14
5.70447e-13
-3.18812e-15
-2.21185e-12
-1.2287e-12
6.69602e-12
5.98166e-12
-1.57269e-11
-2.35083e-11
1.95156e-11
7.22298e-11
4.21501e-11
-1.3289e-10
-2.85811e-10
-1.38249e-10
4.39256e-10
1.24379e-09
2.0481e-09
2.87773e-09
3.73612e-09
4.1566e-09
3.53199e-09
1.51791e-09
-1.0905e-09
-2.35159e-09
-1.32185e-09
1.67349e-09
4.2897e-09
5.24216e-09
4.42705e-09
2.41628e-09
2.47492e-10
-1.21814e-09
-1.71619e-09
-1.39916e-09
-8.6427e-10
-3.66075e-10
-9.0242e-11
2.25257e-12
1.67031e-11
1.00272e-11
3.52701e-12
7.47519e-13
-9.57389e-14
-8.53788e-14
-3.27481e-14
-6.82745e-15
-9.24796e-16
-3.18284e-16
5.78224e-14
-3.5661e-14
-2.74151e-13
1.72745e-13
7.31802e-13
-1.56516e-13
-1.94598e-12
5.05842e-14
6.23364e-12
2.94905e-12
-1.12458e-11
-8.76225e-12
1.08222e-11
5.90366e-12
-3.24182e-11
4.50519e-12
2.12934e-10
4.79807e-10
5.62071e-10
2.13132e-10
-4.71771e-10
-8.8572e-10
-4.75961e-10
9.38698e-10
2.40735e-09
2.45248e-09
4.47e-10
-3.52273e-09
-8.05733e-09
-1.12038e-08
-1.21318e-08
-1.10508e-08
-8.62114e-09
-5.69438e-09
-3.09577e-09
-1.33346e-09
-3.29363e-10
2.18417e-11
5.74931e-11
3.49774e-11
1.23216e-11
1.83349e-12
-8.85707e-13
-5.42024e-13
-1.68196e-13
-2.84245e-14
2.71514e-15
1.09911e-15
2.16943e-16
3.03682e-17
1.13379e-14
1.09857e-14
-9.4079e-14
-1.06638e-13
4.27949e-13
3.87078e-13
-1.22721e-12
-1.16489e-12
2.81391e-12
4.52905e-12
-3.16709e-12
-1.47472e-11
-9.77297e-12
2.72777e-11
6.28782e-11
2.85845e-11
-9.78501e-11
-2.74837e-10
-4.43156e-10
-5.96078e-10
-7.49087e-10
-8.42944e-10
-7.18018e-10
-3.58302e-10
9.89415e-11
3.43739e-10
2.21956e-10
-1.6205e-10
-5.22126e-10
-6.21983e-10
-4.55204e-10
-9.76653e-11
2.60755e-10
4.64967e-10
4.67134e-10
3.3903e-10
1.7823e-10
6.42087e-11
1.19944e-11
-4.09672e-12
-4.24871e-12
-2.15171e-12
-5.49688e-13
-3.12737e-14
4.10593e-14
1.9378e-14
4.05443e-15
7.53253e-16
2.10841e-16
8.00192e-17
-6.13871e-16
1.78931e-14
1.94747e-14
-2.03048e-14
-9.67252e-14
-2.40239e-14
2.33675e-13
2.12472e-14
-9.03777e-13
-6.00783e-13
1.44435e-12
1.60957e-12
-7.54716e-13
-1.77351e-12
1.80223e-12
-1.42222e-12
-2.83024e-11
-5.90827e-11
-5.70124e-11
-5.01749e-12
8.74739e-11
1.49858e-10
8.44304e-11
-1.26684e-10
-3.48566e-10
-3.55627e-10
-5.89447e-11
4.95312e-10
1.12762e-09
1.56648e-09
1.68156e-09
1.52313e-09
1.17686e-09
7.62625e-10
4.02388e-10
1.63257e-10
3.87232e-11
-6.36159e-12
-6.69738e-12
-3.40188e-12
-8.46033e-13
1.02887e-13
1.49036e-13
7.37085e-14
1.74034e-14
8.30492e-16
7.56983e-17
9.3391e-17
4.6623e-17
2.30711e-17
)
;

boundaryField
{
    movingWall
    {
        type            zeroGradient;
    }
    fixedWalls
    {
        type            zeroGradient;
    }
    frontAndBack
    {
        type            empty;
    }
}

