/*--------------------------------*- C++ -*----------------------------------*\
| =========                 |                                                 |
| \\      /  F ield         | OpenFOAM: The Open Source CFD Toolbox           |
|  \\    /   O peration     | Version:  v2006                                 |
|   \\  /    A nd           | Website:  www.openfoam.com                      |
|    \\/     M anipulation  |                                                 |
\*---------------------------------------------------------------------------*/
FoamFile
{
    version     2.0;
    format      ascii;
    class       volScalarField;
    location    "0";
    object      f;
}
// * * * * * * * * * * * * * * * * * * * * * * * * * * * * * * * * * * * * * //

dimensions      [0 0 0 0 0 0 0];


internalField   nonuniform List<scalar> 
2500
(
-2.58746e-18
-2.58749e-18
-2.58977e-18
-2.58898e-18
-2.59561e-18
-2.62686e-18
-2.74336e-18
-3.03762e-18
-3.33184e-18
-2.96447e-18
-1.50854e-18
4.97196e-19
1.96983e-18
2.115e-18
9.07931e-19
-8.94554e-19
-2.19489e-18
-2.25694e-18
-1.08031e-18
6.45903e-19
1.88264e-18
1.93306e-18
1.01998e-18
-2.03924e-20
-5.47231e-19
-5.02681e-19
-2.10346e-19
2.28388e-20
1.0204e-19
7.93604e-20
2.96397e-20
-6.73216e-21
-2.20626e-20
-2.30198e-20
-1.78295e-20
-1.17162e-20
-6.86811e-21
-3.68129e-21
-1.82889e-21
-8.48732e-22
-3.6949e-22
-1.51211e-22
-5.82305e-23
-2.11341e-23
-7.27059e-24
-2.4136e-24
-8.08372e-25
-2.95886e-25
-1.27477e-25
-6.39575e-26
-4.9201e-18
-4.92015e-18
-4.92785e-18
-4.92943e-18
-4.96863e-18
-5.07194e-18
-5.35934e-18
-6.15253e-18
-7.14876e-18
-6.39382e-18
-2.47018e-18
3.02869e-18
7.07694e-18
7.58263e-18
4.39076e-18
-7.02028e-19
-4.77979e-18
-5.67023e-18
-3.11542e-18
1.3406e-18
4.9226e-18
5.278e-18
2.69935e-18
-3.35263e-19
-1.80883e-18
-1.54064e-18
-5.66026e-19
1.50207e-19
3.58243e-19
2.63716e-19
1.06403e-19
-9.62328e-22
-4.52015e-20
-4.97617e-20
-3.83516e-20
-2.46957e-20
-1.40874e-20
-7.3092e-21
-3.4946e-21
-1.54851e-21
-6.36452e-22
-2.41812e-22
-8.4287e-23
-2.66489e-23
-7.5672e-24
-1.97556e-24
-5.67909e-25
-2.61315e-25
-1.79337e-25
-1.27679e-25
-8.91608e-18
-8.91609e-18
-8.94003e-18
-8.95548e-18
-9.11888e-18
-9.43643e-18
-1.00677e-17
-1.20318e-17
-1.52281e-17
-1.40154e-17
-3.67865e-18
1.10837e-17
2.19483e-17
2.37383e-17
1.58489e-17
2.06032e-18
-1.0138e-17
-1.43161e-17
-9.17912e-18
2.00403e-18
1.23655e-17
1.43397e-17
7.28617e-18
-1.52363e-18
-5.65501e-18
-4.51034e-18
-1.3638e-18
7.47373e-19
1.21408e-18
8.2538e-19
3.32282e-19
2.61767e-20
-9.26894e-20
-1.05774e-19
-7.99868e-20
-4.9887e-20
-2.7371e-20
-1.35586e-20
-6.12281e-21
-2.51824e-21
-9.32082e-22
-3.01102e-22
-7.84193e-23
-1.20275e-23
2.32884e-24
2.79698e-24
1.17302e-24
1.19052e-25
-2.62438e-25
-2.96822e-25
-1.53403e-17
-1.53399e-17
-1.5408e-17
-1.54816e-17
-1.60454e-17
-1.69325e-17
-1.80502e-17
-2.23264e-17
-3.21023e-17
-3.1625e-17
-5.21837e-18
3.36901e-17
6.22888e-17
6.86338e-17
5.05922e-17
1.42086e-17
-2.14364e-17
-3.69157e-17
-2.72281e-17
7.82182e-20
2.94703e-17
3.91737e-17
2.05791e-17
-5.09378e-18
-1.68658e-17
-1.26733e-17
-2.75029e-18
3.232e-18
3.97332e-18
2.44138e-18
9.28652e-19
9.57684e-20
-1.9681e-19
-2.21896e-19
-1.60942e-19
-9.55309e-20
-4.94859e-20
-2.283e-20
-9.35771e-21
-3.31373e-21
-9.26233e-22
-1.29559e-22
6.47904e-23
7.25248e-23
4.34245e-23
1.96119e-23
6.66214e-24
1.16712e-24
-5.72971e-25
-8.11533e-25
-2.4937e-17
-2.49351e-17
-2.51111e-17
-2.53994e-17
-2.70868e-17
-2.93046e-17
-3.03155e-17
-3.75349e-17
-6.59582e-17
-7.40353e-17
-9.63401e-18
9.14919e-17
1.66579e-16
1.90171e-16
1.53635e-16
5.6109e-17
-4.83366e-17
-1.00894e-16
-8.0665e-17
-1.41017e-17
6.39666e-17
1.0908e-16
6.19667e-17
-1.40677e-17
-4.87426e-17
-3.4703e-17
-3.73168e-18
1.26806e-17
1.24917e-17
6.76386e-18
2.29754e-18
1.84547e-19
-4.47788e-19
-4.59274e-19
-3.08893e-19
-1.69782e-19
-8.02858e-20
-3.2618e-20
-1.07479e-20
-2.19978e-21
4.25137e-22
8.32988e-22
6.17721e-22
3.47032e-22
1.62858e-22
6.41502e-23
1.95825e-23
2.77111e-24
-1.99215e-24
-2.42279e-24
-3.80585e-17
-3.80503e-17
-3.84581e-17
-3.94842e-17
-4.39327e-17
-4.88811e-17
-4.58598e-17
-5.00612e-17
-1.27121e-16
-1.81449e-16
-3.33514e-17
2.25029e-16
4.29972e-16
5.29685e-16
4.88146e-16
1.84532e-16
-1.38651e-16
-3.24576e-16
-2.45308e-16
-6.51132e-17
1.11899e-16
3.26856e-16
2.02895e-16
-3.1933e-17
-1.40601e-16
-9.56058e-17
1.78565e-18
4.62848e-17
3.74846e-17
1.71276e-17
4.73548e-18
-3.05592e-20
-1.09546e-18
-9.2722e-19
-5.51179e-19
-2.67267e-19
-1.06484e-19
-3.10692e-20
-2.08635e-21
5.77574e-21
5.82393e-21
3.93603e-21
2.19728e-21
1.06651e-21
4.52767e-22
1.6272e-22
4.32998e-23
2.2466e-24
-7.61398e-24
-7.29482e-24
-5.40659e-17
-5.40351e-17
-5.48616e-17
-5.8232e-17
-6.85401e-17
-7.87151e-17
-5.8472e-17
-2.64151e-17
-2.12577e-16
-4.92298e-16
-1.4493e-16
5.02741e-16
1.11752e-15
1.5737e-15
1.90562e-15
5.06645e-16
-1.7053e-15
-1.56648e-15
-8.52342e-16
-1.80627e-16
5.84974e-16
1.69133e-15
7.57964e-16
-5.45212e-17
-4.46718e-16
-2.80845e-16
3.59301e-17
1.63009e-16
1.07019e-16
3.73204e-17
6.39087e-18
-2.04207e-18
-2.74396e-18
-1.76103e-18
-8.58461e-19
-3.25667e-19
-7.50494e-20
1.78024e-20
3.8318e-20
3.26018e-20
2.13993e-20
1.20724e-20
6.05054e-21
2.70942e-21
1.0659e-21
3.46466e-22
7.21405e-23
-1.22523e-23
-2.67685e-23
-2.11935e-23
-7.0671e-17
-7.05255e-17
-7.19248e-17
-8.17764e-17
-1.02866e-16
-1.23097e-16
-6.04464e-17
9.38145e-17
-1.2576e-15
-1.93927e-15
-5.10019e-16
2.84069e-15
3.12065e-15
4.2397e-15
5.69213e-15
-1.59833e-14
-1.98922e-14
-5.9483e-15
-2.64068e-15
2.70552e-14
2.58659e-14
1.24377e-14
2.2902e-15
-3.09518e-15
-2.38622e-15
-9.36605e-16
2.02456e-16
6.32719e-16
2.9103e-16
5.65579e-17
-5.02174e-18
-1.05376e-17
-6.39226e-18
-2.85469e-18
-9.44524e-19
-1.13102e-19
1.64903e-19
2.03175e-19
1.59818e-19
1.0394e-19
5.96049e-20
3.08113e-20
1.442e-20
6.04803e-21
2.19486e-21
6.16032e-22
6.37741e-23
-7.8975e-23
-8.45702e-23
-5.83668e-23
-8.37198e-17
-8.27273e-17
-8.44559e-17
-1.0714e-16
-1.58393e-16
-1.7851e-16
-8.5387e-18
-1.00853e-15
-2.32496e-14
-9.61398e-15
3.26448e-14
2.80867e-14
7.06551e-15
5.01893e-15
-5.27517e-14
-1.86926e-13
-6.26303e-14
1.95203e-14
2.91519e-13
2.7658e-13
1.29477e-13
3.38692e-14
-6.18287e-14
-3.94657e-14
-1.27386e-14
-2.45073e-15
5.91062e-15
3.23071e-15
6.75817e-16
-3.66938e-17
-7.73585e-17
-3.46145e-17
-1.15944e-17
-2.69242e-18
2.73106e-19
1.00475e-18
9.64492e-19
7.14314e-19
4.61243e-19
2.68909e-19
1.43192e-19
6.97232e-20
3.08015e-20
1.20627e-20
3.92906e-21
8.28672e-22
-1.31986e-22
-3.02374e-22
-2.42441e-22
-1.51507e-22
2.27353e-16
3.1736e-15
3.73826e-15
1.75661e-17
-4.70853e-16
1.23362e-14
3.32866e-14
-5.75593e-14
-1.1165e-13
-2.18767e-14
2.18787e-13
9.31703e-14
-1.85465e-13
-1.54737e-12
-2.13173e-12
-6.36788e-13
8.8861e-13
1.91436e-12
1.69426e-12
6.53832e-13
1.03221e-13
-8.03966e-13
-4.88911e-13
-1.20197e-13
-2.72896e-14
8.55211e-14
4.89155e-14
9.14967e-15
-1.48933e-16
-1.10397e-15
-3.41348e-16
-6.67773e-17
-6.41684e-18
4.96284e-18
5.68367e-18
4.38902e-18
2.99662e-18
1.89482e-18
1.11682e-18
6.11581e-19
3.09307e-19
1.43157e-19
5.95687e-20
2.13724e-20
5.80677e-21
4.15195e-22
-9.31588e-22
-9.34802e-22
-6.37766e-22
-3.70097e-22
4.27513e-13
4.7192e-13
4.47734e-13
2.60561e-13
3.54547e-13
4.78913e-13
2.70856e-13
-2.17469e-13
-2.02545e-13
5.21911e-14
4.45455e-13
-1.07736e-12
-5.64189e-12
-8.44521e-12
-7.83203e-12
1.05617e-12
1.02363e-11
7.86197e-12
3.70559e-12
-9.4307e-12
-1.1236e-11
-5.78616e-12
-1.18076e-12
1.75642e-13
1.28234e-12
6.73385e-13
1.25078e-13
-1.36897e-14
-2.56215e-14
-7.4172e-15
-6.22308e-16
6.37375e-17
6.09831e-17
3.55764e-17
2.04845e-17
1.2137e-17
7.26051e-18
4.26463e-18
2.39563e-18
1.26056e-18
6.11463e-19
2.68784e-19
1.03843e-19
3.25381e-20
5.73771e-21
-2.22087e-21
-3.32475e-21
-2.52371e-21
-1.5511e-21
-8.49914e-22
2.42203e-12
2.39256e-12
2.19517e-12
2.15647e-12
2.31854e-12
1.99386e-12
7.4033e-13
-3.31767e-13
7.83062e-13
2.39589e-12
-3.5724e-12
-1.50993e-11
-2.4853e-11
-1.49711e-11
-4.06913e-12
5.83943e-11
2.60496e-11
4.88116e-12
-1.30127e-10
-1.15461e-10
-5.16305e-11
-1.2955e-11
1.12379e-11
1.83809e-11
8.82906e-12
1.64247e-12
-3.68127e-13
-4.15097e-13
-1.33422e-13
-1.33344e-14
3.21654e-15
1.05279e-15
2.73171e-16
1.00561e-16
4.74569e-17
2.56831e-17
1.4723e-17
8.46335e-18
4.66974e-18
2.39526e-18
1.11642e-18
4.60921e-19
1.59598e-19
3.81825e-20
-2.16375e-21
-1.07895e-20
-9.37896e-21
-6.13317e-21
-3.49945e-21
-1.83107e-21
6.30851e-12
5.89458e-12
5.31391e-12
6.71943e-12
6.30929e-12
3.26425e-12
8.38151e-13
9.9118e-12
2.4422e-11
2.18178e-11
-6.40213e-11
-3.66231e-11
-4.20857e-11
4.81426e-10
9.84307e-10
3.45807e-10
-2.67091e-10
-1.10387e-09
-9.00112e-10
-2.93688e-10
-5.79679e-11
1.90393e-10
1.84234e-10
8.86422e-11
1.90626e-11
-5.05607e-12
-5.29907e-12
-1.80323e-12
-2.07622e-13
5.25636e-14
1.97364e-14
2.3694e-15
3.24832e-16
1.35284e-16
7.34933e-17
4.30345e-17
2.57512e-17
1.52135e-17
8.4623e-18
4.26342e-18
1.89383e-18
7.13612e-19
2.02728e-19
1.75389e-20
-3.12152e-20
-3.26947e-20
-2.28685e-20
-1.35771e-20
-7.31776e-21
-3.68511e-21
1.08893e-11
9.63452e-12
8.71472e-12
1.38913e-11
1.08271e-11
-1.05962e-12
2.10083e-11
1.05957e-10
1.10246e-10
7.39566e-11
-2.92543e-10
2.52963e-10
3.10288e-09
5.83422e-09
4.98001e-09
7.14613e-10
-5.61316e-09
-5.45435e-09
-1.95393e-09
1.03976e-09
2.86959e-09
1.8189e-09
7.28914e-10
1.64491e-10
-5.03158e-11
-5.95057e-11
-2.0603e-11
-2.64116e-12
6.09479e-13
2.56776e-13
3.4007e-14
-8.44038e-16
-1.63617e-16
6.40587e-17
8.46749e-17
6.20212e-17
4.08108e-17
2.57486e-17
1.47198e-17
7.25768e-18
2.99456e-18
9.63133e-19
1.64076e-19
-7.55226e-20
-1.06741e-19
-8.04183e-20
-4.95515e-20
-2.74022e-20
-1.41016e-20
-6.87442e-21
1.38895e-11
1.16018e-11
1.08309e-11
2.16859e-11
1.27692e-11
-1.0708e-11
1.05129e-10
2.99194e-10
2.75059e-10
1.35666e-10
-7.12023e-10
5.07355e-09
1.61491e-08
1.97743e-08
1.02185e-08
-1.60406e-08
-2.24097e-08
-1.10112e-08
1.3747e-08
2.38498e-08
1.45119e-08
5.38155e-09
1.23434e-09
-7.14397e-10
-7.2952e-10
-2.22901e-10
-2.72926e-11
5.84996e-12
2.66129e-12
4.11081e-13
-1.2616e-14
-4.93352e-15
-7.14816e-16
6.73731e-17
1.31583e-16
9.16823e-17
6.20152e-17
4.30266e-17
2.56759e-17
1.21314e-17
4.38523e-18
1.00237e-18
-1.1451e-19
-3.26454e-19
-2.67687e-19
-1.69996e-19
-9.56357e-20
-4.99363e-20
-2.47182e-20
-1.1726e-20
1.42673e-11
1.15794e-11
1.10562e-11
2.56455e-11
-2.89059e-12
-1.23977e-11
1.96813e-10
4.04052e-10
4.19579e-10
-9.66142e-10
4.13724e-09
1.56287e-08
3.45237e-08
3.43398e-08
-6.17905e-08
-8.31275e-08
-4.38261e-08
8.5939e-08
1.57659e-07
7.95917e-08
2.56701e-08
7.15053e-09
-1.63458e-08
-1.19273e-08
-2.97462e-09
-2.59023e-10
4.73192e-11
2.30357e-11
4.32536e-12
-1.67276e-14
-2.70783e-14
-8.21795e-15
-2.70548e-16
5.73986e-16
3.14267e-16
1.31571e-16
8.46587e-17
7.3477e-17
4.74433e-17
2.04748e-17
5.67739e-18
2.69288e-19
-9.46728e-19
-8.59674e-19
-5.51818e-19
-3.09216e-19
-1.61099e-19
-8.00602e-20
-3.83847e-20
-1.7844e-20
-5.59369e-08
-5.51332e-08
-5.57549e-08
-6.03592e-08
-5.52787e-08
-3.92342e-08
-4.40131e-08
-1.03438e-07
-1.41161e-07
-4.7614e-08
1.84006e-08
2.37339e-08
-1.64199e-08
-7.04399e-07
-8.42906e-07
-2.04879e-07
1.10415e-06
1.6387e-06
5.35039e-07
3.46618e-08
-3.42429e-07
-3.78691e-07
-1.94642e-07
-4.83373e-08
-3.51996e-09
3.26628e-10
1.66789e-10
3.72973e-11
1.33342e-12
-5.64695e-14
-3.00688e-14
-1.27271e-15
5.15855e-15
2.55101e-15
5.73968e-16
6.73453e-17
6.40292e-17
1.35256e-16
1.00538e-16
3.5561e-17
4.95342e-18
-2.69798e-18
-2.85785e-18
-1.76276e-18
-9.28124e-19
-4.59728e-19
-2.22116e-19
-1.05877e-19
-4.98076e-20
-2.30397e-20
-1.028e-06
-1.02673e-06
-1.02884e-06
-1.03942e-06
-1.02498e-06
-9.89053e-07
-1.05456e-06
-1.14638e-06
-1.01978e-06
-5.66413e-07
-1.12509e-08
-8.13916e-07
-3.69062e-06
-5.89892e-06
-3.55695e-06
2.43857e-06
7.25044e-06
6.41779e-06
5.84434e-07
-4.43824e-06
-4.08921e-06
-2.18254e-06
-6.73645e-07
-7.30598e-08
1.68911e-09
9.53143e-10
2.699e-10
2.24594e-11
-3.45338e-13
-1.05336e-13
4.8195e-14
5.58298e-14
2.67765e-14
5.15853e-15
-2.70591e-16
-7.14862e-16
-1.63659e-16
3.24789e-16
2.73131e-16
6.09607e-17
-6.42945e-18
-1.16017e-17
-6.39642e-18
-2.74623e-18
-1.09665e-18
-4.48384e-19
-1.97097e-19
-9.28223e-20
-4.52609e-20
-2.20882e-20
-3.78801e-06
-3.7949e-06
-3.79397e-06
-3.76952e-06
-3.78393e-06
-3.90859e-06
-4.07119e-06
-3.78125e-06
-2.66892e-06
-1.97297e-06
-2.66768e-06
-7.83538e-06
-1.62929e-05
-1.74915e-05
-6.5944e-06
1.31779e-05
2.01738e-05
1.17926e-05
-1.51433e-05
-2.11377e-05
-1.32916e-05
-5.43156e-06
-1.23111e-06
-3.29736e-08
2.28424e-09
1.29764e-09
2.98392e-10
4.18414e-12
-4.60092e-13
8.97062e-14
2.86796e-13
1.89043e-13
5.58298e-14
-1.27281e-15
-8.21803e-15
-4.93355e-15
-8.44079e-16
2.36923e-15
1.05269e-15
6.37075e-17
-6.67911e-17
-3.46228e-17
-1.05426e-17
-2.04486e-18
-3.20257e-20
1.83815e-19
9.54184e-20
2.60158e-20
-1.03369e-21
-6.76271e-21
-7.59863e-06
-7.62349e-06
-7.6104e-06
-7.4903e-06
-7.59744e-06
-8.12086e-06
-8.38935e-06
-7.2375e-06
-3.95156e-06
-3.83521e-06
-1.19378e-05
-2.49467e-05
-3.67839e-05
-2.74525e-05
1.93486e-05
4.00598e-05
3.10623e-05
-9.17971e-06
-7.42152e-05
-4.21236e-05
-1.96582e-05
-6.99979e-06
-1.34615e-06
-1.41141e-09
2.28206e-09
1.37372e-09
5.09959e-10
1.34804e-11
2.2952e-13
5.87946e-13
5.64449e-13
2.86797e-13
4.81952e-14
-3.00691e-14
-2.70788e-14
-1.2616e-14
3.40054e-14
1.97354e-14
3.21633e-15
-6.22308e-16
-3.41353e-16
-7.73664e-17
-5.02748e-18
6.38754e-18
4.73374e-18
2.29669e-18
9.28254e-19
3.32102e-19
1.06324e-19
2.96065e-20
-8.94062e-06
-8.976e-06
-8.95136e-06
-8.7678e-06
-8.93476e-06
-9.74495e-06
-1.00227e-05
-8.35599e-06
-3.97945e-06
-3.98581e-06
-2.50301e-05
-4.73354e-05
-5.08514e-05
3.52854e-05
0.000156677
5.74055e-05
-0.000362821
-0.00064894
-0.00020419
0.000202309
0.000785243
0.0010889
0.00101418
0.000685124
0.000321037
8.55929e-05
3.30665e-06
1.33124e-11
1.26964e-12
1.07059e-12
5.87948e-13
8.97075e-14
-1.05335e-13
-5.64696e-14
-1.67309e-14
4.11065e-13
2.56766e-13
5.25613e-14
-1.33338e-14
-7.41687e-15
-1.10394e-15
-3.67048e-17
5.65497e-17
3.73161e-17
1.71256e-17
6.76294e-18
2.44097e-18
8.252e-19
2.6364e-19
7.93288e-20
8.8972e-05
8.84634e-05
8.96613e-05
9.32693e-05
8.90807e-05
7.48424e-05
7.91774e-05
0.000119567
0.0001455
7.71991e-05
-2.52793e-05
-4.95488e-05
0.000341305
0.000855115
0.000593602
-0.00110395
-0.00330368
-0.0032837
0.000601794
0.00950453
0.0198833
0.0267781
0.027303
0.0231822
0.0161098
0.0089742
0.00375432
0.000952838
4.68341e-05
1.26966e-12
2.29504e-13
-4.60119e-13
-3.45334e-13
1.33335e-12
4.32522e-12
2.6612e-12
6.09457e-13
-2.07612e-13
-1.33416e-13
-2.56204e-14
-1.48977e-16
6.75776e-16
2.91014e-16
1.07013e-16
3.74824e-17
1.24908e-17
3.97297e-18
1.21394e-18
3.58185e-19
1.02017e-19
0.000806894
0.00080476
0.000812153
0.000827084
0.000798836
0.000738358
0.000795917
0.000988944
0.000976361
0.000528533
7.93635e-05
0.000679884
0.00240833
0.00338565
0.001115
-0.00507954
-0.0108183
-0.00895842
0.00853653
0.0420078
0.0807855
0.108287
0.112774
0.099485
0.0732967
0.0443623
0.0211286
0.00699355
0.000952839
1.33122e-11
1.34815e-11
4.18318e-12
2.24585e-11
3.72962e-11
2.3035e-11
5.84977e-12
-2.64103e-12
-1.80315e-12
-4.15078e-13
-1.36896e-14
9.14924e-15
3.23056e-15
6.32697e-16
1.63004e-16
4.62835e-17
1.26802e-17
3.23185e-18
7.47321e-19
1.50189e-19
2.2833e-20
0.00248737
0.00248245
0.00250296
0.00253654
0.00245438
0.00231733
0.00251114
0.00298265
0.00279597
0.00147673
0.000787765
0.00291364
0.00707255
0.0081121
0.00116255
-0.0133238
-0.0244912
-0.015934
0.0274961
0.105727
0.196142
0.262471
0.276668
0.248266
0.18761
0.117431
0.0586545
0.0211286
0.00375432
3.30669e-06
5.09974e-10
2.98388e-10
2.69895e-10
1.66785e-10
4.73178e-11
-2.72912e-11
-2.06021e-11
-5.29884e-12
-3.68113e-13
1.25073e-13
4.89136e-14
5.91035e-15
2.02464e-16
3.59334e-17
1.78697e-18
-3.73113e-18
-2.75005e-18
-1.3637e-18
-5.65984e-19
-2.10327e-19
0.00503254
0.00502405
0.00506368
0.00512085
0.00495748
0.00472091
0.00513792
0.00599673
0.0054331
0.00287099
0.00201211
0.00667771
0.0142656
0.0146111
9.16476e-05
-0.0259325
-0.0423881
-0.022638
0.057453
0.196973
0.358344
0.479973
0.510997
0.464213
0.356908
0.22834
0.117431
0.0443623
0.0089742
8.55931e-05
1.37377e-09
1.29764e-09
9.5313e-10
3.2662e-10
-2.5901e-10
-2.22892e-10
-5.95034e-11
-5.05589e-12
1.64242e-12
6.73363e-13
8.5518e-14
-2.45064e-15
-9.36564e-16
-2.80833e-16
-9.56018e-17
-3.47015e-17
-1.26727e-17
-4.5101e-18
-1.54054e-18
-5.02637e-19
0.00759506
0.00758308
0.00764238
0.00772282
0.00747289
0.00713802
0.00780536
0.00905594
0.00804202
0.00414027
0.00322401
0.0108562
0.0219637
0.0211424
-0.00224296
-0.0398906
-0.0601172
-0.0269817
0.0916082
0.294076
0.529527
0.71192
0.765486
0.703061
0.54832
0.356908
0.18761
0.0732967
0.0161098
0.000321037
2.28213e-09
2.28428e-09
1.68909e-09
-3.51979e-09
-2.97451e-09
-7.29496e-10
-5.03149e-11
1.9062e-11
8.82876e-12
1.28229e-12
-2.72888e-14
-1.2738e-14
-2.38612e-15
-4.46708e-16
-1.40598e-16
-4.87413e-17
-1.68652e-17
-5.65473e-18
-1.80871e-18
-5.47171e-19
0.00882972
0.00881526
0.00888654
0.00898342
0.00867934
0.00827653
0.00910227
0.0106257
0.00932351
0.00445419
0.00351777
0.0132638
0.0268305
0.0248901
-0.00492059
-0.0503181
-0.0720544
-0.0288682
0.115982
0.362149
0.651824
0.882785
0.959372
0.890341
0.703061
0.464213
0.248266
0.099485
0.0231822
0.000685124
-1.41041e-09
-3.29705e-08
-7.30569e-08
-4.83358e-08
-1.1927e-08
-7.14392e-10
1.64486e-10
8.86396e-11
1.83802e-11
1.7562e-13
-1.20191e-13
-3.94634e-14
-3.09499e-15
-5.45323e-17
-3.19353e-17
-1.40678e-17
-5.09355e-18
-1.52345e-18
-3.35151e-19
-2.03307e-20
0.00772012
0.00770419
0.00777444
0.0078815
0.00757992
0.00713807
0.00795813
0.00960084
0.00834642
0.00318155
0.00203671
0.0121921
0.0263524
0.0244479
-0.00621512
-0.0524423
-0.0745092
-0.0306344
0.117548
0.371988
0.677734
0.930128
1.02346
0.959372
0.765486
0.510997
0.276668
0.112774
0.027303
0.00101418
-1.34611e-06
-1.23108e-06
-6.73629e-07
-1.94637e-07
-1.63455e-08
1.23432e-09
7.28899e-10
1.84229e-10
1.12373e-11
-1.18069e-12
-4.8888e-13
-6.18247e-14
2.29005e-15
7.5792e-16
2.02887e-16
6.19654e-17
2.05791e-17
7.28629e-18
2.69945e-18
1.02005e-18
0.00369445
0.00367912
0.00372818
0.00383177
0.00362129
0.00321051
0.00375931
0.00518316
0.00449903
0.000415518
-0.00124246
0.00610626
0.0181525
0.0183653
-0.00463872
-0.0433022
-0.0662128
-0.0358959
0.085571
0.308029
0.58757
0.829283
0.930128
0.882785
0.71192
0.479973
0.262471
0.108287
0.0267781
0.0010889
-6.99968e-06
-5.43147e-06
-2.1825e-06
-3.78683e-07
7.15051e-09
5.38149e-09
1.81887e-09
1.90386e-10
-1.29543e-11
-5.78582e-12
-8.0391e-13
3.38674e-14
1.24369e-14
1.69124e-15
3.26855e-16
1.09082e-16
3.91747e-17
1.43402e-17
5.27822e-18
1.93317e-18
-0.000930405
-0.000942435
-0.000925978
-0.000845907
-0.000913535
-0.00120962
-0.001086
-0.000188594
-2.51488e-05
-0.00209253
-0.0041801
-0.00174751
0.00556087
0.00959999
0.000669331
-0.023562
-0.0480444
-0.0426164
0.0280344
0.18264
0.393886
0.58757
0.677734
0.651824
0.529527
0.358344
0.196142
0.0807855
0.0198833
0.000785242
-1.96579e-05
-1.32915e-05
-4.08914e-06
-3.42421e-07
2.56699e-08
1.45118e-08
2.86954e-09
-5.7968e-11
-5.16286e-11
-1.12354e-11
1.03244e-13
1.29474e-13
2.58641e-14
5.84925e-16
1.1192e-16
6.39766e-17
2.94744e-17
1.2367e-17
4.92315e-18
1.88285e-18
-0.00333013
-0.00333693
-0.00334785
-0.00330462
-0.00325152
-0.0033912
-0.00361257
-0.00333441
-0.00253424
-0.00265002
-0.0046329
-0.00649539
-0.00440522
0.00249371
0.00657627
-0.00275352
-0.0265923
-0.0441306
-0.024186
0.0553934
0.18264
0.308029
0.371988
0.362149
0.294076
0.196972
0.105727
0.0420078
0.00950453
0.000202309
-4.21232e-05
-2.11375e-05
-4.43817e-06
3.46651e-08
7.95913e-08
2.38495e-08
1.03973e-09
-2.93679e-10
-1.15457e-10
-9.43002e-12
6.53817e-13
2.76569e-13
2.70528e-14
-1.80558e-16
-6.50701e-17
-1.40812e-17
8.64763e-20
2.00701e-18
1.34161e-18
6.46257e-19
-0.00269314
-0.00269344
-0.00271725
-0.00271486
-0.00260718
-0.0025911
-0.00293503
-0.00313505
-0.00232501
-0.00116016
-0.00229327
-0.00609056
-0.00726862
-0.000963152
0.00924238
0.00985132
-0.00776909
-0.035077
-0.0458675
-0.024186
0.0280344
0.085571
0.117548
0.115982
0.0916082
0.057453
0.0274961
0.00853654
0.0006018
-0.000204188
-7.42145e-05
-1.51431e-05
5.84448e-07
5.35036e-07
1.57657e-07
1.37466e-08
-1.95389e-09
-9.00086e-10
-1.3012e-10
3.70551e-12
1.69422e-12
2.91504e-13
-2.64091e-15
-8.52241e-16
-2.45245e-16
-8.06369e-17
-2.72171e-17
-9.17517e-18
-3.11407e-18
-1.07984e-18
-0.000298144
-0.000294491
-0.00031206
-0.000337914
-0.000261684
-0.000151186
-0.000355794
-0.000767421
-0.000435816
0.000794616
0.000835996
-0.00181993
-0.00430019
-0.00143756
0.00682332
0.0114463
0.00408354
-0.0151351
-0.035077
-0.0441306
-0.0426165
-0.0358959
-0.0306344
-0.0288682
-0.0269817
-0.022638
-0.015934
-0.0089584
-0.00328369
-0.000648936
-9.17933e-06
1.17925e-05
6.41774e-06
1.63869e-06
8.59374e-08
-1.1011e-08
-5.45426e-09
-1.10384e-09
4.88288e-12
7.86204e-12
1.91431e-12
1.95121e-14
-5.94899e-15
-1.56647e-15
-3.24523e-16
-1.00871e-16
-3.69063e-17
-1.43126e-17
-5.66897e-18
-2.25646e-18
0.00113486
0.00113907
0.00113607
0.00110774
0.00111776
0.00122278
0.00122649
0.000942924
0.000757351
0.00127305
0.00203297
0.00168285
4.0928e-06
-0.000879347
0.00124385
0.00555036
0.00785907
0.00408354
-0.00776909
-0.0265923
-0.0480444
-0.0662128
-0.0745092
-0.0720544
-0.0601172
-0.0423881
-0.0244912
-0.0108183
-0.00330368
-0.000362819
3.1062e-05
2.01736e-05
7.25038e-06
1.10413e-06
-4.38252e-08
-2.24093e-08
-5.61305e-09
-2.67081e-10
2.60491e-11
1.02361e-11
8.88574e-13
-6.26302e-14
-1.98924e-14
-1.70528e-15
-1.38629e-16
-4.83268e-17
-2.14321e-17
-1.01361e-17
-4.77894e-18
-2.19449e-18
0.000624108
0.000625955
0.000634223
0.00062253
0.000585068
0.000616672
0.000749428
0.00071967
0.000362442
0.000142833
0.000814337
0.00186074
0.0015656
-0.000738718
-0.00272235
-0.000876161
0.00555036
0.0114463
0.00985132
-0.00275352
-0.023562
-0.0433022
-0.0524423
-0.0503181
-0.0398906
-0.0259325
-0.0133238
-0.00507955
-0.00110395
5.74041e-05
4.00591e-05
1.31778e-05
2.43854e-06
-2.04874e-07
-8.3125e-08
-1.60401e-08
7.14606e-10
3.45801e-10
5.83927e-11
1.056e-12
-6.3677e-13
-1.86921e-13
-1.59828e-14
5.06638e-16
1.84529e-16
5.61089e-17
1.42094e-17
2.0612e-18
-7.01398e-19
-8.94169e-19
-0.000813677
-0.000814349
-0.000804287
-0.000799331
-0.000842682
-0.000868429
-0.000748254
-0.000618912
-0.000856481
-0.00128787
-0.0011122
-0.000121281
0.000340729
-0.000947144
-0.00293866
-0.00272234
0.00124385
0.00682331
0.00924237
0.00657627
0.000669345
-0.00463869
-0.0062151
-0.00492058
-0.00224298
9.16219e-05
0.00116252
0.00111498
0.000593593
0.000156674
1.93479e-05
-6.59446e-06
-3.55696e-06
-8.42899e-07
-6.17872e-08
1.02183e-08
4.97991e-09
9.84285e-10
-4.0696e-12
-7.83193e-12
-2.13167e-12
-5.27456e-14
5.69229e-15
1.90564e-15
4.88148e-16
1.53637e-16
5.0594e-17
1.58503e-17
4.39165e-18
9.08445e-19
-0.00152366
-0.00152459
-0.0015183
-0.00151264
-0.00153695
-0.00156232
-0.00150048
-0.00141589
-0.00148255
-0.00170415
-0.00177963
-0.00157292
-0.00131333
-0.00115995
-0.000947142
-0.000738711
-0.000879344
-0.00143757
-0.000963167
0.00249371
0.00960001
0.0183653
0.0244479
0.0248901
0.0211424
0.0146111
0.00811207
0.00338563
0.000855105
3.52825e-05
-2.74529e-05
-1.74917e-05
-5.89894e-06
-7.04386e-07
3.43393e-08
1.9774e-08
5.83412e-09
4.81412e-10
-1.49711e-11
-8.44514e-12
-1.54732e-12
5.02047e-15
4.23984e-15
1.57372e-15
5.29688e-16
1.90175e-16
6.86369e-17
2.37404e-17
7.58393e-18
2.11572e-18
-0.00137595
-0.00137557
-0.00137177
-0.00137443
-0.0013891
-0.0013824
-0.00134117
-0.00135059
-0.00141677
-0.00141893
-0.00136993
-0.00153288
-0.00179752
-0.00131334
0.000340731
0.00156561
4.09578e-06
-0.0043002
-0.00726863
-0.00440523
0.00556089
0.0181525
0.0263525
0.0268305
0.0219636
0.0142655
0.00707252
0.00240831
0.000341296
-5.08531e-05
-3.67852e-05
-1.62934e-05
-3.69066e-06
-1.64102e-08
3.45245e-08
1.6149e-08
3.10281e-09
-4.20891e-11
-2.48532e-11
-5.64181e-12
-1.85446e-13
7.06562e-15
3.12069e-15
1.11753e-15
4.2998e-16
1.66587e-16
6.22941e-17
2.19517e-17
7.07889e-18
1.97087e-18
-0.00122536
-0.00122433
-0.0012187
-0.00122614
-0.00124896
-0.00122725
-0.00115664
-0.00118776
-0.00135941
-0.00136355
-0.00110762
-0.00108137
-0.00153288
-0.00157293
-0.00012128
0.00186075
0.00168285
-0.00181994
-0.00609058
-0.00649539
-0.00174749
0.00610629
0.0121922
0.0132638
0.0108562
0.00667767
0.0029136
0.000679864
-4.95553e-05
-4.73394e-05
-2.49484e-05
-7.83592e-06
-8.13968e-07
2.37342e-08
1.56292e-08
5.07369e-09
2.52959e-10
-3.66238e-11
-1.50996e-11
-1.07729e-12
9.31724e-14
2.80877e-14
2.84071e-15
5.02748e-16
2.25045e-16
9.15044e-17
3.36986e-17
1.10888e-17
3.03149e-18
4.98644e-19
-0.00141782
-0.00141708
-0.00140874
-0.00141355
-0.00144816
-0.0014361
-0.00133432
-0.00132796
-0.00155073
-0.00168189
-0.00140635
-0.00110762
-0.00136993
-0.00177963
-0.0011122
0.000814343
0.00203297
0.000835988
-0.00229329
-0.0046329
-0.00418008
-0.00124243
0.00203674
0.00351778
0.00322399
0.00201207
0.000787726
7.93395e-05
-2.52867e-05
-2.50345e-05
-1.19398e-05
-2.66825e-06
-1.12858e-08
1.84002e-08
4.138e-09
-7.11911e-10
-2.92514e-10
-6.40197e-11
-3.57335e-12
4.45456e-13
2.18794e-13
3.26472e-14
-5.09951e-16
-1.44888e-16
-3.33234e-17
-9.61513e-18
-5.20654e-18
-3.67184e-18
-2.46654e-18
-1.50669e-18
-0.00157946
-0.00157923
-0.00157053
-0.00157205
-0.00160736
-0.00160802
-0.00150946
-0.00147013
-0.0016593
-0.00184733
-0.00168189
-0.00136355
-0.00141893
-0.00170415
-0.00128787
0.000142839
0.00127306
0.000794609
-0.00116017
-0.00265002
-0.00209251
0.000415553
0.00318157
0.00445419
0.00414025
0.00287094
0.0014767
0.000528507
7.71883e-05
-3.98782e-06
-3.83669e-06
-1.97352e-06
-5.66497e-07
-4.7606e-08
-9.66068e-10
1.35655e-10
7.39492e-11
2.1815e-11
2.39555e-12
5.22071e-14
-2.18716e-14
-9.61331e-15
-1.93911e-15
-4.92221e-16
-1.81408e-16
-7.40107e-17
-3.16106e-17
-1.40074e-17
-6.38958e-18
-2.96233e-18
-0.00145809
-0.00145795
-0.00145098
-0.00145184
-0.00148053
-0.0014817
-0.00140351
-0.0013693
-0.00151372
-0.0016593
-0.00155073
-0.00135941
-0.00141676
-0.00148255
-0.000856478
0.000362448
0.000757354
-0.000435824
-0.00232502
-0.00253425
-2.5132e-05
0.00449906
0.00834645
0.00932351
0.00804199
0.00543306
0.00279593
0.000976334
0.000145489
-3.98033e-06
-3.95242e-06
-2.66938e-06
-1.01991e-06
-1.41161e-07
4.19559e-10
2.75052e-10
1.10244e-10
2.44218e-11
7.83221e-13
-2.02559e-13
-1.11658e-13
-2.32508e-14
-1.25742e-15
-2.12508e-16
-1.27079e-16
-6.59327e-17
-3.20872e-17
-1.52197e-17
-7.14423e-18
-3.32953e-18
-0.00129553
-0.00129516
-0.00128884
-0.00129143
-0.00131693
-0.00131206
-0.00123891
-0.00122572
-0.0013693
-0.00147013
-0.00132796
-0.00118776
-0.00135058
-0.00141589
-0.000618909
0.000719677
0.000942927
-0.000767429
-0.00313507
-0.00333442
-0.000188576
0.0051832
0.00960087
0.0106257
0.00905592
0.00599669
0.00298261
0.000988918
0.000119558
-8.35708e-06
-7.23837e-06
-3.78167e-06
-1.1465e-06
-1.03445e-07
4.04079e-10
2.99211e-10
1.05963e-10
9.91188e-12
-3.31814e-13
-2.17497e-13
-5.75674e-14
-1.00893e-15
9.3828e-17
-2.6377e-17
-5.00265e-17
-3.75108e-17
-2.23115e-17
-1.20232e-17
-6.14788e-18
-3.03522e-18
-0.0013129
-0.00131236
-0.00130551
-0.00130895
-0.00133692
-0.00132957
-0.00124853
-0.00123891
-0.00140351
-0.00150945
-0.00133432
-0.00115663
-0.00134117
-0.00150048
-0.000748251
0.000749434
0.00122649
-0.000355802
-0.00293505
-0.00361258
-0.00108598
0.00375935
0.00795815
0.00910227
0.00780534
0.00513788
0.0025111
0.000795892
7.91686e-05
-1.00241e-05
-8.39045e-06
-4.07166e-06
-1.05466e-06
-4.4015e-08
1.96778e-10
1.05116e-10
2.10085e-11
8.38783e-13
7.40411e-13
2.70862e-13
3.32818e-14
-8.49148e-18
-6.03873e-17
-5.84224e-17
-4.58227e-17
-3.02907e-17
-1.8035e-17
-1.00589e-17
-5.35454e-18
-2.74088e-18
-0.00139506
-0.00139463
-0.00138735
-0.0013902
-0.00141988
-0.0014149
-0.00132957
-0.00131206
-0.0014817
-0.00160802
-0.0014361
-0.00122724
-0.00138239
-0.00156232
-0.000868426
0.000616678
0.00122278
-0.000151195
-0.00259111
-0.0033912
-0.00120961
0.00321054
0.0071381
0.00827653
0.007138
0.00472087
0.00231729
0.000738333
7.48332e-05
-9.74675e-06
-8.12223e-06
-3.90916e-06
-9.89161e-07
-3.92315e-08
-1.24207e-11
-1.07208e-11
-1.0643e-12
3.26367e-12
1.99403e-12
4.78995e-13
1.23421e-14
-1.78391e-16
-1.23016e-16
-7.86593e-17
-4.88425e-17
-2.92794e-17
-1.6917e-17
-9.42749e-18
-5.06705e-18
-2.62433e-18
-0.00139965
-0.00139928
-0.00139214
-0.00139459
-0.00142369
-0.00141988
-0.00133692
-0.00131693
-0.00148053
-0.00160736
-0.00144815
-0.00124896
-0.0013891
-0.00153695
-0.000842678
0.000585074
0.00111776
-0.000261692
-0.0026072
-0.00325153
-0.000913517
0.00362133
0.00757995
0.00867934
0.00747287
0.00495745
0.00245435
0.000798812
8.90713e-05
-8.93665e-06
-7.59892e-06
-3.78456e-06
-1.02511e-06
-5.52744e-08
-2.88246e-12
1.27714e-11
1.08285e-11
6.30994e-12
2.31871e-12
3.54557e-13
-4.71044e-16
-1.58357e-16
-1.02807e-16
-6.84888e-17
-4.38951e-17
-2.70618e-17
-1.60299e-17
-9.10993e-18
-4.96373e-18
-2.59306e-18
-0.00137097
-0.00137058
-0.00136361
-0.0013662
-0.00139459
-0.0013902
-0.00130895
-0.00129143
-0.00145184
-0.00157205
-0.00141355
-0.00122613
-0.00137443
-0.00151264
-0.000799328
0.000622537
0.00110775
-0.000337923
-0.00271487
-0.00330463
-0.000845889
0.00383181
0.00788152
0.00898342
0.0077228
0.00512082
0.0025365
0.000827059
9.326e-05
-8.76951e-06
-7.49165e-06
-3.7701e-06
-1.03955e-06
-6.03567e-08
2.56598e-11
2.16952e-11
1.38942e-11
6.71994e-12
2.15644e-12
2.60501e-13
1.72846e-17
-1.07106e-16
-8.17195e-17
-5.81801e-17
-3.94459e-17
-2.53741e-17
-1.5466e-17
-8.94649e-18
-4.92453e-18
-2.58643e-18
-0.00136831
-0.0013679
-0.00136089
-0.00136361
-0.00139214
-0.00138735
-0.00130551
-0.00128884
-0.00145098
-0.00157053
-0.00140874
-0.0012187
-0.00137177
-0.0015183
-0.000804284
0.00063423
0.00113607
-0.000312068
-0.00271726
-0.00334786
-0.00092596
0.00372821
0.00777447
0.00888654
0.00764236
0.00506364
0.00250292
0.000812129
8.96523e-05
-8.9528e-06
-7.61152e-06
-3.79446e-06
-1.02895e-06
-5.57561e-08
1.10575e-11
1.08325e-11
8.71605e-12
5.31454e-12
2.19531e-12
4.4771e-13
3.73362e-15
-8.43858e-17
-7.18564e-17
-5.48073e-17
-3.84194e-17
-2.50857e-17
-1.53925e-17
-8.93105e-18
-4.92294e-18
-2.58722e-18
-0.00137535
-0.00137495
-0.0013679
-0.00137058
-0.00139928
-0.00139463
-0.00131236
-0.00129516
-0.00145795
-0.00157923
-0.00141708
-0.00122432
-0.00137557
-0.00152459
-0.000814346
0.000625962
0.00113907
-0.000294499
-0.00269346
-0.00333694
-0.000942418
0.00367916
0.00770422
0.00881526
0.00758306
0.00502401
0.00248242
0.000804735
8.84544e-05
-8.9773e-06
-7.62451e-06
-3.79536e-06
-1.02684e-06
-5.51364e-08
1.15791e-11
1.16018e-11
9.63496e-12
5.89501e-12
2.39273e-12
4.71931e-13
3.17184e-15
-8.26506e-17
-7.04565e-17
-5.39808e-17
-3.80116e-17
-2.49096e-17
-1.53243e-17
-8.90711e-18
-4.91524e-18
-2.58494e-18
-0.00137575
-0.00137535
-0.00136831
-0.00137097
-0.00139965
-0.00139506
-0.0013129
-0.00129553
-0.00145809
-0.00157946
-0.00141781
-0.00122536
-0.00137594
-0.00152366
-0.000813673
0.000624115
0.00113486
-0.000298152
-0.00269315
-0.00333013
-0.000930388
0.00369449
0.00772015
0.00882972
0.00759503
0.0050325
0.00248733
0.000806869
8.8963e-05
-8.94194e-06
-7.59967e-06
-3.78847e-06
-1.02811e-06
-5.59398e-08
1.42683e-11
1.38907e-11
1.08903e-11
6.30907e-12
2.42219e-12
4.27508e-13
2.26463e-16
-8.36434e-17
-7.06019e-17
-5.40115e-17
-3.80198e-17
-2.49116e-17
-1.53247e-17
-8.9071e-18
-4.91519e-18
-2.58491e-18
)
;

boundaryField
{
    movingWall
    {
        type            zeroGradient;
    }
    fixedWalls
    {
        type            zeroGradient;
    }
    frontAndBack
    {
        type            empty;
    }
}

