/*--------------------------------*- C++ -*----------------------------------*\
| =========                 |                                                 |
| \\      /  F ield         | OpenFOAM: The Open Source CFD Toolbox           |
|  \\    /   O peration     | Version:  v2006                                 |
|   \\  /    A nd           | Website:  www.openfoam.com                      |
|    \\/     M anipulation  |                                                 |
\*---------------------------------------------------------------------------*/
FoamFile
{
    version     2.0;
    format      ascii;
    class       volScalarField;
    location    "0";
    object      f;
}
// * * * * * * * * * * * * * * * * * * * * * * * * * * * * * * * * * * * * * //

dimensions      [0 0 0 0 0 0 0];


internalField   nonuniform List<scalar> 
2500
(
-6.73722e-124
4.71128e-106
-2.34759e-97
-5.696e-92
4.24749e-88
1.16138e-84
-2.17632e-82
-3.6787e-80
-1.25262e-78
-1.73812e-77
-1.2767e-76
-5.76013e-76
-1.75606e-75
-3.85363e-75
-6.30512e-75
-7.67739e-75
-6.29528e-75
-1.18096e-75
7.3421e-75
1.76153e-74
2.71361e-74
3.34617e-74
3.51834e-74
3.24333e-74
2.66283e-74
1.96807e-74
1.3202e-74
8.09261e-75
4.55958e-75
2.37349e-75
1.14677e-75
5.16416e-76
2.17567e-76
8.60493e-77
3.20499e-77
1.1274e-77
3.75538e-78
1.18742e-78
3.57187e-79
1.02428e-79
2.80532e-80
7.35047e-81
1.84529e-81
4.44416e-82
1.0279e-82
2.28498e-83
4.88404e-84
1.00379e-84
1.9825e-85
2.46988e-86
-1.54366e-120
3.38394e-103
-9.481e-95
-1.81172e-89
9.12052e-86
2.27126e-82
-3.14509e-80
-4.98886e-78
-1.54839e-76
-1.96776e-75
-1.33281e-74
-5.58172e-74
-1.58923e-73
-3.27593e-73
-5.06472e-73
-5.87739e-73
-4.70304e-73
-1.21745e-73
4.01885e-73
9.7827e-73
1.46301e-72
1.74074e-72
1.7659e-72
1.57284e-72
1.2499e-72
8.95718e-73
5.83549e-73
3.47913e-73
1.90908e-73
9.68994e-74
4.56996e-74
2.01076e-74
8.2845e-75
3.20691e-75
1.16992e-75
4.03365e-76
1.31775e-76
4.08879e-77
1.20761e-77
3.4017e-78
9.15556e-79
2.35831e-79
5.82189e-80
1.37912e-80
3.1379e-81
6.86226e-82
1.44284e-82
2.9162e-83
5.66101e-84
7.09836e-85
-3.35476e-117
2.29734e-100
-3.60937e-92
-5.4815e-87
1.83505e-83
4.222e-80
-4.23156e-78
-6.40939e-76
-1.82102e-74
-2.12559e-73
-1.33062e-72
-5.18284e-72
-1.38064e-71
-2.6776e-71
-3.91673e-71
-4.33353e-71
-3.37264e-71
-1.04293e-71
2.10666e-71
5.26183e-71
7.65163e-71
8.79171e-71
8.61134e-71
7.41655e-71
5.70972e-71
3.97127e-71
2.51526e-71
1.46008e-71
7.81115e-72
3.87003e-72
1.7835e-72
7.67553e-73
3.09586e-73
1.17413e-73
4.19965e-74
1.4206e-74
4.55604e-75
1.38857e-75
4.03029e-76
1.11618e-76
2.95477e-77
7.48832e-78
1.81932e-78
4.2422e-79
9.502e-80
2.04562e-80
4.23341e-81
8.4187e-82
1.60692e-82
2.02822e-83
-7.13264e-114
1.52198e-97
-1.33884e-89
-1.62443e-84
3.56593e-81
7.6743e-78
-5.43808e-76
-8.01958e-74
-2.09159e-72
-2.2456e-71
-1.30048e-70
-4.71457e-70
-1.17572e-69
-2.14634e-69
-2.97107e-69
-3.132e-69
-2.3609e-69
-8.08415e-70
1.07696e-69
2.7878e-69
3.9418e-69
4.37136e-69
4.13207e-69
3.44005e-69
2.56518e-69
1.73149e-69
1.06618e-69
6.02651e-70
3.14373e-70
1.52061e-70
6.84897e-71
2.88358e-71
1.13883e-71
4.23243e-72
1.48456e-72
4.92781e-73
1.55176e-73
4.64618e-74
1.32545e-74
3.60953e-75
9.39915e-76
2.34387e-76
5.60462e-77
1.28643e-77
2.83659e-78
6.01125e-79
1.2243e-79
2.39495e-80
4.49313e-81
5.70454e-82
-1.48244e-110
9.83066e-95
-4.83428e-87
-4.71163e-82
6.66563e-79
1.36291e-75
-6.61036e-74
-9.76029e-72
-2.34426e-70
-2.31863e-69
-1.24349e-68
-4.1989e-68
-9.80897e-68
-1.68643e-67
-2.20965e-67
-2.21812e-67
-1.61373e-67
-5.84945e-68
5.37589e-68
1.45668e-67
2.00151e-67
2.14047e-67
1.95123e-67
1.56946e-67
1.13319e-67
7.422e-68
4.44293e-68
2.44547e-68
1.24402e-68
5.87539e-69
2.5868e-69
1.06567e-69
4.12174e-70
1.50138e-70
5.16525e-71
1.68275e-71
5.20375e-72
1.53089e-72
4.2931e-73
1.14973e-73
2.94528e-74
7.22749e-75
1.70102e-75
3.84339e-76
8.34245e-77
1.74011e-77
3.48718e-78
6.70817e-79
1.23636e-79
1.57726e-80
-3.00933e-107
6.1848e-92
-1.69744e-84
-1.33646e-79
1.19172e-76
2.36271e-73
-7.47614e-72
-1.15382e-69
-2.56162e-68
-2.33805e-67
-1.16246e-66
-3.65909e-66
-8.01269e-66
-1.29814e-65
-1.61046e-65
-1.53876e-65
-1.07718e-65
-4.01172e-66
2.62815e-66
7.51885e-66
1.00259e-65
1.03269e-65
9.06965e-66
7.04316e-66
4.92167e-66
3.12697e-66
1.8195e-66
9.752e-67
4.83805e-67
2.23133e-67
9.60448e-68
3.87216e-68
1.46697e-68
5.23828e-69
1.76789e-69
5.65362e-70
1.71719e-70
4.96434e-71
1.36869e-71
3.60507e-72
9.08598e-73
2.19419e-73
5.08294e-74
1.13051e-74
2.41541e-75
4.95819e-76
9.77438e-77
1.84827e-77
3.34439e-78
4.28084e-79
-5.96119e-104
3.78607e-89
-5.78945e-82
-3.70398e-77
2.02037e-74
3.99424e-71
-7.61916e-70
-1.32274e-67
-2.72634e-66
-2.30066e-65
-1.0617e-64
-3.11793e-64
-6.40465e-64
-9.78369e-64
-1.14966e-63
-1.04524e-63
-7.02211e-64
-2.62996e-64
1.26563e-64
3.84128e-64
4.95983e-64
4.91231e-64
4.15118e-64
3.10936e-64
2.10146e-64
1.29461e-64
7.3206e-65
3.82026e-65
1.84834e-65
8.32511e-66
3.50377e-66
1.38261e-66
5.13154e-67
1.79656e-67
5.94901e-68
1.86779e-68
5.57283e-69
1.58341e-69
4.29237e-70
1.11206e-70
2.75768e-71
6.55394e-72
1.49438e-72
3.27152e-73
6.87943e-74
1.38946e-74
2.69362e-75
5.00419e-76
8.88262e-77
1.13862e-77
-1.15115e-100
2.25263e-86
-1.91576e-79
-1.00205e-74
3.20234e-72
6.5776e-69
-6.47088e-68
-1.46776e-65
-2.82321e-64
-2.20731e-63
-9.46639e-63
-2.59598e-62
-5.00589e-62
-7.21514e-62
-8.0343e-62
-6.94924e-62
-4.47032e-62
-1.65635e-62
6.06121e-63
1.9467e-62
2.42617e-62
2.30572e-62
1.87184e-62
1.35072e-62
8.82136e-63
5.26631e-63
2.89288e-63
1.4696e-63
6.93382e-64
3.05005e-64
1.25522e-64
4.84867e-65
1.76324e-65
6.05339e-66
1.967e-66
6.06402e-67
1.77755e-67
4.96435e-68
1.32334e-68
3.37256e-69
8.22904e-70
1.92471e-70
4.3194e-71
9.30687e-72
1.92583e-72
3.82607e-73
7.29091e-74
1.32988e-74
2.31324e-75
2.96226e-76
-2.1647e-97
1.30108e-83
-6.14242e-77
-2.64338e-72
4.62179e-70
1.05388e-66
-3.33422e-66
-1.57293e-63
-2.84119e-62
-2.06293e-61
-8.23324e-61
-2.1103e-60
-3.82315e-60
-5.20309e-60
-5.49338e-60
-4.52011e-60
-2.77879e-60
-1.00532e-60
2.92602e-61
9.80821e-61
1.17505e-60
1.06891e-60
8.32064e-61
5.77567e-61
3.64093e-61
2.1047e-61
1.12256e-61
5.54966e-62
2.55304e-62
1.09673e-62
4.41371e-63
1.66909e-63
5.94789e-64
2.00263e-64
6.38655e-65
1.93355e-65
5.56907e-66
1.52894e-66
4.0081e-67
1.00486e-67
2.41255e-68
5.55318e-69
1.2265e-69
2.60062e-70
5.29422e-71
1.03424e-71
1.93618e-72
3.46449e-73
5.89739e-74
7.52109e-75
-3.95932e-94
7.28568e-81
-1.90553e-74
-6.79155e-70
5.71986e-68
1.64072e-64
2.54701e-64
-1.62352e-61
-2.77523e-60
-1.87625e-59
-6.97878e-59
-1.67354e-58
-2.85086e-58
-3.66645e-58
-3.67266e-58
-2.87512e-58
-1.68641e-58
-5.89239e-59
1.44609e-59
4.92227e-59
5.64156e-59
4.89896e-59
3.64884e-59
2.43218e-59
1.47792e-59
8.26418e-60
4.27668e-60
2.05666e-60
9.2228e-61
3.86873e-61
1.52249e-61
5.63676e-62
1.96854e-62
6.50101e-63
2.03498e-63
6.05103e-64
1.71265e-64
4.62253e-65
1.19177e-65
2.93934e-66
6.94387e-67
1.57286e-67
3.41849e-68
7.13157e-69
1.42786e-69
2.74149e-70
5.0385e-71
8.83446e-72
1.46907e-72
1.85842e-73
-7.0346e-91
3.94981e-78
-5.71069e-72
-1.69731e-67
4.95794e-66
2.47835e-62
1.18652e-61
-1.60854e-59
-2.62738e-58
-1.65888e-57
-5.7597e-57
-1.29356e-56
-2.07387e-56
-2.52272e-56
-2.39936e-56
-1.78754e-56
-9.99076e-57
-3.34e-57
7.40761e-58
2.46331e-57
2.68752e-57
2.22173e-57
1.5798e-57
1.00925e-57
5.90205e-58
3.18847e-58
1.59952e-58
7.47789e-59
3.26759e-59
1.33816e-59
5.14923e-60
1.86646e-60
6.3884e-61
2.06951e-61
6.3592e-62
1.85736e-62
5.16634e-63
1.37097e-63
3.47636e-64
8.43479e-65
1.96059e-65
4.36978e-66
9.34429e-67
1.91745e-67
3.77421e-68
7.11777e-69
1.28308e-69
2.2014e-70
3.56767e-71
4.45324e-72
-1.2124e-87
2.06993e-75
-1.65044e-69
-4.12019e-65
-1.12115e-64
3.62643e-60
2.50771e-59
-1.52307e-57
-2.40706e-56
-1.42415e-55
-4.62371e-55
-9.73598e-55
-1.47043e-54
-1.69347e-54
-1.53071e-54
-1.08579e-54
-5.7772e-55
-1.83302e-55
3.94473e-56
1.22928e-55
1.27084e-55
9.97668e-56
6.75798e-56
4.12938e-56
2.31985e-56
1.20902e-56
5.873e-57
2.66711e-57
1.13504e-57
4.53663e-58
1.70667e-58
6.05631e-59
2.03164e-59
6.45632e-60
1.94764e-60
5.58806e-61
1.52766e-61
3.98589e-62
9.94054e-63
2.37269e-63
5.42605e-64
1.18981e-64
2.50269e-65
5.04962e-66
9.76644e-67
1.80775e-67
3.1925e-68
5.34979e-69
8.42296e-70
1.02997e-70
-2.02378e-84
1.04685e-72
-4.59082e-67
-9.69959e-63
-1.93848e-61
5.13099e-58
4.22061e-57
-1.37002e-55
-2.13018e-54
-1.18567e-53
-3.60638e-53
-7.12783e-53
-1.01516e-52
-1.10814e-52
-9.52919e-53
-6.44033e-53
-3.26055e-53
-9.75086e-54
2.16467e-54
6.10902e-54
5.96316e-54
4.43712e-54
2.85782e-54
1.66693e-54
8.97921e-55
4.50701e-55
2.11717e-55
9.33043e-56
3.86457e-56
1.50687e-56
5.54072e-57
1.92466e-57
6.32771e-58
1.97269e-58
5.84244e-59
1.64675e-59
4.42476e-60
1.13515e-60
2.78434e-61
6.53748e-62
1.47072e-62
3.17218e-63
6.56144e-64
1.30116e-64
2.47114e-65
4.48492e-66
7.74768e-67
1.26491e-67
1.92629e-68
2.28399e-69
-3.26633e-81
5.1e-70
-1.22625e-64
-2.21059e-60
-6.22434e-59
7.00577e-56
6.26608e-55
-1.16067e-53
-1.81731e-52
-9.55962e-52
-2.72976e-51
-5.07021e-51
-6.81686e-51
-7.06156e-51
-5.78436e-51
-3.72849e-51
-1.79605e-51
-5.03456e-52
1.20361e-52
3.0151e-52
2.77331e-52
1.95386e-52
1.19494e-52
6.64197e-53
3.42412e-53
1.65235e-53
7.49472e-54
3.2015e-54
1.28947e-54
4.90216e-55
1.76115e-55
5.98729e-56
1.92903e-56
5.89952e-57
1.71542e-57
4.75006e-58
1.25449e-58
3.16442e-59
7.63358e-60
1.76292e-60
3.90083e-61
8.27383e-62
1.68226e-62
3.27684e-63
6.10586e-64
1.0852e-64
1.83015e-65
2.90137e-66
4.24688e-67
4.80694e-68
-5.08761e-78
2.38856e-67
-3.13691e-62
-4.86774e-58
-1.50326e-56
9.21005e-54
8.51295e-53
-9.13662e-52
-1.4911e-50
-7.45307e-50
-2.00258e-49
-3.49983e-49
-4.44724e-49
-4.37777e-49
-3.42083e-49
-2.10568e-49
-9.65674e-50
-2.52758e-50
6.65638e-51
1.47223e-50
1.27573e-50
8.50967e-51
4.93879e-51
2.61273e-51
1.28692e-51
5.95983e-52
2.6059e-52
1.0775e-52
4.21581e-53
1.56151e-53
5.47857e-54
1.8223e-54
5.7528e-55
1.72582e-55
4.92674e-56
1.34024e-56
3.479e-57
8.6284e-58
2.04691e-58
4.64899e-59
1.01156e-59
2.10921e-60
4.21344e-61
8.05602e-62
1.4712e-62
2.55642e-63
4.19781e-64
6.43207e-65
8.96529e-66
9.43933e-67
-7.63165e-75
1.07305e-64
-7.66018e-60
-1.03337e-55
-3.15223e-54
1.1628e-51
1.07608e-50
-6.5247e-50
-1.17343e-48
-5.60959e-48
-1.42187e-47
-2.34118e-47
-2.8151e-47
-2.63731e-47
-1.96922e-47
-1.15942e-47
-5.06854e-48
-1.23693e-48
3.60316e-49
7.07944e-49
5.78787e-49
3.65913e-49
2.01581e-49
1.01435e-49
4.76752e-50
2.11541e-50
8.90147e-51
3.55741e-51
1.35048e-51
4.86913e-52
1.66733e-52
5.4241e-53
1.67741e-53
4.93557e-54
1.38321e-54
3.6965e-55
9.43088e-56
2.29959e-56
5.36419e-57
1.19796e-57
2.56252e-58
5.25038e-59
1.02985e-59
1.93102e-60
3.45154e-61
5.85126e-62
9.32198e-63
1.37141e-63
1.79365e-64
1.67315e-65
-1.09993e-71
4.61267e-62
-1.77813e-57
-2.1097e-53
-6.01268e-52
1.40575e-49
1.27608e-48
-4.01782e-48
-8.82797e-47
-4.06862e-46
-9.7561e-46
-1.51549e-45
-1.72657e-45
-1.54201e-45
-1.10233e-45
-6.22029e-46
-2.59739e-46
-5.9195e-47
1.88573e-47
3.33584e-47
2.5808e-47
1.54948e-47
8.11184e-48
3.88325e-48
1.74039e-48
7.3892e-49
2.98763e-49
1.15225e-49
4.23849e-50
1.48604e-50
4.96283e-51
1.57824e-51
4.77971e-52
1.37914e-52
3.79401e-53
9.95985e-54
2.49732e-54
5.98624e-55
1.37287e-55
3.01404e-56
6.33595e-57
1.275e-57
2.45377e-58
4.50705e-59
7.87132e-60
1.29823e-60
1.99688e-61
2.7929e-62
3.34279e-63
2.46752e-64
-1.51923e-68
1.89208e-59
-3.9009e-55
-4.13045e-51
-1.06463e-49
1.62181e-47
1.42533e-46
-1.83445e-46
-6.32393e-45
-2.83811e-44
-6.45852e-44
-9.47773e-44
-1.02445e-43
-8.73847e-44
-5.99387e-44
-3.24923e-44
-1.29966e-44
-2.7812e-45
9.45348e-46
1.53246e-45
1.12656e-45
6.4412e-46
3.21066e-46
1.46365e-46
6.25516e-47
2.53918e-47
9.8519e-48
3.66141e-48
1.30327e-48
4.4383e-49
1.44434e-49
4.48738e-50
1.33036e-50
3.76338e-51
1.01612e-51
2.62004e-52
6.45577e-53
1.5211e-53
3.42908e-54
7.3987e-55
1.52784e-55
3.01777e-56
5.69315e-57
1.02295e-57
1.74176e-58
2.78456e-59
4.1066e-60
5.3766e-61
5.61325e-62
2.15289e-63
-2.00504e-65
7.38318e-57
-8.01843e-53
-7.73039e-49
-1.76758e-47
1.77846e-45
1.5018e-44
-1.29803e-45
-4.29211e-43
-1.89998e-42
-4.11786e-42
-5.71654e-42
-5.87039e-42
-4.79223e-42
-3.16173e-42
-1.65104e-42
-6.34916e-43
-1.28822e-43
4.50565e-44
6.82922e-44
4.79393e-44
2.61895e-44
1.24611e-44
5.41898e-45
2.21007e-45
8.57628e-46
3.19045e-46
1.14118e-46
3.92545e-47
1.29695e-47
4.10893e-48
1.24633e-48
3.61543e-49
1.0024e-49
2.65585e-50
6.72533e-51
1.62825e-51
3.77045e-52
8.35342e-53
1.77077e-53
3.59034e-54
6.95569e-55
1.28491e-55
2.25465e-56
3.7323e-57
5.75491e-58
8.05514e-59
9.61671e-60
7.8256e-61
-3.37332e-62
-2.52015e-62
2.73117e-54
-1.52213e-50
-1.37798e-46
-2.76579e-45
1.84484e-43
1.49242e-42
1.0254e-42
-2.74221e-41
-1.21786e-40
-2.52396e-40
-3.31908e-40
-3.24256e-40
-2.53888e-40
-1.61556e-40
-8.15152e-41
-3.02683e-41
-5.90302e-42
2.02732e-42
2.93779e-42
1.98007e-42
1.03735e-42
4.7255e-43
1.96487e-43
7.65879e-44
2.84277e-44
1.0137e-44
3.48671e-45
1.15776e-45
3.70698e-46
1.14224e-46
3.3801e-47
9.58915e-48
2.60487e-48
6.7709e-49
1.6836e-49
4.00452e-50
9.11204e-51
1.98351e-51
4.12949e-52
8.21645e-53
1.56e-53
2.81815e-54
4.8191e-55
7.72794e-56
1.14139e-56
1.49271e-57
1.546e-58
6.43133e-60
-2.59514e-60
-3.00537e-59
9.53961e-52
-2.59456e-48
-2.32964e-44
-4.08835e-43
1.79962e-41
1.39666e-40
1.64743e-40
-1.63472e-39
-7.4557e-39
-1.48425e-38
-1.85124e-38
-1.72278e-38
-1.29684e-38
-7.98255e-39
-3.90448e-39
-1.40667e-39
-2.68033e-40
8.54504e-41
1.21405e-40
7.90319e-41
3.98576e-41
1.74388e-41
6.95208e-42
2.59534e-42
9.22626e-43
3.15491e-43
1.0432e-43
3.34119e-44
1.03578e-44
3.10139e-45
8.94702e-46
2.48098e-46
6.60081e-47
1.68288e-47
4.10823e-48
9.59864e-49
2.14581e-49
4.58829e-50
9.37809e-51
1.83003e-51
3.40196e-52
6.00102e-53
9.97519e-54
1.54243e-54
2.16107e-55
2.57354e-56
2.06026e-57
-9.55961e-59
-9.60353e-59
-3.38582e-56
3.13187e-49
-3.71052e-46
-3.71715e-42
-5.71281e-41
1.63841e-39
1.22753e-38
1.82385e-38
-8.97646e-38
-4.3476e-37
-8.35665e-37
-9.8968e-37
-8.783e-37
-6.37192e-37
-3.80587e-37
-1.81075e-37
-6.36097e-38
-1.20433e-38
3.34042e-39
4.79635e-39
3.0347e-39
1.47899e-39
6.23544e-40
2.39037e-40
8.56852e-41
2.92292e-41
9.59529e-42
3.05108e-42
9.42326e-43
2.82659e-43
8.21858e-44
2.30991e-44
6.2578e-45
1.63011e-45
4.0754e-46
9.76598e-47
2.24109e-47
4.92144e-48
1.03346e-48
2.07297e-49
3.96487e-50
7.2093e-51
1.23967e-51
1.99699e-52
2.9596e-53
3.87828e-54
4.01349e-55
1.62962e-56
-6.88528e-57
-2.85461e-57
-3.58556e-53
9.613e-47
-3.44185e-44
-5.56547e-40
-7.54236e-39
1.37799e-37
1.00926e-36
1.68474e-36
-4.44698e-36
-2.40775e-35
-4.49448e-35
-5.0587e-35
-4.28479e-35
-3.0034e-35
-1.74635e-35
-8.10927e-36
-2.79086e-36
-5.329e-37
1.19369e-37
1.80247e-37
1.11594e-37
5.276e-38
2.1503e-38
7.95075e-39
2.74428e-39
9.00447e-40
2.84276e-40
8.70135e-41
2.59231e-41
7.52268e-42
2.12313e-42
5.81111e-43
1.53747e-43
3.92017e-44
9.60915e-45
2.26011e-45
5.09359e-46
1.09866e-46
2.26527e-47
4.45773e-48
8.35193e-49
1.48387e-49
2.48265e-50
3.8619e-51
5.44285e-52
6.52826e-53
5.31233e-54
-2.17391e-55
-2.38509e-55
-7.51569e-56
-3.54851e-50
2.74138e-44
2.5772e-42
-7.7658e-38
-9.39618e-37
1.05475e-35
7.7205e-35
1.36969e-34
-1.91148e-34
-1.26227e-33
-2.30341e-33
-2.46542e-33
-1.99382e-33
-1.35363e-33
-7.68732e-34
-3.49505e-34
-1.18327e-34
-2.30363e-35
3.80703e-36
6.4094e-36
3.91144e-36
1.80083e-36
7.11711e-37
2.54574e-37
8.48553e-38
2.68536e-38
8.17165e-39
2.41166e-39
6.93717e-40
1.94833e-40
5.33759e-41
1.42249e-41
3.67486e-42
9.17046e-43
2.20379e-43
5.08752e-44
1.12604e-44
2.38552e-45
4.82899e-46
9.32037e-47
1.7097e-47
2.96513e-48
4.81752e-49
7.2065e-50
9.56002e-51
1.01339e-51
4.79444e-53
-1.5097e-53
-6.61842e-54
-1.81597e-54
-3.25941e-47
7.20873e-42
2.55777e-39
-1.00154e-35
-1.10244e-34
7.16917e-34
5.45496e-33
9.99491e-33
-6.47875e-33
-6.24002e-32
-1.12166e-31
-1.14197e-31
-8.81514e-32
-5.81043e-32
-3.23341e-32
-1.44342e-32
-4.82221e-33
-9.62918e-34
1.03394e-34
2.1445e-34
1.30041e-34
5.85223e-35
2.24941e-35
7.80571e-36
2.51988e-36
7.7133e-37
2.26838e-37
6.46884e-38
1.79947e-38
4.89605e-39
1.30268e-39
3.3812e-40
8.53025e-41
2.08355e-41
4.90937e-42
1.11252e-42
2.41855e-43
5.0329e-44
1.00026e-44
1.89333e-45
3.39913e-46
5.7495e-47
9.05381e-48
1.29638e-48
1.59695e-49
1.40524e-50
-1.72337e-52
-4.92878e-52
-1.62155e-52
-4.09254e-53
-2.75583e-44
1.73179e-39
9.13727e-37
-1.18172e-33
-1.21537e-32
4.12264e-32
3.52464e-31
6.58807e-31
-1.11917e-31
-2.8939e-30
-5.17106e-30
-5.00777e-30
-3.68541e-30
-2.36386e-30
-1.29319e-30
-5.6815e-31
-1.87641e-31
-3.84706e-32
2.11215e-33
6.71156e-33
4.07991e-33
1.8013e-33
6.75221e-34
2.27922e-34
7.14614e-35
2.12194e-35
6.04805e-36
1.67091e-36
4.50448e-37
1.1892e-37
3.0763e-38
7.7822e-39
1.91826e-39
4.58779e-40
1.06025e-40
2.35919e-41
5.0389e-42
1.03023e-42
2.01064e-43
3.73257e-44
6.55748e-45
1.0811e-45
1.64711e-46
2.24618e-47
2.52337e-48
1.614e-49
-2.31281e-50
-1.28079e-50
-3.63333e-51
-8.67252e-52
-2.1233e-41
3.75603e-37
2.53643e-34
-1.25924e-31
-1.25564e-30
1.75797e-30
2.05353e-29
3.91874e-29
5.99559e-30
-1.24947e-28
-2.24617e-28
-2.06891e-28
-1.44822e-28
-9.05987e-29
-4.88862e-29
-2.11742e-29
-6.91511e-30
-1.45077e-30
1.51953e-32
1.95314e-31
1.20151e-31
5.22213e-32
1.9139e-32
6.2999e-33
1.92353e-33
5.55661e-34
1.53954e-34
4.13239e-35
1.08239e-35
2.7786e-36
6.99994e-37
1.72799e-37
4.16543e-38
9.76161e-39
2.21395e-39
4.83968e-40
1.01604e-40
2.04188e-41
3.9146e-42
7.12928e-43
1.22576e-43
1.96909e-44
2.8984e-45
3.74486e-46
3.7433e-47
1.14406e-48
-7.6141e-49
-2.92384e-49
-7.56445e-50
-1.73515e-50
-1.47218e-38
7.23689e-35
6.11873e-32
-1.19142e-29
-1.21193e-28
2.2039e-29
1.05628e-27
2.08977e-27
8.07871e-28
-4.9601e-27
-9.13149e-27
-8.00231e-27
-5.3077e-27
-3.24691e-27
-1.73425e-27
-7.41308e-28
-2.39007e-28
-5.09439e-29
-1.26155e-30
5.25843e-30
3.30333e-30
1.41746e-30
5.09037e-31
1.63767e-31
4.88175e-32
1.37582e-32
3.71666e-33
9.72231e-34
2.48145e-34
6.21017e-35
1.52688e-35
3.68452e-36
8.69767e-37
1.9994e-37
4.45419e-38
9.5728e-39
1.97671e-39
3.90695e-40
7.36196e-41
1.31597e-41
2.21511e-42
3.46741e-43
4.9261e-44
5.99878e-45
5.15187e-46
-9.54865e-48
-1.88988e-47
-6.07504e-48
-1.47485e-48
-3.28348e-49
-9.03874e-36
1.20843e-32
1.32202e-29
-9.77381e-28
-1.08825e-26
-5.51583e-27
4.63146e-26
9.86538e-26
5.71591e-26
-1.77147e-25
-3.44206e-25
-2.87449e-25
-1.79614e-25
-1.07825e-25
-5.72521e-26
-2.41547e-26
-7.65601e-27
-1.63967e-27
-8.26482e-29
1.30719e-28
8.43475e-29
3.57913e-29
1.26157e-29
3.975e-30
1.15963e-30
3.19736e-31
8.44739e-32
2.16042e-32
5.39028e-33
1.31903e-33
3.17343e-34
7.50221e-35
1.7374e-35
3.9234e-36
8.59546e-37
1.81797e-37
3.69544e-38
7.18895e-39
1.33236e-39
2.33913e-40
3.85698e-41
5.88516e-42
8.06507e-43
9.20785e-44
6.43704e-45
-6.27036e-46
-4.04393e-46
-1.16729e-46
-2.7031e-47
-5.87847e-48
-4.80985e-33
1.6664e-30
2.56024e-27
-6.70464e-26
-9.02467e-25
-7.59597e-25
1.61406e-24
4.03496e-24
3.17017e-24
-5.4676e-24
-1.18758e-23
-9.49558e-24
-5.54073e-24
-3.28229e-24
-1.74222e-24
-7.24632e-25
-2.23919e-25
-4.73965e-26
-3.12448e-27
3.01772e-27
1.99162e-27
8.34933e-28
2.89084e-28
8.93594e-29
2.55724e-29
6.91735e-30
1.79298e-30
4.49831e-31
1.10089e-31
2.64283e-32
6.24066e-33
1.44917e-33
3.29972e-34
7.33316e-35
1.58223e-35
3.29726e-36
6.60456e-37
1.26569e-37
2.30903e-38
3.98442e-39
6.44016e-40
9.5834e-41
1.26633e-41
1.34752e-42
6.95601e-44
-1.71486e-44
-7.79647e-45
-2.09042e-45
-4.66395e-46
-9.9494e-47
-2.15245e-30
1.62753e-28
4.35579e-25
-3.60708e-24
-6.80116e-23
-6.48475e-23
3.63771e-23
1.37734e-22
1.53071e-22
-1.33888e-22
-3.68109e-22
-2.85474e-22
-1.53369e-22
-9.04592e-23
-4.83809e-23
-1.9768e-23
-5.86074e-24
-1.1935e-24
-8.27483e-26
6.60586e-26
4.33784e-26
1.78624e-26
6.07058e-27
1.84327e-27
5.18634e-28
1.38035e-28
3.52181e-29
8.69859e-30
2.09588e-30
4.95389e-31
1.15205e-31
2.63575e-32
5.91594e-33
1.2966e-33
2.75993e-34
5.67472e-35
1.12132e-35
2.11886e-36
3.80801e-37
6.4631e-38
1.02464e-38
1.48748e-39
1.89372e-40
1.86312e-41
5.58848e-43
-3.66494e-43
-1.38069e-43
-3.50209e-44
-7.57525e-45
-1.5894e-45
-7.73613e-28
-6.45371e-28
6.2083e-23
-1.3126e-22
-4.47913e-21
-4.24918e-21
-1.22838e-22
3.65246e-21
6.9171e-21
-1.97709e-21
-9.91798e-21
-7.75647e-21
-3.74187e-21
-2.22484e-21
-1.21423e-21
-4.83517e-22
-1.33179e-22
-2.47575e-23
-1.32348e-24
1.42577e-24
8.71739e-25
3.47704e-25
1.15623e-25
3.45086e-26
9.56863e-27
2.51368e-27
6.3359e-28
1.54666e-28
3.68368e-29
8.60694e-30
1.97866e-30
4.47529e-31
9.9304e-32
2.15158e-32
4.52676e-33
9.19694e-34
1.79486e-34
3.34721e-35
5.93029e-36
9.9049e-37
1.54061e-37
2.18129e-38
2.66997e-39
2.39508e-40
5.94846e-43
-6.82083e-42
-2.2673e-42
-5.49584e-43
-1.15683e-43
-2.39077e-44
-2.05981e-25
-7.32718e-24
6.68376e-21
-1.62852e-21
-2.32845e-19
-2.19538e-19
-6.1459e-20
6.34774e-20
3.12959e-19
1.85938e-20
-2.142e-19
-1.9259e-19
-7.91349e-20
-4.78156e-20
-2.73352e-20
-1.04328e-20
-2.48659e-21
-3.66754e-22
5.53052e-24
3.14348e-23
1.61942e-23
6.10239e-24
1.97263e-24
5.78656e-25
1.58524e-25
4.12556e-26
1.03162e-26
2.49996e-27
5.91217e-28
1.3716e-28
3.13014e-29
7.02524e-30
1.54605e-30
3.32014e-31
6.91855e-32
1.39109e-32
2.68432e-33
4.94437e-34
8.63983e-35
1.42024e-35
2.16644e-36
2.98714e-37
3.49788e-38
2.78161e-39
-1.04259e-40
-1.14874e-40
-3.46818e-41
-8.07598e-42
-1.65738e-42
-3.3755e-43
-3.36526e-23
-3.91564e-21
4.19737e-19
8.85248e-20
-7.98471e-18
-9.08874e-18
-3.87995e-18
4.51925e-19
1.51919e-17
2.36819e-18
-2.98922e-18
-4.7647e-18
-1.43637e-18
-8.50745e-19
-5.51774e-19
-1.94597e-19
-3.32053e-20
-1.50739e-21
1.22718e-21
6.9523e-22
2.77015e-22
9.53262e-23
2.96614e-23
8.5483e-24
2.32119e-24
6.01214e-25
1.49905e-25
3.62512e-26
8.55688e-27
1.981e-27
4.50883e-28
1.00834e-28
2.20854e-29
4.71402e-30
9.74998e-31
1.94309e-31
3.71115e-32
6.7553e-33
1.16431e-33
1.88265e-34
2.81207e-35
3.76194e-36
4.16877e-37
2.75366e-38
-3.02497e-39
-1.77992e-39
-4.94844e-40
-1.10921e-40
-2.22041e-41
-4.45509e-42
-4.06967e-21
-1.96767e-18
4.00226e-16
-7.06653e-16
-2.898e-15
-3.73757e-16
-2.0686e-16
4.5469e-15
7.18882e-16
7.81481e-17
-1.08383e-15
-1.45359e-16
-2.10251e-17
-1.07321e-17
-1.04082e-17
-3.0418e-18
-1.36582e-19
1.14167e-19
4.6365e-20
1.40523e-20
4.24276e-21
1.29423e-21
3.84038e-22
1.08863e-22
2.94508e-23
7.63995e-24
1.91181e-24
4.64299e-25
1.10058e-25
2.55729e-26
5.83555e-27
1.30633e-27
2.85836e-28
6.08174e-29
1.25118e-29
2.47501e-30
4.6823e-31
8.42379e-32
1.43117e-32
2.27258e-33
3.31229e-34
4.2657e-35
4.37037e-36
1.97451e-37
-6.10473e-38
-2.5529e-38
-6.57721e-39
-1.4191e-39
-2.76917e-40
-5.4679e-41
-1.24812e-14
2.37257e-14
6.41517e-14
-7.40985e-13
-3.1143e-13
2.56218e-12
1.42286e-12
2.05663e-13
-3.99686e-14
-4.50891e-13
-6.0501e-14
-4.43316e-17
-2.41918e-17
-1.23616e-15
-2.19106e-16
-3.55188e-17
7.06625e-18
4.09411e-18
1.01708e-18
2.23378e-19
5.36277e-20
1.45208e-20
4.12549e-21
1.16014e-21
3.15736e-22
8.2798e-23
2.09713e-23
5.15481e-24
1.23598e-24
2.90174e-25
6.67827e-26
1.504e-26
3.30082e-27
7.02194e-28
1.43984e-28
2.83031e-29
5.30533e-30
9.42762e-31
1.57603e-31
2.44878e-32
3.45778e-33
4.21738e-34
3.77959e-35
1.8114e-37
-1.02455e-36
-3.38649e-37
-8.11005e-38
-1.68214e-38
-3.1952e-39
-6.19857e-40
-1.61659e-12
9.61556e-12
-1.42394e-11
-4.85628e-11
1.69229e-10
1.30977e-10
2.85961e-11
-1.54466e-11
-1.4892e-10
-2.41238e-11
2.64798e-15
-2.61723e-13
-1.82215e-13
-3.28298e-14
-6.34763e-16
7.30972e-16
4.7396e-16
7.11144e-17
1.19517e-17
2.1591e-18
4.6517e-19
1.21326e-19
3.46148e-20
9.93496e-21
2.77122e-21
7.44615e-22
1.92957e-22
4.84549e-23
1.18526e-23
2.83349e-24
6.62192e-25
1.50874e-25
3.33545e-26
7.11558e-27
1.4568e-27
2.84743e-28
5.28536e-29
9.25837e-30
1.51679e-30
2.28869e-31
3.08383e-32
3.42957e-33
2.25128e-34
-2.57937e-35
-1.49141e-35
-4.12684e-36
-9.20761e-37
-1.8328e-37
-3.3824e-38
-6.43284e-39
5.88295e-10
8.5072e-10
-5.60307e-09
4.63658e-09
3.45238e-08
7.13046e-09
-1.63165e-07
-8.19494e-08
-1.03554e-08
1.22942e-12
-5.63814e-12
-4.02845e-12
-1.61029e-12
5.58946e-13
3.34003e-12
8.55147e-13
1.81425e-14
1.29268e-17
9.16179e-18
4.54079e-18
1.80562e-18
6.39918e-19
2.10754e-19
6.53824e-20
1.92047e-20
5.3701e-21
1.43999e-21
3.73198e-22
9.40535e-23
2.31103e-23
5.52948e-24
1.28295e-24
2.87067e-25
6.15951e-26
1.26071e-26
2.44913e-27
4.49109e-28
7.71691e-29
1.22784e-29
1.76881e-30
2.1912e-31
1.97599e-32
2.5345e-35
-5.74e-34
-1.89612e-34
-4.56337e-35
-9.51319e-36
-1.81463e-36
-3.24701e-37
-6.03892e-38
6.12309e-08
-3.59401e-08
-2.04279e-07
6.23438e-07
1.29362e-06
-4.64896e-06
-4.18693e-06
-1.07072e-06
-3.26832e-08
4.2085e-11
-4.17612e-11
2.21077e-11
1.64213e-10
1.53168e-10
5.95157e-11
7.69577e-12
3.40771e-16
5.97835e-17
3.27502e-17
1.64384e-17
6.98264e-18
2.71597e-18
9.81897e-19
3.27258e-19
1.01186e-19
2.94832e-20
8.22306e-21
2.22108e-21
5.84277e-22
1.49603e-22
3.70974e-23
8.84826e-24
2.01646e-24
4.36584e-25
8.9362e-26
1.7206e-26
3.09631e-27
5.15404e-28
7.78198e-29
1.0201e-29
1.01773e-30
2.68113e-32
-2.22337e-32
-8.25742e-33
-2.08806e-33
-4.49661e-34
-8.79377e-35
-1.60613e-35
-2.78106e-36
-5.04387e-37
-6.41433e-06
-0.000184082
0.000130239
0.000436407
-0.000849003
-0.00217332
-0.000158289
0.00948085
0.0271012
0.0417824
0.0414873
0.0280974
0.0116547
0.00192453
2.44235e-11
1.12396e-11
3.79762e-12
3.0238e-13
2.13172e-17
4.20379e-17
1.95454e-17
8.71711e-18
3.49035e-18
1.1853e-18
3.59158e-19
1.04114e-19
2.99316e-20
8.61164e-21
2.45465e-21
6.80628e-22
1.80497e-22
4.52378e-23
1.06379e-23
2.33642e-24
4.77345e-25
9.02019e-26
1.55996e-26
2.41515e-27
3.17247e-28
2.94463e-29
-3.36235e-31
-1.08787e-30
-3.64952e-31
-9.06971e-32
-1.95519e-32
-3.851e-33
-7.09914e-34
-1.24135e-34
-2.07601e-35
-3.65945e-36
-0.00148881
-0.00396405
0.00239759
0.00527859
-0.0128909
-0.0241721
0.0124182
0.112858
0.255904
0.374825
0.391002
0.312139
0.182541
0.0720212
0.0138136
5.84405e-05
1.38297e-09
1.86646e-10
2.2763e-13
3.34912e-16
3.06693e-17
2.02303e-17
8.95248e-18
1.91746e-18
7.67271e-20
-5.25716e-20
-1.41329e-20
9.31817e-22
2.27636e-21
1.17506e-21
4.27872e-22
1.27718e-22
3.29176e-23
7.48339e-24
1.5075e-24
2.65715e-25
3.91035e-26
4.03596e-27
-3.52891e-29
-1.69911e-28
-6.16228e-29
-1.63702e-29
-3.74712e-30
-7.79569e-31
-1.51125e-31
-2.76817e-32
-4.83298e-33
-8.08961e-34
-1.30339e-34
-2.22211e-35
-8.87595e-05
0.00333453
0.0103637
0.00446154
-0.0270273
-0.0333438
0.0583661
0.254325
0.506983
0.757591
0.891114
0.83036
0.596416
0.313769
0.107938
0.0149862
4.19763e-06
1.75437e-09
1.49035e-11
3.50772e-16
5.23262e-17
4.1898e-17
1.41379e-17
-1.39928e-17
-1.37773e-17
-4.5658e-18
-1.22226e-18
-2.88339e-19
-6.05303e-20
-1.12258e-20
-1.81692e-21
-2.54863e-22
-3.26129e-23
-5.06562e-24
-1.36707e-24
-4.80575e-25
-1.59511e-25
-4.69207e-26
-1.23632e-26
-2.97252e-27
-6.62178e-28
-1.38248e-28
-2.72831e-29
-5.12249e-30
-9.19522e-31
-1.58403e-31
-2.62607e-32
-4.19799e-33
-6.4785e-34
-1.05705e-34
-0.000992564
0.00636919
0.0201359
0.00878996
-0.0413727
-0.0525152
0.0801642
0.346012
0.627303
0.871779
1.05978
1.08972
0.917515
0.590598
0.270455
0.0727784
0.00409693
1.44071e-08
1.23239e-10
-4.11224e-14
-2.10099e-15
3.9481e-17
-4.60498e-16
-1.15295e-15
-1.99306e-16
-4.00316e-17
-9.14792e-18
-2.13784e-18
-4.85264e-19
-1.05272e-19
-2.19857e-20
-4.51472e-21
-9.35289e-22
-1.99156e-22
-4.3689e-23
-9.74418e-24
-2.16737e-24
-4.72787e-25
-1.00035e-25
-2.04095e-26
-4.00548e-27
-7.55833e-28
-1.37207e-28
-2.39816e-29
-4.03906e-30
-6.55798e-31
-1.02629e-31
-1.54627e-32
-2.23725e-33
-3.36608e-34
-0.00222603
-0.000860286
0.0171295
0.0202271
-0.034471
-0.07891
0.0292562
0.312995
0.62489
0.854541
1.01615
1.08114
0.98296
0.709253
0.379057
0.133136
0.0188668
-2.1557e-10
-8.18346e-11
-4.14279e-12
-1.0838e-15
-8.16624e-14
-2.43788e-13
-3.32901e-14
-6.10502e-17
-2.78074e-17
-1.31607e-17
-4.48459e-18
-1.27228e-18
-3.23445e-19
-7.72434e-20
-1.78822e-20
-4.0831e-21
-9.23761e-22
-2.06238e-22
-4.50959e-23
-9.58764e-24
-1.97143e-24
-3.90778e-25
-7.45437e-26
-1.36732e-26
-2.41038e-27
-4.08084e-28
-6.62578e-29
-1.02874e-29
-1.51922e-30
-2.11252e-31
-2.7114e-32
-3.07117e-33
-2.69434e-34
-0.0010593
-0.00632741
0.000717161
0.01979
-0.00258446
-0.0664037
-0.0518086
0.132869
0.425313
0.711848
0.945073
1.06318
1.00085
0.75416
0.429431
0.168817
0.0335198
0.000212496
-4.56091e-12
-1.09005e-12
-1.87543e-11
-3.84462e-11
-6.45858e-12
6.39123e-16
8.37558e-17
1.16684e-17
1.30346e-18
-2.62537e-19
-2.8442e-19
-1.38984e-19
-5.22436e-20
-1.6785e-20
-4.80896e-21
-1.25616e-21
-3.0313e-22
-6.81401e-23
-1.43417e-23
-2.8337e-24
-5.25604e-25
-9.12e-26
-1.46657e-26
-2.13941e-27
-2.68467e-28
-2.41723e-29
2.43413e-31
8.5882e-31
2.90169e-31
7.33501e-32
1.62522e-32
3.80096e-33
0.00110801
-0.00161623
-0.00686805
0.00225785
0.0162187
-0.00793765
-0.062654
-0.0507955
0.11105
0.402792
0.711931
0.889009
0.865659
0.672948
0.403475
0.172916
0.0418566
0.00136535
-4.60705e-09
-1.19696e-08
-6.23897e-09
-8.79832e-10
4.18635e-14
9.95409e-15
2.74568e-16
4.63577e-17
1.46569e-17
4.29265e-18
1.17226e-18
3.06774e-19
7.90117e-20
2.03477e-20
5.25245e-21
1.35019e-21
3.42465e-22
8.50493e-23
2.05788e-23
4.83992e-24
1.10584e-24
2.45605e-25
5.30864e-26
1.11825e-26
2.29886e-27
4.61791e-28
9.07372e-29
1.74533e-29
3.28825e-30
6.07031e-31
1.09829e-31
2.20388e-32
0.000148748
0.00200473
0.000844401
-0.00402106
0.002184
0.014702
-0.0019756
-0.0490049
-0.0507267
0.0646431
0.280374
0.466953
0.496103
0.399989
0.239996
0.1012
0.0237952
0.000662052
-5.13021e-07
-4.0524e-07
-9.68629e-08
-1.47687e-09
-2.32232e-12
1.29972e-14
9.41707e-16
5.29618e-17
1.36685e-17
4.90836e-18
1.70429e-18
5.50846e-19
1.67087e-19
4.80607e-20
1.32182e-20
3.49718e-21
8.93835e-22
2.21333e-22
5.3207e-23
1.24365e-23
2.82992e-24
6.27567e-25
1.35755e-25
2.8668e-26
5.91378e-27
1.19229e-27
2.35029e-28
4.53119e-29
8.54592e-30
1.57703e-30
2.84794e-31
5.70759e-32
-0.000262606
-0.000437036
0.000441726
9.65047e-05
-0.00187631
0.000107731
0.00618029
0.00203356
-0.0175805
-0.0230836
0.0128039
0.0728161
0.103878
0.091103
0.0542549
0.020458
0.00315721
-1.04544e-05
-5.09516e-06
-1.76908e-06
-2.03699e-07
3.26642e-11
7.974e-12
7.03267e-13
6.71623e-18
2.05156e-17
1.26419e-17
5.30655e-18
1.82208e-18
5.53895e-19
1.5606e-19
4.20493e-20
1.10716e-20
2.88397e-21
7.45868e-22
1.91011e-22
4.81682e-23
1.18937e-23
2.86317e-24
6.70171e-25
1.5232e-25
3.36049e-26
7.19822e-27
1.49783e-27
3.02987e-28
5.96255e-29
1.14236e-29
2.13225e-30
3.87971e-31
7.82795e-32
2.96366e-06
1.31188e-05
-1.85284e-05
-1.33143e-05
0.000103254
1.73501e-05
-0.000454501
-0.000210732
0.00167477
0.00244391
-0.00200745
-0.0110484
-0.017748
-0.0173673
-0.0119123
-0.00547946
-0.00139573
-5.75174e-05
5.56949e-07
3.28613e-07
7.31246e-08
1.01129e-09
4.5851e-14
-1.59827e-14
-2.17239e-15
-1.50193e-16
-3.05419e-17
-6.63479e-18
-1.2795e-18
-2.01416e-19
-1.8105e-20
3.59319e-21
2.82104e-21
1.13074e-21
3.68853e-22
1.07519e-22
2.90085e-23
7.36972e-24
1.7806e-24
4.11756e-25
9.1534e-26
1.96233e-26
4.06641e-27
8.1587e-28
1.58666e-28
2.99274e-29
5.47582e-30
9.71586e-31
1.67026e-31
3.13309e-32
2.47667e-08
-5.82017e-07
5.57562e-07
1.48092e-06
-4.87686e-06
-5.59331e-06
2.82184e-05
3.29055e-05
-0.000114375
-0.000253252
9.07346e-05
0.00108481
0.00212092
0.00235643
0.00184161
0.000995443
0.000333598
3.96295e-05
-6.07955e-08
-4.62163e-08
-1.59029e-08
-1.48571e-09
-4.35863e-15
1.71644e-16
5.93052e-18
-1.21955e-17
-6.4356e-18
-2.33069e-18
-7.07382e-19
-1.93431e-19
-4.99549e-20
-1.26252e-20
-3.19407e-21
-8.15535e-22
-2.09494e-22
-5.37073e-23
-1.36338e-23
-3.40809e-24
-8.36231e-25
-2.01084e-25
-4.73572e-26
-1.0921e-26
-2.46598e-27
-5.45226e-28
-1.1804e-28
-2.50233e-29
-5.1944e-30
-1.05588e-30
-2.10192e-31
-4.75067e-32
)
;

boundaryField
{
    movingWall
    {
        type            zeroGradient;
    }
    fixedWalls
    {
        type            zeroGradient;
    }
    frontAndBack
    {
        type            empty;
    }
}

